"Tr","x1","x2","x3","M","Y"
0,4.07732545820757,-3.48965379321266,-13.2651391320867,9.87314848605508,5.92544196943709
0,0.878416772822333,-3.01116744050307,-5.11125193985323,9.77505479746414,8.98956947555854
0,10.9538646217468,59.3834318066593,2.03939617841283,10.6842431211369,11.100712464608
0,0.840507427077442,-11.5875238462145,-7.58910635044449,11.0447931379678,11.124542282923
1,-46.2487786349685,10.245802419531,18.9958221841589,11.7794093149967,17.572254578601
1,4.51059551808354,19.0856379074051,28.1303936888901,10.9952176559074,15.7363403549866
1,3.95377087964744,-0.865355768973132,-22.7225347911567,13.7326203784369,23.6147683799453
0,-11.6841759257293,10.6425499272099,-7.87398479874547,9.74977040424753,9.35273452121034
1,-5.6039464396801,-25.0443624136972,-4.14021393053539,14.1404823939457,22.4292448692481
1,14.5163772425312,1.62027071006886,4.2241099283717,15.1389603263884,21.6003840780056
0,32.6525374993323,22.5446882658676,7.47854426816404,12.5185616147508,12.4663367227603
0,6.8890564482726,-2.53843978536467,4.23734612165838,9.29870050831085,8.75863236603625
1,-0.152510269040145,-29.7304472124904,-48.137061089024,15.1663086255676,19.9191532642943
0,-45.4429869938974,-19.5409213855491,16.3062081902231,12.5781761382854,11.6821060515313
0,4.63298282564179,-5.19109267913701,-49.1512242800354,10.5726173601872,12.4057008671315
0,25.74759680374,-9.38197428261377,11.6365972852932,8.63296230308516,9.59566004534076
0,6.79047815021856,5.53597091396727,-1.29916341393568,10.8624985870391,11.1304117131885
1,-9.75981172937506,-4.71366064720024,19.2319060844328,11.3209268406276,17.661825099321
0,-29.6790085958323,-2.74610494969481,-1.35419722229373,10.8378058601383,11.1158481895531
1,13.7585230873979,9.24532213128685,23.3989077689603,11.6643969095579,19.4785930353162
0,18.977422621909,-3.24571227772105,0.163095098613362,10.3113145821369,9.07321973176123
0,-7.54986645039271,16.9621029657178,-9.08661026457658,10.5160220072867,10.6951680431308
1,-29.829935996678,-18.7105466649825,-11.4766292275893,14.9513564068993,25.0489187902999
1,6.95363025479202,24.5791300891811,-11.9804822623286,12.3350431848425,21.2803524574186
0,2.77675778472606,19.951849797905,10.977621087,10.5759409267321,10.8062666481075
1,13.3769647866162,13.2704395475822,-1.1927405027767,12.9860804599211,19.2805690128794
0,-24.0714587060073,0.996533060891729,7.87876822227341,10.4072486986679,11.3277552860527
1,13.9892843964004,-1.8405344989005,-0.170654158117436,11.0841212994752,18.1722791250646
1,4.64654281756398,16.2518449462683,-4.71297629696472,10.8622622102627,15.4579039959139
1,-6.11643847029733,-27.0412017047154,-8.80989655879792,14.1034919469847,20.4273291089473
0,-38.5178162813252,22.4289470568566,-5.13795453505276,11.7725721539044,12.0603911190077
0,33.1405733803891,-5.72918787647262,-11.008326241516,11.1490475813956,10.5721301821641
0,0.955076608728792,-5.38835821250742,-21.3288423831277,9.73308053154323,11.4541369926797
0,-20.9424574048839,14.4156142452084,12.4489300857096,11.1874167306773,8.84692863435178
0,-12.8396665611857,47.2961206618879,9.33350775175046,10.2282910786466,11.6611377727071
0,12.0598452364812,-12.3755049171752,36.023081641458,12.0857984786201,11.0689566281071
0,11.0532294815486,-18.7509366660627,4.9510515220537,10.2158041639635,7.47007070082407
1,-0.240607804000436,6.02666350406804,-0.106100640697367,13.008609034727,19.8745907194447
0,16.9010398947437,-3.15114051985656,11.0169503955458,10.1225153598482,9.15468029689806
0,10.4210481850941,5.07773218590922,-2.71135597809218,9.33692622920765,8.98297080491486
1,37.4193622679543,-5.56091148808871,-60.6718696590085,11.3876028471782,17.4191587957895
0,-2.46959936939674,29.6832934149755,-5.28664470985664,10.1741148566043,10.4382647939515
0,13.3899964838978,55.6556852890793,63.5738525650943,11.8191771898277,14.7125506351652
1,2.73902485613815,18.238918662869,3.5681358217503,14.1610623275626,21.6372172460328
0,-4.95344966177557,3.25083635807586,54.8068779319347,10.2136585951253,8.68824367162276
0,-1.85197268128528,19.0716827562581,-17.6138590685058,9.830799659129,9.20062993911043
1,1.3229339217143,-3.1361406621461,-7.83802782246725,12.4455355579718,17.7204747880857
0,2.62032977513997,-40.2031384978522,38.296924984875,11.1100515496842,12.3432947382499
1,0.452468696255774,-6.7783077238642,0.268103199682841,12.3166994554318,21.6390152067559
0,-8.18847924354107,0.402662916303099,-37.447142836388,8.37904342853306,10.2284083865956
0,1.99353300676756,2.62280979351852,-0.832095681246252,9.16803928945879,8.80188477923539
1,-19.3402467434682,-8.79498158529725,32.2104957654693,13.1139718869584,18.0338238166641
1,9.37631294422802,0.766849216390725,6.6548996682586,11.924482942436,19.3641654123191
1,13.697779612212,29.2187133810293,15.2404642612834,13.9750713700098,22.5705952502385
1,5.76078919540871,54.855937837269,16.3939624503102,13.6167951149485,23.7902699975745
0,9.22137464316765,1.55814600983229,-9.58813589481198,10.938243440093,11.565987700489
1,1.29322436029659,-22.8597970906817,8.70535879107341,10.9541292468202,17.4709221974596
1,-25.6863579796112,-18.2783582875744,3.6794050774115,13.3400703674139,16.9564026176062
1,1.3340314358153,-7.48026290158999,21.2535657983974,11.4207526917604,20.6294642567828
1,9.82870035284985,6.50283573427815,17.9967072658099,12.1299429982886,19.6220761005301
0,11.682050842948,6.25381861070183,-19.5623647797429,9.4132074927824,9.70958531725484
0,23.7924153874683,8.03931206477581,-8.82590506220788,11.1024768059849,10.6912684399782
0,0.569237166724473,-16.1254171067451,-10.7589541546029,9.71775010742085,10.0810878193012
1,4.96630259983665,-12.2084020090433,-10.2657159633209,12.0355362432246,16.5125945874817
0,-9.66606037968077,-0.557419703466657,-14.4409993134547,11.4623924076474,12.4915855117279
0,4.29674136791448,-5.73526234845969,-12.6382175960004,9.72020996812476,8.62270078645098
1,-1.45793077088402,-0.416364086608821,-7.41203794379125,12.5979620454282,17.9285503526645
0,-11.4713645600807,4.3861776677946,-35.3771075235873,10.2897058541363,7.51316124450775
1,3.53553589575371,27.6426273853884,-25.2432420747773,12.1122807151623,16.3091121889111
1,-4.08258059948767,-15.4332211010629,-1.59477179597274,11.4249315697682,16.3973789749398
1,2.0581381196651,-1.38045188647373,-19.6289261784946,13.1673491872707,21.6675234755711
0,6.38417680116472,-7.42284131512351,-1.05969668507541,11.3419333688232,12.8736258043931
0,-35.8230420374735,-5.77120188807621,-1.82856036717852,9.81184791784594,9.38460158938565
1,27.582122684661,12.5515692643414,-7.92106381134793,13.4244802146685,22.2462273139675
0,-10.7269376054432,-35.2456134686855,-38.6753226947177,9.92298649328375,7.28786149492198
1,-1.93167707646812,-1.98481627112749,20.484467325012,11.6030060876227,19.183471995595
1,-7.73736869756932,26.2869862871265,-34.8895824429529,13.4096465158747,19.0006186249756
1,-32.7580881694203,23.785213782184,34.5221016842727,12.7492328564621,23.6178691961447
1,5.35647235517301,14.8246375084206,-15.0934458978922,9.66501224763763,16.6337591208758
0,-1.33703229229269,-8.0369071116185,30.3263355879097,9.86405195195155,12.4958229971267
0,2.49739328105997,-21.4961861118917,0.845057028725744,10.0455162096456,10.3376861728673
1,9.16742904890938,-11.4791452653472,7.22103547226497,13.2053701162092,21.0675762750291
1,-8.08632887446206,1.12283812580901,-21.1202021407967,13.9483395488954,24.3225595797651
0,2.53503775008969,6.52335070339239,6.46532520414326,10.3533567888986,11.665239568219
1,3.37356361363583,9.66087063030378,-61.2007219169215,12.0548641461577,19.071183996249
0,6.70826601721585,-2.48468630322247,17.9451557541937,10.0733553778843,7.27415971843844
1,23.0739629222104,-5.42271765166094,-12.2517978146497,13.7806932121773,15.869948794345
0,-7.36306314311273,7.22919509049251,-1.00239603578174,8.94125298454931,10.8320306011616
1,21.9952850967908,7.5175778893181,90.7942975893888,14.0149008243639,21.525473360413
0,10.2750032633444,-51.8766457514133,11.107979241618,10.7830368545778,10.8952515507832
0,11.5950003058351,-8.76371650744949,-16.9904843058218,9.53873115901951,8.67230455380516
1,1.1777308302143,-24.1450507057392,1.19593541442144,10.81796359585,16.2193309296315
1,-1.30220977797075,-11.8105199715176,-12.5713851024171,11.6228057599086,15.5539474134077
1,9.40599784840795,-9.3463329749791,17.5440188905453,12.7854164343907,20.3758738568922
0,-9.658264194509,9.87727552004005,8.11542471487684,11.5191700369075,12.0094799406324
1,-6.95253825361919,7.94940932700723,-50.0574383311281,12.6896699240125,20.8409322486092
1,24.2223395266643,6.35464588712925,-3.34174454846927,14.4490149170718,20.181687494503
1,1.44074878922883,-10.2100437145168,-8.18297812653245,13.2584540340356,20.9345187370509
0,13.5128088532827,67.3112771939316,27.6652086926649,9.6245922994154,8.68967210428776
1,-3.93130392846589,27.4625496527098,-22.1896850638601,12.7873874541827,17.2561348126876
1,-12.506380185901,-15.3024759238971,-0.457410907888972,12.5609850536873,16.3065642327802
1,0.823518078665902,33.4727712625923,-9.34735323792266,13.1558611471813,19.6812976000301
0,-0.180313898010266,-12.1309658537322,11.7601068193283,9.89150784670144,9.3080516447901
1,6.65299999963947,-26.8212482906923,-35.3044882154388,11.1740653750035,15.0519072230493
1,5.02828499397403,10.653303382736,18.7971349186781,10.7757703455061,16.7216676797052
1,8.34185649096357,13.855952039638,-28.7492971258257,12.5236573394818,19.9819754967574
0,4.82470854583641,-0.884738003049388,-21.0589963266551,9.77195543620981,8.00544444793748
0,6.06425548551562,19.9865318833128,15.9460211594748,12.1354712730197,13.6470348378211
0,21.6272366738928,-1.39307714778369,-9.19950194270476,9.53661653970038,10.0471838042486
1,4.02204309107879,11.9331021757526,-2.03550290793899,12.3774141878986,18.2408779346713
0,11.8470100186118,56.6452180412774,-30.3188881478287,10.1933471095118,12.1369528326603
0,2.52776979448983,-21.2616940265754,1.52652218316539,13.242295320767,14.1778610283712
0,-10.0818406381817,-11.134225203246,17.4466467916698,9.73638017005836,7.95863933431975
0,-0.868666973440637,35.4535650032067,6.85612341411627,12.5502959840104,12.5972472596273
1,5.71739062436077,-14.5879315790414,0.359727410148328,12.6486032938244,21.9995111988632
0,-1.08170649607081,0.0977887160618375,-12.3516917276277,10.3419510578339,11.5955691768133
1,7.70463863204018,13.8009767478722,27.9670404783326,10.5349281801182,17.4372920543346
1,0.904130857024964,-8.13837771844416,-3.37958690392919,11.5145569326025,20.3720585445562
1,8.0853242060428,-30.4914593102494,-2.81513540562137,12.7159588382427,18.8239553123476
0,-3.53870130007028,-24.1712660672556,-1.97955565226815,9.52117224898891,9.44025087192482
0,7.64299702968806,-22.7793049780752,26.1435129363567,10.3300070271562,6.76944714151367
1,26.3420137420108,-5.42709486761647,-62.3416312453898,14.1573935418816,20.0427186939802
1,32.546885719518,11.6939291507044,49.8127803109043,11.7890606087313,18.3413447021703
1,15.8972857040761,-13.9261311986546,15.6327256588997,12.9779891939431,23.706260701769
0,0.446723357687681,22.8040757540853,-13.8803705328976,9.216732036174,10.0717596280165
0,6.05350070806968,30.4837468146353,1.16581110045939,12.4581786087472,9.00743797762197
1,23.9678682523682,-7.49554351705907,-9.05008844249558,13.9741853949986,22.3157579540653
0,24.2316829180497,0.0165341419464741,-6.60050238823508,10.3537034610555,9.1185484905654
1,24.5428437282218,31.4382053203912,12.9247539049637,13.3835006645786,19.7723717954066
1,-55.3931864820396,-3.67197115482138,6.81461056595839,15.2964621032743,27.1984788566582
0,13.1039535160979,-7.26044738547126,-19.1651404296535,10.9008446784642,6.66093884304714
0,-12.940177239386,-3.38232278303702,22.7175503489694,10.2834309417557,10.1986697316227
0,0.584238732751424,-50.6011579661871,19.3697769998935,11.2968794092126,12.3078280945171
0,-12.6223784746595,36.1069604795174,11.4839063589658,9.94695341721785,12.1126406122102
0,7.64683069989221,-16.3418976128193,36.5047080123264,11.713703247431,11.5468206132698
0,1.08213677266124,-0.104029978008376,-50.5555433921505,10.3405777163959,10.4881949266908
0,-14.1743738812955,-21.0039539128837,45.9673188289646,11.4754917306819,4.35651614028997
0,14.0870324344737,1.30684898421882,-5.69957519246071,9.70220740458539,11.3289475377952
0,-0.732175753393915,4.10945724221442,-3.96419957947936,10.9040795216992,11.9742297912047
1,6.34812974412191,-3.36984816070721,13.103184542726,12.1130480356421,20.0585851678254
0,-5.69584622145997,-0.176161736150311,4.95285734322504,10.3577325083911,11.6187123212056
1,-16.4815781663881,-10.5847110226746,-11.98525839601,12.121378074869,17.5287964798603
0,1.62615233943605,16.1325563773099,2.12857021346663,10.8742632145576,10.5837309207064
1,7.64341721140353,10.0809192436373,26.3236903503434,11.2574411521455,20.5378135712277
1,-9.39143828893797,14.9727125563895,-9.75286135457981,11.1789112869978,18.3666522662909
1,-4.4531556255242,25.8361048744258,-4.37484803529407,13.1793359819654,20.5443888548304
1,20.9560840269072,11.0676881413604,11.1978026285799,12.9018230168,20.9810278319759
0,4.75377579928706,-2.30108893756358,7.95511676597271,9.50223888700731,9.02054109358869
0,-0.572324870870292,-7.55024100686813,6.58895284029686,10.7122124996922,12.6277132665245
0,-1.83334285080005,-5.43795520599496,-7.35508090850349,11.4107647797694,11.6231913886131
0,-8.42078345868135,-1.94976706941206,-19.5491248820405,8.44651133807106,9.14423201835443
1,-12.5119774723072,11.3259325291801,-5.93649907137457,10.5495600341225,15.4991530641811
1,12.3719355500727,-23.350364039489,1.91150149518919,12.3074627258036,17.9894174122548
0,0.942108114734759,9.96541892091705,2.54693759197572,9.29726667382402,8.92462566684344
1,-12.7227080857711,15.940903321251,14.3891028753108,13.5720053342848,17.0504096084976
0,-0.38588866520285,-19.3749866072457,-37.786056110681,9.93574555762308,8.62297003573529
1,-2.70538450223451,7.51895095923052,39.7211649439569,10.7481321799464,14.5484887120113
0,-11.3353486832849,-3.41814739543106,-7.09884919177946,9.14049196954558,9.45616631967704
1,14.8512678373402,22.1991214978658,-7.94518500305754,11.6207735497906,19.1538783910523
1,-3.92642044440824,5.06133433442727,-34.4860102385663,13.6849611718188,22.7333093747004
0,-12.7452839496917,-9.32950072964972,1.15523955844866,11.9663823533059,13.292699211686
1,-20.2131652397572,-12.8327508281523,4.06583147610826,11.3479022290517,17.801244015848
0,-11.2998525185026,-13.9695636910007,5.43671888795092,9.15697016006492,8.11603381808091
0,-9.64898536694566,3.72828448119612,-2.26907252579663,8.68383274915256,7.86567252836899
1,-5.01397608698252,-3.78657588997,-31.2905049063156,11.6870233550823,18.9595963648834
0,-0.390773766613332,29.1005433613413,54.2133028155386,11.0255119043085,8.77880007360707
1,-3.88231621637732,3.01530642734508,43.3014177331492,12.3378166651215,18.6081543363356
0,-7.48004306415515,9.09474149895038,-1.81249636946578,10.5731716586219,10.296289598038
0,-0.574702582768403,19.3484536632373,-24.1815739648406,9.39292721956119,10.2724945629106
0,-14.7956912047784,11.4397092485308,22.0310046625644,10.7012334113106,9.54956237987171
0,-1.14279703531219,2.6748976960112,56.8750333251889,11.4247836758707,11.700085786536
1,10.0780090171706,-7.55026891367952,2.77750071916461,11.7417839202557,17.1220478446087
1,5.16745702665434,6.31979758918351,24.6559731959795,11.8428974068192,19.9241892736152
0,-5.34486990886082,-1.60639142252533,-2.46268867373649,10.069001047058,11.609789074493
0,-14.7419390413702,17.0577343183792,-19.4249664706592,8.48559091469684,6.50196399117685
1,52.6232077919324,13.5830928668838,8.80294018443926,13.8466709486974,21.5990021660774
1,2.4815480138461,15.0177208823386,-27.3323822052136,11.6313309858848,17.2001864259714
0,-5.88558504468875,-9.68970316738579,-2.42380734116892,9.32479380799354,9.51783120701911
1,0.897699414539227,2.49735504330061,-1.94072507001303,11.8787714603125,19.965416158735
1,3.30948190784861,8.25943562618505,-12.4133255199013,14.0211285874717,23.4648423493945
1,3.21390542425323,1.64119434613734,10.3295994548971,11.5326930955735,17.9917590967866
1,10.1837079552759,-11.6298766032125,-3.73078163860662,11.6238350199177,18.5986966871
1,-0.521215526451021,-1.65217751042479,-13.9108463477455,11.4064393880398,17.9327279581738
1,-6.55938240422569,0.993880487567197,15.5618073053156,13.6241842208955,20.5617760012913
0,0.771548676073321,-23.2185866444017,-20.9091921366976,11.1133391416148,10.9874579513691
1,-2.44026723142878,32.5870397494741,32.2909348636203,13.5253965716832,16.8564507666601
0,4.97610786803411,17.7039037316335,37.5453440595631,9.70480972902802,8.35569802489221
0,-7.27297801405388,27.6011308855493,8.39893954845066,9.23023796305342,12.6384993250709
0,1.37141957162095,10.016568938199,3.24381661692255,9.51521614248168,9.83853915960688
1,-6.20481482716818,8.46932464290414,-10.8191655232639,12.6951264378926,19.0575598004824
0,-7.96512095721296,-4.14045798248201,3.68454298217974,11.5200685667764,9.68342121613034
1,32.7995510935646,6.65202594330573,-2.10052834082792,13.0165736661033,20.7898578439597
1,8.26380454312021,28.3601672133088,27.3012959533906,13.6963938735038,22.4346746109534
0,13.0961968600108,-2.24002728854468,-36.0929626456318,10.2159227961251,10.3545439390688
1,21.7043317106873,8.42939460346182,-4.80097786748231,10.7829496330946,16.7333188375774
0,1.41108300020386,35.3926014357268,-45.6198693840743,10.4930909816917,9.99773578036974
0,-3.21732486141499,18.3529673368663,-8.20526404454402,10.47041986214,10.2408233870608
0,0.0606120912415632,15.7354956117331,-10.7628177801109,10.6525428976952,10.4135223516466
1,-1.39559573774798,-7.22834891762441,-47.394179039639,12.0118184492464,19.8230301687189
0,-16.5100936453333,-3.83430430169039,-1.72793120961554,11.480704380635,12.1529751125187
1,2.352260951684,-2.47909632468398,-22.7080424453041,10.642643560336,17.0240185123652
0,33.5226466839016,-11.3688667224305,8.10975471181061,8.66272135553425,9.90359468296903
0,-2.87357558933898,-13.5315418729902,7.79062268875168,10.5694904732453,9.365674383647
0,-7.90601363945583,-15.0039386701448,-32.7371662753396,12.7557175595562,11.8122279366206
1,-7.37074862502865,-35.6763066723667,17.0699447576949,13.7087767679654,20.9532563821486
1,-31.2271066813697,-11.9615059249335,4.76150455858414,13.3978914419625,21.7437028733116
1,-10.046049786482,34.2957283843818,15.2837115347648,11.3089066113082,18.7406156557238
1,-37.7905358048811,15.9998067282177,19.8120195483424,13.9601664252746,22.0301620429084
0,14.9678840260761,-22.5777436817204,6.31684192004535,9.72794633982349,11.3223193123848
1,20.3322263090588,12.1400267616663,9.54239773783234,14.2801114333427,24.8800068189034
1,26.9350175693987,-16.0735399178108,8.01115091015978,11.4930205736532,16.8993982843611
1,-14.5621922315448,-0.0415892222987605,-28.8543396649798,13.7704764885665,18.724009294514
1,28.1887350929965,29.3201789427581,-21.032195470688,12.4069124735146,18.99444256511
1,6.72726292969478,13.2024449768336,3.89121622429593,12.153999070736,18.9117140171065
1,-19.8881765397077,9.49992315282516,20.2657508939304,11.4852943592077,17.6123281477907
0,-6.6856521274476,-2.81413992415611,-1.76193589539301,11.4103735151377,10.2980776259845
0,14.0127416311731,18.033879339624,-17.0294573186521,10.8986543628389,9.33594626633857
1,6.02940797609641,4.06196180239788,27.8898731082461,11.2638806419835,17.342398358308
0,15.1109153750413,0.156815904808127,-4.56142952154506,12.6046713979579,11.4337932195892
0,4.91550072746122,6.39875652548923,4.49621393415472,10.3581546375249,11.2357003194394
1,12.9083519090735,-27.7709629167025,24.8011889723704,11.7386169838696,17.4933505547664
0,-10.1002586520553,-2.07709898195861,1.46554150516956,10.2555680893414,11.0537803993866
0,-1.76735879598996,-1.19657929354831,0.76906254307713,11.4834587350051,9.91832798366671
1,-9.1312860449059,29.6190526673658,-11.7637687846628,12.6856646992047,20.0282219073382
0,-10.3242398367629,-11.6981866101932,-11.7234881896963,8.21099319282978,5.85905868927743
1,-1.50121245893086,21.5135204069114,7.33852180084983,13.8691626116874,19.8574317854573
0,13.7559995389613,-14.562774408763,8.08931949850092,9.58993525251222,10.8400491954409
0,-1.42366805067405,2.21103487574679,-8.98032244497557,9.13160361015159,9.22149041461002
1,-12.752789339809,-10.8572271879521,23.8306021528345,12.9171624094561,19.6445602916837
1,3.71666772013322,-6.23350262059124,-18.1593024583429,10.823878013073,17.9058139127372
1,1.77990821014156,33.5375153916303,10.6923110675364,12.2771271791962,22.4649251465625
1,7.87291965601468,-6.20036580816943,16.6766546900756,12.1404645166314,18.2944928673364
0,2.2498485379713,-13.7065073959767,8.02996574607504,10.2509685107042,8.88534181454961
1,7.71073351687403,65.4420677439452,-2.06306619436313,14.9215697301191,22.614255769197
0,8.77259250136994,26.2764407300364,5.19997002962309,12.7941460950144,13.3314579060532
0,-20.2653360022709,3.20470626434318,-12.512349113636,10.2249163550298,9.49231267359735
0,-2.72666308950215,5.00702706318888,31.2261627065914,9.5914399388722,11.1514352279757
1,6.73717509691949,-33.9759632023264,-3.71439721964259,14.1846104621798,23.5655534543398
0,-6.51708675470775,3.88773893274439,-4.52235354821284,11.1178080064672,8.43875322647465
1,5.69072929726444,-13.2415562512432,16.6980778168239,12.4585688315883,19.1021617593445
0,5.32622729940335,-4.76445648752912,34.3290936770273,11.0096488753229,15.6934401762391
0,-9.59777540846487,-61.3534662631744,-9.59412708030453,10.2075422853543,11.0162896387063
1,-14.7717608078077,-7.75418226937958,26.2799412407529,11.3979136860406,19.1318514173844
0,-26.8541059736145,-3.68887627043791,4.60774280664509,10.1153549064879,12.9975375920306
1,-1.08849592032555,-8.33176880258046,-39.9922420637422,14.1458531119089,21.1361699192514
1,-25.8634191778229,1.66512661955249,-8.66709944063478,13.6753967082769,22.500884973118
0,3.35988385233753,-6.10698349069892,-35.54848990991,9.35616464478008,10.8741948876693
1,-1.36000458338546,4.75758870163507,15.4126308121243,11.4263434235846,17.8909609980522
1,-9.76319458637706,-4.9379940510436,17.7737906718963,11.210556594774,20.7744111931375
1,-5.25365728231206,36.2341501153187,27.0377263521672,11.7722780536751,18.4374854810137
0,-8.80905615100669,-11.0640806519191,2.00480832141396,10.247412365266,9.79159723222589
0,-4.80032476758468,-0.592887045142114,0.0205366788939125,10.3897571814779,12.0622876165305
1,10.6267730224997,-6.3035778933257,-2.62084514554678,12.4217193308457,20.0881240406111
1,4.99170976608986,12.9461407707777,-0.115457303108893,10.0934861832481,15.7210878096219
0,-26.5211971328595,16.4538246623298,5.51827443766865,11.1635676359596,11.5700764596688
0,-4.22033929480836,6.91372035492275,17.7615143483167,11.195044192535,9.79327061824585
1,5.7095623837699,16.0833961748926,-29.8021425962536,11.8655973197694,22.5306383240304
1,0.581014827657201,10.5907097863878,-19.0279351233307,12.3661634749978,19.7280957019384
0,12.7470251106359,-16.1304110382246,-0.3105067855417,10.255384319268,11.608901169774
1,-9.26012609095638,-33.3199188559764,5.66416647303728,9.54388470178526,13.7490176631881
1,-10.2803515823695,-4.89259855744428,2.88398704516454,11.9189400142505,17.0961758797011
0,0.66279741010307,-11.2494993231387,-16.7504727364017,10.4142084912212,10.2360079002743
0,-6.17469306059406,4.69011364595821,4.09795834318285,9.92731100055948,7.94115924442606
0,-0.721189084523397,-14.3081481652674,-10.3513371674283,10.3286723216395,10.3685651551039
1,-12.6341969094283,11.2427847443885,17.4320401257285,13.2862822945285,20.1421688203202
1,-12.95951800772,8.05628595140663,-15.4008128803205,12.3965416299393,21.2715062958644
0,11.2598551893472,14.4818885626448,27.0485361093666,11.3421427136936,11.0460532147591
0,-5.34750704408815,4.6433099232825,13.739276696286,10.587519626664,12.7515614131598
1,5.20772057134665,7.34064717196166,-4.69843606760948,10.8227284084182,19.1588072387125
0,-3.46940260107103,-14.931400065614,31.8172469439355,8.86445996637444,12.1526794186389
0,3.081398780413,12.2132096161967,-9.46850896066521,11.7295246512379,13.2185208765377
0,-37.6125551337077,-16.7982329662551,19.4106493034145,11.4706663120196,11.8528479783737
1,-30.1253762908947,9.84845873123157,-45.3729443573957,12.7245538599253,18.7831369952727
1,1.77809924227608,10.6829768293314,-8.52358067842012,14.4852518557103,21.6782729062552
0,25.3638768412855,2.12787181270135,-3.38089199215573,9.32326030071032,10.0943147581388
1,10.5340270750152,9.10070912625382,8.77597219919029,13.6066947562277,21.4697666386493
1,-0.0439831688010139,-36.6839722934057,-31.1960844043712,13.9042398433239,19.9208568177586
1,3.08842989039809,42.1002175511182,-14.7252620575064,11.2362571143662,12.6270137098322
1,-19.9660137586683,4.40109294080665,-23.6186912771207,12.0550026990636,21.1110896404345
0,10.2707257300629,2.08186062237395,-17.8181412952339,9.54668248098328,11.0605435038239
1,-29.2969487218613,-7.26709947941588,4.68370226384724,12.4090641251736,20.0987995542417
1,15.121442389724,-10.8849329297079,-22.0554890858631,14.7411284949859,22.3616623647681
1,37.0725178907729,-40.9285300365644,27.6722140314329,10.9318486270218,16.5272838644848
0,23.2525292963986,-9.36749478793444,6.10075931739095,9.573688031557,11.123645133454
1,6.68905260273023,1.76171548588098,7.67226836901622,12.2318280820681,17.8409649924572
1,-23.7922547171783,7.83328314110579,1.46404968741473,11.6237478079415,21.459743067523
0,4.51971792066698,2.28821419150095,-10.6811357458301,8.48412340360074,7.81840245174534
0,-11.0239024141011,-2.37438118790936,-18.2334454633594,8.80415143961849,9.71829966735249
0,6.65786300879796,7.05459051559737,-3.409307526204,9.33609339849883,10.6760028228925
0,17.1938252117099,1.71493105816555,-0.146223955612587,10.6963744558383,9.94417991451496
0,8.8651474641383,7.7741760664032,-4.50090257634868,10.6109416791913,10.2706854257047
1,-10.7971083465154,-79.9464860438702,-36.2394937509159,11.4324369969469,23.1299688289928
1,4.94548773723767,-2.02968732301957,-64.4443733329449,12.8888973491966,21.6227637468134
0,-14.5753437943048,-12.8504726795784,-32.5409862989092,9.2089207166794,9.06374519089072
0,3.684508965527,-11.3760461460332,-1.12495766386934,9.9283815239936,12.8760676250744
0,0.278517767189793,26.7500736338246,-37.383278885144,10.0798291928775,7.60060958819413
0,-10.7238336311535,-10.5928086248637,24.3905636633911,8.19410427735383,6.82612690612376
1,-17.0323310546294,0.743746167110372,82.693181027789,11.6719793408325,19.2850012026878
1,9.57263402695277,10.0764266937695,-31.4160738030873,12.4960885266762,23.6163638404036
1,36.2010626498987,17.1719523173942,29.7501771776308,12.407562679076,19.4982300978323
0,-4.41451840206991,15.6540957756916,-0.979639805089638,10.0728577603974,8.42573611458718
0,21.2575547207149,5.44942190543572,4.56441563824531,9.75397806382825,9.80254607659285
0,-2.46627667561618,-14.0712777179242,1.60690391092711,10.4476146058188,9.32546880160817
1,6.75758332957701,26.5270514088489,13.7154137191772,13.3785378549991,22.5202730589284
1,20.2080856552355,-36.8066999128129,-15.3001207701864,15.5104029021114,22.7696607588068
0,13.9539897064812,8.21876571476144,-0.772915219696318,9.25121933120635,10.3845566957479
0,13.8709264458413,45.5983171003567,-15.1870968743349,10.0420662417624,6.75110753426033
1,21.559805648056,4.74574958456352,-3.45617669610759,12.1809407127917,19.3357494368202
0,2.63811931488288,-2.64948957429573,-39.3513228169921,10.2282156340584,12.8185516650668
0,0.919626887106202,9.87581598637799,-7.20289824978177,9.758433662364,11.1978205275154
0,32.5800034376313,-6.12275268961117,-18.4783987888052,9.34586122739062,4.30007251002428
0,1.01090116578938,13.6340776828405,-25.779087193804,9.51653228869999,9.57296270924851
1,-3.86501808239776,-36.5536625609762,-7.0421797453746,13.6508418399598,22.7034787550395
0,-4.07375846805889,-9.09914907257567,9.1461921943668,10.5344939617198,9.7958182465803
1,2.92425086236051,29.1540886164333,-47.5901500830483,11.7234738703527,20.1943402316623
0,-4.31893603415658,6.60569511488237,8.65702574158449,10.0397604263505,10.8135044249201
1,-27.7640719377605,-20.1685570127538,3.2098841049842,13.4487753995303,22.2789848996619
0,12.2730605547177,-8.7351348373595,0.113896722045407,9.48354815857059,9.58364870430399
1,-36.5233230119137,-16.0515631861748,-59.6428652207399,11.7170634570963,14.3011234797207
1,10.5175753604837,-8.13012701172716,-11.3961645838279,11.8015694955333,18.5175885599657
1,4.17532712654355,-2.17505072131031,-20.7874930612892,11.9111785269786,16.4774861126735
1,13.9671053838487,-4.58691874116933,-22.9400829395495,12.532182269169,20.1455833190541
0,21.1573979365779,7.51535078451156,28.3431198541494,11.9411280255856,10.9468908393091
1,-81.7765141492476,-28.0531830281534,6.79764987655455,13.115720058127,19.1009339661895
1,-3.35179763295384,23.9068435168861,11.3732571850358,12.9444272306101,16.5849510681339
0,-3.48750249170783,-3.07580482538313,-39.5908041217564,11.7134601187683,14.0452177955532
0,12.9076401428954,-5.3235034607617,67.6961561727897,10.7912138218069,10.5555449046805
1,9.58434851768754,-1.91560175671296,-65.6438523183597,11.8956966258225,18.5796625006307
1,0.496866327242932,-1.39896803566386,17.3756042183592,11.9093570333643,16.4133436156375
0,-25.8812899269128,-1.86426167067578,6.51103554098986,10.4547328146393,10.6252184692337
1,-5.4561596443309,-8.45680423975425,-4.01048580611217,10.7181445553741,15.5131183121666
1,10.8127301014783,0.816431616378401,-27.6522873242066,11.8200145152857,18.4259084892247
1,17.3079769678955,-4.710993940679,14.3148905888535,13.7152055379289,22.4657937988672
1,5.45716157316527,-45.6552742440311,4.01171953290447,13.6814130027895,20.2965703684868
1,14.1895071178309,2.39951988739937,8.68593193537974,11.4244994394019,18.1992321309822
1,-4.62305887664748,-0.235374290718781,1.2271200443544,10.9739317058301,18.5103826890628
1,-6.44148285451029,-7.27591641753372,-4.1174199486435,12.7509622673252,17.391234902406
0,-14.4803793110945,-2.28601929495675,-8.28631517777233,10.3169978348686,10.0662016423923
0,-11.6510485425598,8.98203273856679,13.8425722258674,9.11584554107583,9.34952959063612
1,2.27935474647043,-6.60646810704127,-24.9586178241509,10.3196755448294,14.9104756025889
1,6.31817316789258,19.5783897197956,46.0404072295671,12.4889298353357,22.2290596557163
1,-6.41694128619992,-31.5058096352072,30.637047094165,12.3820768968042,17.2157999636354
0,8.26738153763265,-31.097033979043,-33.0521569162492,10.8179816831588,10.6181701049383
1,0.313099892830272,-2.01459830471462,22.7254824370783,13.6633451827488,18.3575648978767
1,-8.27175077597332,46.3231566326719,36.330577806358,13.825791792085,19.1173749680112
0,29.4183965459871,-16.8422479502353,14.2444574635965,9.68543273647606,10.7362403840058
1,8.12204761377359,-12.8789978291803,-12.4787389844743,13.2457193631822,20.3436383795788
0,-6.82880831833255,18.5204949291839,1.81893034248456,10.3941131818942,10.7930143669724
1,4.45939404062477,-1.99110248262116,2.61567522229746,10.9731189150843,16.0086545863517
1,-1.87119112013705,3.54886686445136,-21.359870061625,13.5511245737446,19.5001474356287
1,-3.33114382068253,30.4849497271929,0.585930800911457,12.5611527539672,19.8336167262462
0,-2.70671815018613,47.8497065081307,-11.4070278080162,9.91064637698103,12.2144211769439
1,-14.0996923692652,-38.779019214273,-18.3724536231249,13.1099046568576,23.0890706703216
0,8.39652446699842,16.0830091579496,-4.73624819814012,9.37431709044808,7.10742704711214
0,4.23930521134754,-1.13588861604798,68.5075354987386,10.6662373981788,10.8443553591341
1,-4.08524090228092,13.0247246833989,16.9348828183682,10.9294453365294,18.4722526088418
1,-6.15634636893429,20.9691530902147,-1.75576532399906,13.1743092531767,21.5667575539987
0,9.40372480389022,-14.0340878056623,-31.2684842630662,9.1518651816808,8.73373506672665
1,-2.58364650974125,-1.73651968815558,-18.5039342845466,13.1322209430695,18.0819239613427
0,-5.33906877796233,3.50703441038781,0.756610430184072,10.1901138423544,11.3930278820496
0,7.88512921825962,14.6902654031316,19.2430645447557,10.1776795012719,11.0443142002029
0,-7.72472077614083,25.6262398620747,-10.56520429858,10.8340407122284,10.5911937446572
1,5.56100048343157,-20.1955019559858,-16.4704201509868,12.6553643164134,18.35246919986
0,24.7925247844088,0.812332633176521,-8.01485250521297,10.4418913003584,9.75859150702058
0,17.7884116366229,-3.01464531107389,-2.98919582556725,10.8782240736383,12.4747065572372
0,3.28143836405361,-7.40836367977638,0.715070763307591,8.43293204183016,7.03070911530831
1,48.9096169873325,3.65063770796982,-17.2703450144197,12.5906547225731,22.7024370389409
0,-39.0977821997719,-21.2222884818486,-1.12922510900092,12.6840079708937,13.2246473643136
1,-10.9442392664771,-24.7557351095772,-33.3126234990518,14.4854946007334,17.3208750062192
1,44.3227200379916,-3.90887379993858,-0.160671255739398,12.3576231685335,19.3991503834675
0,-0.586602454943979,-28.6874921749153,42.8396079057135,10.5370029932236,10.5823079885531
0,9.03032203830004,-53.4537872810796,-9.02770059664751,11.307289300234,10.3849704939101
1,0.864521632109827,12.922222332544,-0.241875958651762,11.3395485177607,19.3223247635838
0,3.74892087518437,20.947092969533,17.3696544262999,11.1726615486959,6.22000672754288
0,-6.05815802018787,-3.13488373170565,-12.0547995908603,8.79659534979022,8.70572130439253
0,11.8584948946212,-17.4008527213788,-4.25894370778806,10.2362196422135,9.67408233444426
1,-13.2855925408177,0.120816136966129,4.55465824218265,11.753680989839,21.6906739590201
1,5.01322330435134,-10.5567006125788,37.5337791849556,11.2491562468391,17.434020177343
1,19.5293537911275,-7.08103684324037,-2.49810576476033,12.4922787193318,18.4324111872139
0,1.9175125718387,-18.3785186840376,2.04664294062663,7.70105073342956,8.03273708215721
0,6.06230741839738,-7.79743409202209,15.28940500531,10.2126471076912,9.04947333491589
0,6.21610754185633,2.32965453717565,9.35457952035626,10.2654963202088,11.0849036147145
1,2.36523839585762,-27.9345706723789,-7.49229653000015,11.5487458759079,18.511260537891
0,6.32777065287636,-9.59547414950181,-54.9217306498878,10.7124257099199,9.20103310435058
1,-1.0506284475226,-1.69418981134421,11.897490684525,12.3036688359456,19.3920082547856
1,17.2258375770722,8.51047493136712,-35.5532006425276,13.4128319453443,23.6647355217182
0,-2.39654820188245,-9.7175761732387,9.22922386621048,10.3927897852128,10.6173237162658
0,-47.6352192568939,-9.56011583082059,8.12950496297637,10.0289971316103,11.7782843708972
0,5.5492664749977,-21.3861970542267,34.3578091183986,10.8772755552921,10.3055318747197
0,-9.95985017472002,-5.19048302906717,12.7670427576064,10.3281587371545,11.9810230336486
0,0.673031069729159,5.35436839426597,-18.1948491954911,10.682296951088,10.7166225978778
1,13.8661556738659,13.4007915252105,8.15421218387027,11.0255711040642,17.2495578621233
1,13.4026011544306,-3.55077589682232,29.2112808824279,12.8532209808374,21.2646410714743
0,22.6010953981047,3.95039504009464,-11.8271879209574,12.91817915591,12.2010421977007
1,5.20725263802077,6.10016812483017,73.1154974222059,12.6895193174129,21.3715647750478
1,-38.6208837871758,-8.7853225442103,-10.3980436613968,13.275956361939,22.6913796152008
0,-5.81692336694183,21.7646070740284,-4.38885117805875,12.1834655137932,12.5729582958065
0,-5.66774652942384,-0.102663602895138,-1.89285334090056,11.8576181340524,13.6471973753506
0,-3.09955310577161,-2.79749236388834,-9.86759284078953,10.6864886251706,3.96800231237407
0,-8.24074822025104,-3.4561729470656,-11.7924744105793,9.62821366329808,9.89616410409223
0,4.97626554994471,0.880695878178767,-16.8307980052274,11.0291056405829,11.1933292080198
0,8.29652765447805,-13.0077313836895,-0.142245662941044,10.0818388164425,9.04453210082635
0,12.1766661122757,29.3366349103767,1.01201987311483,11.1899929414782,11.9102595730757
0,-6.60521301170277,6.48698798960719,-46.6799265357598,10.2878701905425,10.4040426525063
1,-3.22828683231931,-9.62591426694424,-24.8981193436001,13.0466670877432,17.9728142786315
0,0.848402161225547,-11.4327512216832,6.61617588535682,8.26285873323315,8.06991496385976
0,4.47163106554984,-28.768088827701,0.171676999401454,9.94403700758106,8.44630574989208
0,-12.216473570281,5.82316409140201,-4.36786417636923,9.54457278384123,10.468593336997
1,9.42540976384996,12.1114239602545,13.4158209100606,11.8023115712573,18.6753554950882
0,28.0139881470185,1.5378589009268,-19.6717069057582,10.0394395237124,12.0344412597546
0,2.2907363676393,30.7875504996515,-14.5336854262106,10.5096885269596,8.68943116812059
1,9.66251837916176,5.61353647307961,1.48787633172254,11.0386426675316,17.2732901981896
0,-15.8577263268739,25.9402809085128,-5.6892156792497,10.8487757675919,10.639706274722
0,-2.34204454093348,-56.03691273876,-0.157044595521883,11.5360426760274,10.1271117629055
1,13.2312070979733,26.9253133926443,-21.3120009214459,12.4336824124833,20.3575305510486
1,18.0279540750741,6.32843382161669,1.60277985166213,13.0941875047907,20.2682547789109
1,-23.1565308916106,-36.2574537922152,-2.0561475986084,13.4527600289911,22.0841175822861
0,14.8930005679285,11.656289416031,1.87207452010605,11.8897271390308,9.35377599321694
1,-20.9946988131184,-20.7232917715139,19.567400191363,12.3595356087355,20.6846315793872
1,12.7725627170722,-3.46870867862954,-17.2308895819197,14.2849738854423,24.103632643764
0,1.06701173307685,19.3609555372538,4.04987617866138,11.6076413526393,11.5054129151036
1,-31.9605434252855,-12.2792740873927,-17.4757843589861,12.7827189290103,18.8281068285787
1,-0.562933556480705,-6.09661871683128,-11.4561204219578,12.478378706396,20.6601523145598
1,-8.26943141598632,1.86504535231396,-0.803396985449567,13.2502948266383,21.9410653326931
1,-2.93875495486783,-50.9198626796445,-4.52207078044531,11.2491306386971,19.1982992077685
0,-29.2862089393256,3.718664151833,2.90019675523077,12.6625427768617,12.3106255113537
1,2.55573218952357,5.11998469954338,-21.5723877914452,12.9423849667036,21.4017862008253
0,-12.0985730001743,-5.08596820722532,-15.3742074607868,10.1407641023656,11.4012352629393
0,-0.86682789943468,10.7912173905725,-17.9964395845741,10.4230439496015,9.27390123761777
1,-3.24405598885726,-17.4967932160531,10.3571450799484,14.0850437544522,21.8827286975417
1,-9.11970819196962,0.959384714630258,-11.8762865080938,14.6715053177786,22.6732726409916
1,-29.5633919650711,14.2314198881044,9.4973479660625,12.2032179729107,21.1393740619235
1,-11.7914678180467,-16.2724813016348,-6.7234639992807,12.4476664802883,19.0179172083479
0,14.1850312471656,38.7789467284381,-20.634257400407,11.1352576469691,8.1089753741768
1,1.82067194106106,0.224812582195203,-1.28233609275436,12.0577244720056,17.6010260119679
0,-15.6649886599973,1.36820802694725,-13.3233838349899,10.5625156241411,12.5574855156938
0,35.1877346912947,-5.67646459588228,-1.28906527643833,11.7409049561981,12.1695136378581
1,-9.18088588423487,-12.2804794288915,-14.3835858427152,13.036163455332,19.2856003824891
0,0.131915183190489,-51.173298035013,12.9435352796056,13.0315234783695,16.1134825856465
1,20.3684290133174,-4.38047021040864,23.5434263904094,11.7030897538654,19.1975551188001
1,-28.9189308410582,2.99362356553557,-21.6613699449341,13.7559716420924,21.7825177558707
0,-8.07645046029776,10.4623211087281,1.65792339154717,8.72758700768279,9.47260558304018
1,4.65769842558707,43.9668197245132,40.084434141032,11.8561124335253,19.2405334832203
0,0.428964123849038,37.0258816062006,20.1339097266361,8.21410604867528,7.5019607980889
0,-10.0766086079977,-4.04620465853226,-23.1726873796857,9.97361995043929,9.00094725927161
1,-1.9275680025834,29.4843154107132,-47.5797506514513,13.5532909230195,22.7579820264528
0,2.29875148495574,-2.00068345935502,5.68399271816742,10.850148161049,10.0676519028765
1,-3.53944211389134,6.95627296944217,-2.69015144323748,11.8844864354273,19.8333973437651
0,39.4226527885072,12.9649312938309,-0.186123788141484,11.5193271798714,10.9918414847236
1,-8.86363358376916,-36.2257473461032,-4.33868270851301,15.6128299292668,23.4962447648131
1,-0.587727580542738,-55.8777578155576,9.09933156312943,12.0342959719336,20.0522215360671
0,1.84424220949106,-0.926998970528339,-27.6655671042414,9.62811383000473,10.5802391079806
1,1.38898367243263,-0.832607891630782,-23.8552311852111,13.9926904591822,26.0986471557085
1,1.99373566186259,-38.676241459762,4.55977500904182,12.1579215494483,19.2233380360944
1,37.8517645956707,6.01298848739257,-17.0785907976045,11.4069343490886,17.2266803896602
1,-20.3414364383799,-33.5663985431917,12.2064538540214,11.5374917616355,20.8743172366429
0,-0.432898704326208,-15.6575292460832,-15.6932976829014,10.036588980734,9.78536517647402
0,11.4254501110962,28.3480681440973,11.8240912868343,10.8954372201061,9.86558572278489
0,-0.438443537079085,0.402322295744118,17.6633440694413,10.2137540570255,11.4492603937954
1,2.46426408719679,10.0225201615518,-53.0866193186824,14.0813137302677,21.6339176238654
1,2.21607743096802,30.2363747914844,57.4473731815343,11.0170871133372,17.6903117899544
0,0.518886817382173,4.75859756979962,2.20923939786489,8.73197474814761,7.57272128869209
0,-1.81840356113842,-28.6125918605217,1.81360972803853,9.6640438834004,9.80845243863783
0,-27.7772541319894,18.7996352059707,38.2088055584632,9.66662590026891,8.24477464356659
1,0.407829050647532,1.2456962183885,6.39464315629689,12.2164119523045,22.7486139904819
1,-4.26555044662164,-14.3907877011967,2.43974195898884,11.7722956006582,19.7799909819389
1,15.3271087552635,1.53338694780475,7.73124731032312,11.4473549282974,18.4975357219063
1,5.20269646153697,-5.8925985559058,-23.6443888876698,13.0892759885353,22.7128065966337
1,24.7936108927014,4.06985452738513,-9.47072221577456,10.4255510603548,16.9407390420743
0,-1.7092249971042,-0.457759213137425,29.8399258349623,9.01793420886074,10.5985857930723
1,2.03311043332197,52.8680993861885,14.1551540736133,12.9026893903919,18.1415093636166
1,-55.2202405410155,-3.0102674316589,37.9488669926052,11.7345093742668,21.737291148283
1,-0.379233236207091,-9.12459496939801,37.5532248377678,12.1623810397024,17.8123618427181
1,-7.89983600922167,-14.4082485743529,-9.84367490242774,13.0459304165282,19.5069308292444
1,3.97419390630474,14.9884405925817,4.81053188953546,12.0372384721827,20.5081124574317
1,-2.95585665041057,-17.5032292932513,-25.9924433081421,13.3269009497112,21.2180818571422
0,12.1248433097569,11.3800923870119,-4.3422473563328,9.53880900217288,8.25103789050364
0,4.4113520924975,3.86582510440106,5.75768519987148,10.8716617775279,11.6009298964016
0,-8.14297523808523,-39.8128451292521,-24.5141757794311,11.0067564068049,9.12421531592039
0,-6.39550531246051,1.76995851996694,-2.41421912583994,12.4108307743756,11.4226410201546
1,2.46523640672538,-4.29960004030105,-12.2908122548656,12.0891242868569,20.1865589164296
0,5.25028138133579,18.5010212023931,13.5756035608029,11.3843429449762,7.00283227446457
0,35.5169042186927,18.8845478141084,22.4170391946878,11.6777667763368,11.3292279825921
1,-12.5042232546662,-4.67864664243898,-16.2323438190005,13.2478450528722,22.3723157244947
0,-3.53098244460343,5.17366161155014,3.42277854213807,11.5661970808037,11.7803460992273
0,-9.55047172076814,0.40115289073639,15.7865604183326,10.4282303589073,11.9717563186808
0,-4.88218356395381,-5.4455796696843,-2.09074497697526,11.086603992573,11.0974351342797
0,-18.4501828694877,-11.5128693433447,11.4622041200817,9.98915971823934,10.6548378665973
0,2.30398204758485,-6.60145886241478,-33.6285165804193,10.7164021400444,10.9705863584406
1,-23.2446775984685,0.956895046586994,38.5799325681449,12.3019925647955,21.3481970728212
1,-10.4146233437692,3.99892578548979,-24.3565103194475,10.7636107725924,17.6858400922975
1,5.15947906122483,6.26124400517003,-17.5786995123508,12.5357790047338,24.3646067876525
1,-19.4586357208453,0.613866256642672,3.14539083620449,15.0082329390017,23.6679246382305
1,32.6747380791329,28.0035436009341,16.5264137206041,13.3654589625291,24.1097726155021
1,9.21860193185026,34.5773994217439,-31.5539310748074,11.7768714597505,17.6821353395469
0,5.9340521727009,-21.177375961471,-6.95728061255075,9.93625331908426,10.5162984477838
1,2.11637728297854,10.3531065881305,-30.6110015711388,13.4610401029697,23.8605602083978
0,7.06445991492031,0.530076938628654,2.3019107473776,9.47637131866537,10.869196063088
0,-4.47851320536998,3.29963118422806,35.2204428143387,10.4400451036155,9.37883762970214
0,1.05740664173058,-14.3532235417121,1.12347467602508,10.9257142913134,8.61414890466087
0,-4.37911937829332,6.50115384961837,6.39381330290943,11.5495436742825,11.6438013537462
1,-6.29485372984812,-28.1160058726561,-32.3510439220029,11.7569260174581,22.1200692252216
0,1.82017127105773,-1.38861263601406,-40.4940913708166,9.88167853365565,9.9963562360515
1,-9.11434934451084,13.2322610684023,-33.1530544420409,12.6633273478931,20.9804396175689
1,-6.71252650437691,6.94828506799402,5.15103864738004,11.2095156953721,19.1365405753027
0,1.40863971751367,6.24684984643396,-1.17132088407602,10.9779301757269,10.0581395336776
1,12.4877624460331,-20.2987175356131,16.5287179550357,12.249006271119,18.2396081978294
1,-41.5469692682017,-0.467681651334248,-15.1702730628381,13.5535789201295,19.3245055134559
1,-1.78944701276826,-9.44610283073736,15.9074779754195,12.8712647962822,16.2380008478089
1,-5.44382909765837,15.7575271490315,11.8669853741739,12.9979973020266,21.1850208100077
0,-5.07197565626163,-6.83674849477626,24.7911318468281,9.82153206517239,8.972650265765
1,-23.6723797430721,17.6461640558895,-5.79429665293726,11.398214568997,18.3938067908229
0,5.44156475805665,9.96863934338205,10.8669870713713,11.052114057152,8.68399041608984
0,2.958367207067,17.7133802778266,-4.8205067887045,10.1798218026769,8.48457605193285
1,14.4033142589123,17.9458589224682,-7.03689067318385,12.7386934485752,17.343595612707
1,11.9266407056027,14.007218399875,27.5261223841195,12.8064252454869,20.0220153974448
0,0.0515758026268659,12.7460280313967,9.55611868557149,11.7506798735727,10.591802769514
0,-2.63672532195727,-0.636439909226635,-6.36888013290038,10.0314638450147,8.11500632118317
1,-12.1833828236742,-11.1738635417598,7.20679087381149,12.5245584481912,20.2327962693204
1,9.12037513964995,10.4036399015779,-18.1668320103468,12.4172195308703,15.4403333876319
0,3.61449525715078,-7.32845125819137,10.272353451064,10.0415448489395,8.3480270793782
1,-5.431915967623,-24.1453494251939,6.040248940071,14.1943962595561,22.5843060041007
1,3.15269010920087,-0.445099303394759,17.1063739613754,12.5061598443807,19.3733401032566
0,6.00877458319286,-6.21777091131745,4.52793685198728,8.67311605250161,8.09962543468015
0,16.9871363372371,21.0497967836609,17.5558694360718,9.64597520694634,7.83998298255128
1,7.7656391842331,-25.4363347267249,-15.9838188293709,12.8890524208008,19.6648458150996
1,12.2213259832941,-4.48853104670226,16.5581449718871,11.4160318099457,18.2931573159562
0,2.4511920555371,-2.89389310077914,-13.2820568475901,8.59714075056433,8.87087691949057
1,1.41680520022488,8.98071949243225,-20.4831549475952,14.1919630994601,22.9987463235345
1,7.61818595431652,48.7536964400465,61.1467058849742,11.6422280993457,20.8983703214691
1,10.4137905503105,-5.56222845006866,-32.8736128896502,11.4196179889219,17.9855478732071
0,-1.58794174763934,23.6202103814603,-58.1726877178299,9.69467193460583,9.85274721146281
1,0.630755123949184,-40.9742896321503,-2.52304364778728,13.6481593634818,22.1814187234668
1,19.5235992901895,5.26776713882828,-6.60009061365868,13.6111703600069,22.3106678506264
1,18.7776960034886,-9.5461854222083,-21.1544676175038,13.4543086653701,21.5466636248671
0,-3.48148961367038,-2.60918308233171,3.05049082826493,10.4095615561043,10.2813404181258
1,6.47206822476223,-8.79845318576247,-0.326865594084583,12.1033066649167,20.5103962862981
1,9.95916723340073,-2.21706278465915,30.0037172371494,12.2902215331135,18.2575538351742
1,-8.46195061673731,5.11247380119958,-10.7986944078552,10.9830879331216,18.0054876868756
0,16.5630550277521,-19.946056960031,-10.0048952932478,9.43166177599351,9.42975688899737
0,3.69852122643274,4.17248493232825,12.3769983252341,9.0548377174152,9.68111549761008
1,10.7565225194813,5.92561167599073,-8.23368891047493,10.5745591531369,15.7900553860427
0,5.06726393350506,-20.2705570227806,-0.621903721511375,9.72426473798795,8.59926296826871
1,3.15677609566862,8.36855922168321,9.44438777394738,11.5356335533186,20.7215308373286
1,10.3502765906889,5.88813291120831,-20.1468393814357,10.3583039400184,16.1028104886021
0,-2.34624116973801,-29.7089068942976,-1.01474498056375,12.0082243575249,10.7078714914214
1,1.49896953823046,-15.3804129319625,-31.9084442954323,13.4193754804733,20.4503218204252
0,-10.7923824770463,-42.3253113652249,-2.71292397983764,10.9814215705977,13.1941089115285
0,12.7657396735138,-20.7730857035974,-3.27374139834638,11.3378501945051,8.76649871366038
0,-5.08552321340067,-2.34482332300773,3.66010263848634,10.0900898746457,9.40137541613629
0,35.379070040608,15.9515394714488,8.92356482945882,11.7543467539064,10.4928208481489
0,25.5103749087675,0.985824324399916,8.4498283002095,10.2620720935597,10.0939027108382
1,15.34601458999,-32.8936908593382,-0.771841530746247,12.0042343717116,17.705378054114
0,-1.84870124353458,12.3688014611551,9.52249166421003,11.1041164116416,11.9180756275823
1,-22.2253085785444,8.16928557555411,14.7817902573625,11.7530779886988,17.6185443951102
1,-4.46784901931423,10.1807383408218,24.6014801310877,12.1213078138003,20.8891350117522
0,0.428597848068139,-1.35183916615954,9.68322114400179,10.379689544208,10.05989597911
0,9.84102612519816,-6.03996132131239,5.24225589676482,9.86562979916227,11.2243054629142
1,4.04273822494712,-19.5191179975724,40.7983192796982,11.5914179429923,19.140380834228
1,0.600283951533283,-5.34884922052839,15.1292570008773,10.8270696418107,16.3251996097065
0,5.64858362583555,-70.0591462682291,-27.1771841271886,10.7569901002865,7.55301146072855
0,-8.30214046500732,-24.4354880326782,-25.6513709158183,10.2664007314305,10.8598158715131
1,10.4918778296938,-52.8900476457969,16.1090779737851,14.751059270897,23.5590150770171
0,-10.683163050725,-17.3465562358708,35.8793208745494,11.1892216226707,10.0512581660327
0,-5.60011607391722,61.7345993891825,56.4083842827597,12.9229150404692,13.5796821243822
1,-16.7679835332129,2.63947882246952,-12.5086168860691,12.5929508470439,19.1698082875852
0,4.87277660825484,16.4338713694439,-7.0724379669673,10.8601300538787,12.658465456859
1,-5.39996215754648,3.41932099667396,24.0065136071893,10.0344648360344,15.3558365358183
1,13.4364168256861,-47.8005581269239,-0.0418817290669203,13.0604811282002,20.2325927885124
1,-12.4210780340602,-7.47534498438169,-15.5179065937772,14.3057247084069,21.9592046667561
0,-82.6179808586381,-9.0938648117584,-7.69727543676774,8.8002970417264,10.1696636571144
1,-4.93343837451495,-19.2484017810502,18.5886507997139,12.7980038233167,20.2307235984724
1,-38.8088715742583,-4.62584390448864,6.03355581346674,11.5318321962558,17.3122650903344
1,-15.035650998299,30.4474497664615,4.11675513483365,11.9836253138907,24.4283102244989
1,3.71218146291455,-14.3891380994406,-8.80488972397406,13.1697949908294,19.4351455280002
1,34.7775135879354,-3.50394669141639,3.22691502345473,13.2917719680325,19.9014617344286
1,28.0278530865998,2.05436599249788,14.3727576952225,13.1959612618731,21.0792990582308
1,-10.325180768894,15.6087035159998,4.86516438405519,11.7661720875482,18.3864273180507
1,-6.43500368695821,-0.24321153832594,3.48887420362303,12.9179201439725,21.0823528761816
0,-17.2039530424061,-10.9092618887707,10.5682781930774,9.79325578307235,10.9999116653208
0,-1.43521219439074,-17.0588099394461,-0.111158795068428,11.0134648639573,11.7289711178972
0,-7.96680477478452,6.88677500678747,0.616348253412347,10.1470265750015,10.3190462136212
1,-17.445336432767,9.17439938527623,-25.9884191371935,15.0081648670178,21.9265089892675
1,8.5806028968357,-0.73739341069135,7.52020569760001,12.24880372529,18.6755203748644
1,-6.51224643900516,25.0769690024387,-27.9072064577619,12.4513443706097,19.2419063139063
0,-0.514524138911148,12.3554161356511,-1.43014502485044,10.5631697928944,10.3222125859118
0,-18.5827911244831,-6.48927921316934,1.27066130387446,9.82268380957296,10.1400071014087
0,-4.71455331566087,3.66698794681147,10.3008525550467,9.23938269025596,8.90496090159328
0,-0.317737524616237,17.1186772391984,15.6829076632445,9.82518301504994,10.0307235540768
1,4.93238127352782,-19.884291312184,-9.1024436890366,13.2704942779582,20.1089479193116
0,-9.43204676328029,6.07174112642182,-15.4192126879237,9.28189468034407,7.76109918594909
1,3.84810082374594,-11.229357869376,-50.6880557284304,12.0905751373039,17.2383313537743
0,12.0585087161513,3.07465364332166,-5.19180190273585,11.1706632964722,10.6034056669632
1,-10.2916472794436,4.175910045428,32.0504126000704,13.9915085843964,19.8625687227456
0,-3.72609694197002,-19.0487485779735,-4.04962710398038,10.9150656191503,9.4690888965566
0,-4.54894311731204,25.3733197251378,30.3561167952115,11.0934502732101,13.6244481868172
1,-14.5251760398174,-0.172490594895978,-8.55023821065689,14.2949054278625,22.1109591488583
1,10.0152732101589,13.4095246476618,-20.5909585826598,11.3844580060589,18.1688766170707
0,40.2032350739747,3.46114491788558,35.454478309223,11.8969515680591,12.2353571246688
0,-2.28452046439567,26.4411585697247,-4.49565088352626,9.36698856814627,8.97302910799043
0,11.3049283591553,-48.0655487724565,5.68169375884889,12.2720314246105,12.8156226961724
1,7.70587181289969,-14.1727681846035,0.373058689209847,11.8256673782275,18.2985834699665
1,-6.74861813069951,1.09190299310092,31.004689809789,10.3867216372572,16.3120057362453
0,25.7855815504592,-0.956330050545326,0.187399016572045,11.8550823873232,11.9156261661643
1,-16.9840405228469,-5.0849402894837,9.33742636290053,11.511720121616,17.4105281304326
1,7.40292142431811,-1.35817200217467,4.81842780742545,13.5466488370431,21.6698010328395
0,-2.85271378411077,-10.5744915408435,7.10801410923577,11.3978265040805,11.7864624548596
1,21.651439948989,13.5179880990765,34.4036455690471,11.5452554329839,20.1402083680129
1,22.630312246794,19.6678449133556,2.71490914240777,11.2789688776871,19.8738075888177
1,9.65556174277222,-24.6680837852312,-12.8724212486343,13.1793312175258,19.8064090034056
1,6.54872021285417,17.084717984345,-23.0823016202625,13.4789870038163,22.0036497164976
1,5.6599882961527,2.18537385830623,24.2909955967233,13.8444345829635,23.3390422271474
0,8.69295579075817,15.5287988956381,5.16429314035355,11.3398807790089,12.047103788956
0,-11.084929730556,-3.21852791079993,-9.73089358816797,8.89512592062857,9.89705857067532
0,23.5774544020809,3.42849231327892,-34.5108525965369,11.0594541008753,12.3577377335932
1,3.75234490733236,13.0391292053983,-10.110733320819,12.801720597458,16.9867822369829
1,-1.14814761437817,-64.3311959601621,-8.0199617093285,11.3591380651713,16.1122768228028
0,9.41792115725696,12.1634255990462,-27.6194664977441,9.9251345587122,10.5960425118084
1,0.176950305991106,4.11495810509432,-9.69143352295835,10.3706164614906,13.3430219938016
1,-8.28383686648018,-11.641533565403,6.58505437964759,11.2487081550496,15.4447352207277
1,-12.900594228417,12.2585026158845,-22.3791883126221,10.2501573548137,16.7608644491916
1,-1.68328951447184,18.138616518031,-3.61189829466619,11.5535732041421,18.0539984858845
1,-19.9506048938238,1.8855147039616,-33.5681889434032,10.8429160928078,15.5908634205376
0,10.215971645546,-11.3817573934875,40.9143451027304,9.2073979576348,9.50897734029602
1,3.47681489885821,-12.2295958260403,-26.2328054289886,13.5120002179927,21.998871767148
0,7.60229598085864,-18.5019642770801,2.69746269881391,11.4200586322962,11.494909031533
0,0.83956898531462,7.53025596047202,18.1260955700421,9.3205437635247,8.22219983836009
1,42.2607714265018,-28.6231990871848,-15.4920156639322,13.577910525979,22.3830718060721
1,19.6813583461938,32.6911669595936,-2.64275452379286,14.0215760888696,26.0986476774542
1,33.4852345668871,28.5693296676098,-3.11252924908824,14.3003668800823,23.9731902162836
0,-10.7672872197032,-66.5113666402688,17.621892125562,10.5599061042324,9.13237378262117
0,1.50221770465944,-0.844933032805771,-13.1167918306981,11.1686203811244,11.7737263797784
1,13.0924645119035,-3.10433063114835,-9.45734758083531,12.9626953143569,19.0139100878775
0,10.0988189363701,-11.020625557218,28.8078693675415,9.32769175586109,7.77998277182455
0,-2.70899647209146,-3.18723050732017,1.2050903030985,11.2291209787615,9.14469358876966
1,5.09518934771844,-41.9221108686526,-5.21077611618436,12.5443318237625,21.0820529133045
0,11.5261310948881,-10.5123161316757,6.12481502478799,9.51728526533944,9.01646950970617
1,-24.4765768826406,18.5448873719143,-21.3301186544784,14.540439318616,24.0087589616288
1,-18.404594182997,-13.3344865425581,5.13781113962946,11.672436486463,16.6395186242949
0,-6.47928321910003,14.2435784727894,1.71347689145761,10.7145171106473,13.5469911467442
0,8.3373746441364,8.20652175706763,17.9052285893859,9.01396163960039,10.6926087169311
0,-6.66146973795229,-20.9858712022804,-6.4111094409603,10.7756053412365,9.31583999214857
1,25.1925052151644,13.3141710783589,-0.591651891522037,14.31112525307,20.5728344877806
0,2.39828057554119,9.64552947879618,-2.10718752668345,10.3730030067498,11.033469284031
1,-10.2193612021433,-30.7269589973162,-5.39884501816916,12.6677161960261,17.7932860723522
0,-3.47954685389215,-10.5080053822953,-2.32580206395048,10.3770757759469,10.9803213187567
1,-4.65392244915719,9.34530443186132,-2.93712105644927,12.4556825333024,20.5534208706001
0,-5.4578590323727,-53.3006816919399,-11.7722050519996,11.7298584652415,10.2763969799774
1,6.53903223986822,1.79398734773427,-51.4019224839473,13.0024001383963,23.7519260026837
0,0.340703874922229,29.3370717728021,-4.83621216502049,10.9082512693024,8.85215291011742
0,-12.7110493403873,-1.00577561927163,34.540110575191,9.9174967559938,7.71291740314898
1,-2.99197602983048,-8.05071865667157,19.6438124026761,11.7336670435009,17.542642848243
0,-21.1783694101892,12.5648530975367,14.3402776052667,8.02152298237199,6.70281226718437
1,-4.00404597445303,-6.6248889327855,-5.02981773429437,10.1810400921435,14.8599857774254
0,-40.3627292239704,-1.52782282685109,-3.61722179555373,10.4451047535733,11.48718177146
0,6.08147240988049,-3.87364614251872,19.7009252542474,11.2439220316485,11.5766012282277
0,-0.366225273342088,-66.398309155369,-4.70589768317213,9.17206066434564,11.7788340198075
0,-10.4263667517699,4.5549219362283,25.9660765178634,9.29979441551052,7.79295377446492
0,10.9887108456491,-7.98714750448797,-3.67298386394768,8.91815404671539,8.10102305380207
0,1.75927658524043,0.199982620945747,9.32731071723879,10.629866401338,13.974636386085
0,1.27322288407635,-6.67929827273406,2.96351972342952,10.6059543412147,10.1641619450458
1,15.5040244840642,0.270361932905259,-33.290840325152,14.0789300137996,22.9536367049171
0,-12.6739518910618,1.05138766007733,15.3202524160256,9.50323255095794,13.6869593933656
1,7.59286723899232,9.82229588341607,17.165021158945,12.577676805391,19.7048443631783
0,18.9440100368201,-10.8158030538461,-6.64770349175098,10.7209988504791,14.0744181103744
1,-4.95998634577167,1.62062235851735,11.7828937287563,12.4539698875906,17.5663934348588
1,-17.0683140644842,-18.2097528222091,-3.23388873447205,10.8519176285614,17.0653325275104
1,29.0478405036055,-1.62085042550443,23.6090123568615,9.82709099160981,15.2089138136362
0,3.32679299999575,9.20211256492688,27.6982811271591,12.8792856089842,14.462389712291
0,6.80769390029911,10.9554357909682,45.8119963800414,12.6078785158021,13.5424133447631
1,-3.39189125937851,-21.3814465697429,33.9208628655164,12.8025089407763,19.6021899592953
0,8.65299412029999,6.52729418047925,-1.45905523331366,9.87905738985722,7.2435941992451
0,-7.15134168606778,34.7224502002143,-33.0471080383611,10.8002494876005,13.0226509845826
1,5.66528112155017,-25.7067926871272,-56.5685537778659,11.8865594599398,17.9050091440029
1,5.62152946071019,-16.3466542786412,26.5860035922581,15.0678129185027,22.7367020312268
1,26.9767408643615,1.4154126809539,-19.7804248722083,14.1781238977553,22.4617926832244
1,59.8633504127103,41.9146056478549,-31.4098817755499,13.3523089998834,17.8274137318212
1,14.0083471260184,-13.7471305525566,-19.5541552396493,11.8280396179306,21.4046309802551
1,-9.26641556803108,6.57607070188073,18.3842597624851,12.4810533525459,20.5602106263762
0,6.19846385881185,26.8683274602325,81.8828868863416,11.0281386491598,8.9367432788018
0,-0.78968550347483,8.08499965330149,-22.4097781797072,11.5844589837364,11.8859340416258
0,0.171958121896963,1.64948123680266,35.1177169479481,10.1745831427461,10.6853602412963
1,17.3464089448638,-24.1229607872086,-11.1655240746231,13.7605731908172,20.0418107571897
0,-4.06806057729703,-26.2994998447084,-0.00898337472197679,11.7215800478015,10.1493909889855
1,-18.3458210882982,51.6603812342119,-3.48075893483678,12.0304971990795,20.1068790611439
0,5.53270606129858,-47.0119209011523,2.58391551084967,11.1188560313434,11.8174879057309
0,16.1516055451367,-19.2653660782009,-3.12358767324401,10.4795527899819,9.58660265193493
1,-18.6044845015905,-21.636604588592,19.1849562233306,12.974183660061,18.6415934355119
0,-3.1303936800735,-3.5485915501373,8.85658208561218,11.6782321125868,12.9170912866772
1,-29.7022965574962,5.45356640783937,10.5600953644949,13.9055244848787,22.4189378271361
1,-9.36597221015904,4.74089323122377,23.2015265790456,12.3364991473016,21.2689945491318
1,-17.8178329955992,-5.64242046896876,-18.0562673899575,13.29266146418,23.4517742224711
0,15.3096785139288,-4.40887182746466,18.9907873875119,10.222767916199,8.90467275879332
1,-16.3292562451044,-46.0527014147441,-24.6387344149454,14.233507674981,22.5260943150121
0,-1.41485953316934,25.6274543301542,-26.265637731582,8.78326168724162,8.54480539879312
0,-20.4862840330486,0.296387399231731,13.1919525094815,10.2488739808768,10.8418017870858
0,-7.7702273705521,21.5005663802124,5.81178620869394,9.76132226181837,13.3977785260521
0,-12.322645811641,-2.46494742422706,-5.06375804186283,11.1161003412841,11.2104921116246
1,-11.0515343559934,-11.3023572931195,-0.00545624398073841,13.1614244312466,21.4542558121172
1,6.89240786610553,7.46098384494445,-7.22963133967747,13.1651065119786,21.7194444983174
0,-1.10019807948908,-2.11309974190889,-15.2563513387989,11.1942892800567,13.740774425764
1,-2.09992862741275,5.94853430704134,5.13585780322451,12.9997235395985,19.0193612334042
1,2.38319002530687,58.9605875162934,29.66563691357,12.5065084998491,16.9465870419517
1,31.2996716564725,4.23749249604633,11.7278560028489,11.4405498691298,16.8441408451821
0,2.68614314497521,-0.306017144810791,-61.4983970563325,7.80322410182631,7.32559238626109
1,11.3134074815711,12.100229498948,31.5023346002584,12.4428494015304,20.6302405229161
0,3.3990130731864,-2.67917694658642,12.9238428255977,9.7014262466713,8.9572210362548
0,11.6846433992518,-54.9076368425128,13.8068585439173,10.8703955989619,14.0950645883567
1,-0.236314402539352,-8.98536023919754,-26.9257340160875,13.5963548277958,23.5861503093147
0,8.21914105611232,21.2000432300511,40.7102340483293,8.71777086218148,11.7694900176651
1,-5.75228892554679,-11.210029159248,-7.88124681723785,13.8458909485089,25.9621639644071
1,-0.770341425566669,-20.9332115494284,1.56689908613446,13.5350464688997,21.1833190761051
1,-5.56514572113495,5.3005273771951,5.03351304439024,12.6275270831832,19.5070970667035
1,54.6161663347635,1.74816846290648,-5.10066884373377,12.6320621347866,21.0397174140573
0,16.720148893597,8.67870507791098,-59.332363700785,9.56703307966946,7.76773404388535
0,-5.11678427062074,26.7733277791769,-10.7185206155551,9.88049785056337,9.61523721573933
1,-7.52876086136639,46.2928003269698,-4.58653138708169,12.3648436390596,20.9181982039506
0,-8.72193526292499,2.12091721205225,-14.4048526281503,9.95309837027309,9.23334831025807
1,21.0584473060254,19.1787855699568,38.6167556695356,12.8749187756313,21.2900910818339
1,22.0458965393886,-6.48888934210519,-47.7858891179742,12.68486820255,21.170953372884
0,-14.282769551309,-7.28779139538602,-18.6016564492899,10.6439754812552,11.1265300148064
0,-12.3936810380546,-28.7499427647191,12.8045871863614,11.2770859318887,9.52511634934452
0,2.29670612256325,0.410286197852425,2.30838294663979,9.64357108132521,9.17057422584838
0,13.5571841400621,-9.22739384220356,-1.40276833411142,10.3287397745128,10.7644014263129
0,1.86175327485112,8.19450807337895,-0.988023685336116,10.5718439957476,11.2597214331205
1,-34.8139898595852,10.3669438730172,26.1776059644664,13.8797786466263,21.5975692520258
0,8.59419192395906,-11.7229604287548,-25.93466761728,9.96436357586856,8.79175583044753
1,-1.36961489788402,-23.080060218192,-15.5175735143481,9.98389578950296,15.7016275812638
1,7.31207368206671,15.9353071107112,-1.54628131543269,12.323304420582,22.2012750578693
1,12.6197328931435,-2.85107983069322,-4.02135633723281,13.3635581549608,19.5830397651567
1,-4.49248391617858,-3.68961465350797,29.1258183257268,13.0530661460175,23.7985951975743
0,5.76264690189526,9.66318091226574,-11.6919474512182,10.7826182155853,11.8292984011185
0,-10.8613036230365,-1.39851490741509,2.88325530130428,9.71731844032928,10.2212620805507
1,-1.19436980637063,-7.9170211961926,10.5025422407866,10.4883423320295,16.8656457158156
0,-3.32747689504566,6.60434170996533,14.6259179099608,11.3204086657335,10.6398642250055
1,-0.547262846022166,-6.59303352231277,-29.1626736530845,11.9342616466707,15.8025563521687
0,-4.84905765948229,-26.9438921074236,6.16714959618797,10.1371870857206,9.07251128832481
1,13.9869088085074,-1.29345617729106,15.9454534444023,10.8651324969795,17.6105487393274
0,3.25740041193041,3.48802829911134,38.6415120412708,9.30734819076874,10.4647999986095
0,27.6239359888215,60.7929689438557,25.1270897821314,13.2919469754873,11.4300863206172
1,1.29935530882537,7.16066942191494,-22.2537322805796,14.77189044243,22.4781576109714
0,-6.73579692617562,9.52180889201958,15.1593096202928,10.6886957682626,9.23663890105296
1,6.40121780304762,2.62468934414886,-7.13681576963954,13.5677025330399,20.8171201281326
1,12.6120668320477,7.65129262883884,63.8760607653187,11.06689085728,17.3055535412311
1,-3.55220644759441,3.74662201612221,0.583931175817989,10.6648362732914,18.4001973807192
1,-16.0933483102774,-17.75162621921,-23.7255588308479,12.4744870736918,19.0052862032966
1,-8.0622859262231,-7.04369201996726,-12.0014746974241,11.4243692162132,17.1809840611189
1,-60.1489891983003,19.5538445860698,-20.0455876417792,12.9065362248043,21.6011006550416
1,-2.55850628127688,-19.8731925932435,-39.3672309561266,12.8579950852493,22.3815929843375
1,-11.987093390136,-10.7002719171159,15.6969192693737,11.4942876657472,19.6076647635742
1,6.20415814386963,-6.07061651083932,21.6398089792489,14.031298931993,22.6878819445689
1,19.0300184731611,-33.6152192257801,-40.8550105957976,10.8809962870038,16.0753309007873
1,29.9730191073265,4.48574925689126,1.61600361415841,12.1765386266509,19.0940819846499
1,2.04239388538365,0.834601067192982,-10.5968444254601,13.84846123874,20.0988308347226
0,3.25421091115838,-4.03653058754065,-1.89798805820718,10.7480762056818,12.4773316349554
0,8.09664804442185,6.65945262174886,-2.37612250908668,10.1707794649094,11.517765878777
1,-24.5618258263557,-5.00355061416296,-35.6343333859931,12.5888267939637,20.4515498322696
1,0.57041039321238,2.48973777933401,5.41199343331637,15.3691869360693,21.7078169737092
0,-7.76976705720012,-17.0050838735655,1.53429711611713,10.8446672780221,11.9686857870599
1,2.43956172646596,7.93535518658945,21.3112414529474,14.6014212897348,24.906404513363
1,-6.76578838353607,0.11840982869857,-3.76998030912686,11.0135241633921,16.939212057995
0,0.935706251391244,7.81742575785783,-63.6702911066387,9.83042982915658,10.5055328604071
1,1.12420200621005,-6.01055606746198,22.912529088824,13.4092716324059,18.8032491947446
1,-5.41424178064196,23.598193268583,16.4789501865853,13.8272592982805,21.6920750502204
0,-8.4012553497531,10.069150273913,3.66693582688455,9.06761624354586,11.1194883028302
0,-3.57142055804501,-23.2016093338464,4.40228876417853,10.6683583969228,10.1212321263278
0,3.17976916749033,-31.5317287584193,0.928417155309983,10.7394641855906,10.3619193040549
0,7.82933678666503,-11.8283991306539,-15.6603737464549,10.2550674841097,8.34791916242975
0,-5.74949329683882,-9.88403658872884,28.660931831262,9.45233824194398,8.71027478690752
0,-55.523642289536,-6.7868064666336,-0.413898873646927,9.95861330202401,8.83864519455605
0,5.19140272201396,53.6103465827249,13.4180484280829,9.44447077803427,7.4026549276115
1,-22.2364586628914,1.72042818191717,-28.6826927425898,14.0948574079044,21.2708184388483
1,20.8816831125587,8.12060304609914,8.1017119187261,13.1432951025598,19.7163283626378
1,6.03044766408297,1.25194097587832,3.9516621992059,13.1245284395408,19.977599135466
0,10.203158134241,5.83172788601733,26.4731974717754,11.7865157453538,11.9664330003333
0,2.67770317327282,12.3539477689578,9.47127632011231,11.0516398850321,10.6572274890137
0,10.4182596847581,2.83293627204194,4.78706409198613,11.3522313442859,11.8021671972713
1,14.2287427482791,-2.89150888243331,-24.4346593386237,12.5959856426678,19.442092326388
0,9.72466375384333,-8.70603881334123,-3.54743625843741,9.97361393153646,10.3867966854302
0,8.98567804305705,-8.15315005861665,-3.57347562229843,8.50793158941993,8.20935864003529
1,-5.02520596759408,27.4339074904839,-31.7996117852925,14.2725492612474,22.897582593605
0,1.01357821580417,2.99210218028476,-32.1176679663227,9.43076273199341,7.90065170620334
1,-29.1475263423495,-16.8716475005739,-23.9898211331552,11.3355314613976,14.8452439231227
1,-17.8227722719845,-45.5194009936922,-5.02867623484957,14.7819754063984,24.1625319302704
1,11.1305770232258,10.2245387982178,-19.010764324032,11.202573666774,18.13231016505
1,-8.90147183625793,37.6624270846094,-2.43232904068545,11.825592056828,17.3191322323655
0,-5.04025000643557,-17.3859797352601,-7.5063208567645,10.0330045222218,11.3265318761561
1,3.29725457761433,-22.9086538749239,-49.6098918463653,11.7306724098458,17.3266053268785
0,-13.342925160831,4.83233431900104,27.2493674509,10.2042731554601,11.4597659239152
1,6.10965986402914,0.761567105233051,-37.3054585321882,13.0706563972812,22.571714423116
1,-8.59929868114975,8.00248604344477,-6.3001519004157,12.9862352251134,20.2437901742327
1,11.4333784057291,30.7928771616386,0.0565084583280653,15.0767258174035,21.1984879033718
1,-7.3434060710806,-2.71008408182339,12.4406367495321,15.3884141168114,24.7668254276622
1,-13.8311623319785,-1.70149500902148,3.53465584597344,13.8180917889957,21.8998205658474
1,9.53930847943859,-40.1582177065129,-52.3739031023053,12.9394918098179,20.2657723399997
0,14.3606655558498,2.49648045755564,-11.1354456789392,9.55099292599086,8.9635541323644
1,11.8911564507555,-9.90792506916783,54.6278381279004,12.3793246245157,22.1364534642273
1,-5.59832671503156,-17.5167680925693,9.78460166754245,12.4922191372643,19.9729519419963
1,4.62144506862149,-6.12183140076419,14.3546353898249,14.2448263622456,20.7306169929437
0,19.0889319423934,-19.3476148919638,10.4386189131271,11.3022148246902,14.4232139841507
0,12.7429568004681,-7.28552323986535,-1.63403402230687,9.28672337947081,11.0101878614611
1,-6.52381641223782,7.62354601441773,22.0093780740227,13.7185445637438,20.6027049573397
0,15.2782929966875,-12.062612997235,-2.4490231701111,9.84568242982829,9.0158171955209
0,1.53736149134862,-26.6111267500301,-4.4105455072987,9.3573603804482,8.23438944185254
0,6.11504144798425,-7.73872726603912,1.49709368029571,8.62688793378062,10.0693116643619
1,-8.38372458603038,-7.1252980920638,9.27963346253663,12.9737120842767,20.7672186585906
0,9.09817675933196,2.14278464004123,-4.9089069100128,10.2005248196065,9.48741116421714
1,0.392495122791834,-7.57511372605426,-7.17150234369313,13.1356693464423,21.0757708304139
1,-6.65548259146364,8.72260262281689,5.81012221222939,14.0313769640299,22.4267529861016
1,-10.4341987993352,2.98016416813609,-1.52298569938318,11.6409613769446,16.0466484475243
0,1.57148628342408,13.2231457272252,14.8825783470536,10.1014306371115,10.2695380861557
0,14.9189584600548,-22.1324592393623,-14.3088792801316,10.6673503325675,9.85847467423992
1,34.8216244633758,3.29945473408439,49.5280282487458,13.1198309271892,23.4009600228873
1,4.65360865057419,-5.51031537374127,-5.19757159851053,10.8950553991296,16.6202171892757
0,0.0961576029089192,-15.2054377640482,-2.87458163827637,9.80419821039949,12.6989809460526
1,12.3331800528234,16.7791869468596,32.3570677303755,13.5262596169146,24.289307604485
0,1.45315113966441,-1.25153531000436,-0.0285086325266875,11.6893090492262,11.6943899247907
1,-11.3288125691633,12.1985912600974,27.4701705306909,12.4381559424686,20.6957855438342
0,-7.13347343678656,-0.886679779112179,9.40918284095842,11.0654413875533,12.2262753152349
0,0.517671537110611,3.06262231331231,-2.1760873193339,11.6230456099402,12.256296528572
1,-15.391768240959,8.09441428275956,-3.64056530031213,12.2536905443329,20.2584263258035
1,-57.0759326612108,14.1743472825365,-33.7572046829895,12.9085073898249,20.9400023598103
1,-16.7069923548876,-0.313307471021319,-4.11594961065292,10.8022556069242,15.9665858774546
1,-9.34869163145445,-5.13992287976678,18.5756181408632,13.2449612387351,19.9042732667127
1,-35.9439284359479,-10.510757841714,5.72891323979703,12.9654523678627,21.6074079535946
0,-15.1855669564913,-8.74290867574952,14.9909563420778,9.77248569410608,11.8258436541504
1,-0.868459644667873,2.73575285474576,18.8310288612803,12.9244901625231,20.9045931791122
1,-26.536937890136,-16.2295743953317,-42.2450545922754,14.3079472917896,20.98280490111
1,-22.2995460303231,11.7509612983888,-12.8826687833571,11.557422102467,17.3903997930961
1,-7.76993552288477,-5.13135994195898,-25.0934952527539,12.352184616084,18.5064003314465
1,34.0988808074163,-21.2622823184429,-46.6179602324317,12.2862227762966,16.6883372499688
0,4.20978047464992,19.9576561782378,9.57424794661551,11.5500543138543,13.1239293624276
0,-5.34003293861057,9.83746489393316,16.5479920892066,11.0719031710029,11.8542198934739
0,10.5117881397854,-3.92643529082053,-9.35327441862103,10.1668721419148,10.4545488214321
0,24.702468559353,-3.98466588453245,22.6899913409703,11.5559755281688,10.4217921969549
0,-9.73570606502792,1.21735047447243,8.0530145013816,9.11998172890029,9.55496586166427
0,-7.84739653038128,-1.36599499826559,-0.355231207660333,10.0230303145631,5.96287630072312
1,6.87016931431052,5.06365194229046,14.0901573143459,12.4383115821254,18.8081756561684
1,3.6442583426935,15.9601520022897,12.0858541576117,11.4828643930494,19.0076758884067
1,1.71171863662745,-9.80106767209267,39.9217959127728,12.4414619793204,16.120340337131
0,-6.76925423125984,7.24644912808249,-10.9595160080645,8.91794590468182,6.35062911725278
0,-5.72850217934448,2.85216606658407,-11.554146575299,10.669430799284,9.78194744291606
1,9.95176854009364,32.7252258832205,-24.2780973310527,12.4498467628741,19.5280337600196
1,8.07883397481529,1.34702432506477,-2.88612456127693,11.8772402265689,19.6296527026798
1,-9.93818226808137,19.4506752312778,18.7750568232611,12.9330634165633,18.9843367791236
0,1.55885508393479,6.1117991520087,2.72578874486641,9.95930838110423,11.7051805075343
1,-7.03390116430239,1.03715440395638,5.86855758560016,12.3371229650566,17.1456411704221
1,-6.49902898350013,-4.3061404772656,1.65815366741204,13.8510487221625,19.6286544813964
1,-5.64773575940839,9.88342877684705,14.7489011200815,15.104122067508,20.7815886995026
0,-4.22661268604672,14.1634911402188,-5.9333763119293,9.01028332419763,9.19480397215621
1,-10.0608062437636,-7.68582771949578,21.9778329571477,11.8773906888519,18.6317630584055
1,16.4539789930324,6.55652269121974,17.4438241868886,13.0626124431762,21.1353043079957
0,4.94371611958196,4.58805178525381,-1.03364884952519,8.43976986102819,7.50666171204485
1,-3.20068794005882,12.1705677982518,-38.2060445141089,10.0893086237241,16.555809088131
1,4.8129467295718,-7.41167115788318,39.4647241853888,12.2955352325252,21.105327256819
0,14.267070385262,0.663067883162057,36.6806459981405,7.39545595174467,5.85357922304783
1,15.2936438729027,-13.157844789736,-29.4892607088328,13.9630000739572,22.9605361190264
0,9.35162618188,-0.71532680646625,-18.7143752792408,10.5223641087311,14.3748862505932
1,-11.5476846393301,21.9721147900748,35.6169646909715,13.9478062294834,23.9215503566079
1,-0.147592916005141,-3.43922929452886,-36.501476244627,12.6523880971608,21.0515323753036
0,1.91973972044661,-14.6633721018081,2.52050904708088,10.5856094944484,10.6192214017947
1,-5.33069863587799,3.30712300739014,16.658747317335,13.0153689597609,15.9753682785638
1,5.27136381119172,9.86079038066701,19.8879963083096,11.4556197512308,19.1356111134966
1,6.02638169314246,-7.02268051193819,1.06982147780992,12.0990615769241,20.7007304525811
0,2.42695483559025,-20.8683015731881,-8.91524244392148,10.9515200535143,10.1815952053023
0,-2.22970750783813,0.977495227154832,-10.9048986481987,10.968492261275,10.533275129138
0,1.05271827820018,32.7421653816194,-34.3856239511233,10.2185798402511,6.18623027504247
1,-15.7129570612382,4.89872592012033,9.0343647452757,13.8953562465332,16.4448009912553
0,-19.8556763032577,26.8635233652154,5.79240384997361,10.3668803536453,8.87291067863105
0,-15.9153669022398,-48.3287094711044,1.00710984851425,11.5513938241922,12.2238253514265
1,17.9635205344773,-0.302395270259339,56.8187826472232,11.1933810013199,18.1896469730093
0,-10.1431269825158,66.7547822421501,16.7464638962033,9.98043584397303,6.06998134516524
1,0.779051287291617,1.45603704522241,10.1423192172096,11.3805382830367,16.9682502150275
1,28.5486498115856,18.1373812592711,-4.09981777193112,14.0308224286256,22.0852607487578
1,6.09409997706658,-36.9421965029723,11.8459697960685,14.0687520977047,23.5602689469406
0,6.72236820292088,4.79241103860264,-22.6820550600978,9.36725095664277,8.54627631309841
0,-9.00113867398577,6.85331783345099,-7.33470471494226,11.192507306625,10.883152187706
0,21.897913672058,4.3687814945739,-4.92619109809068,9.93761991236962,9.68821894962322
0,-13.8737560166533,0.135574630674856,21.6884807588056,10.2350243612327,8.69012034566169
0,-20.1123340764814,-1.42176968506433,9.36914957121765,10.1265842841054,13.7478317256356
1,-7.93859932668088,12.5244270354129,11.5868713549226,13.5455770662471,20.3604775651354
1,-8.12150018952115,-15.3914651733834,-1.38330140282875,14.0098289961275,21.1760151292732
0,12.1801643895482,-24.3662049515866,9.4737340397386,10.0337982107499,14.3065014045808
0,5.43728621087598,-5.9310535529422,-10.0311775544974,11.0713517161442,7.99143122135243
1,-29.957060665299,7.12308941683497,-19.3275461039637,11.3498878527307,17.7165642102803
1,-26.7538709261058,-1.03403322145162,-21.6097128363913,11.254032359173,18.1132156184275
1,-20.8118680056153,-10.0257238106748,-15.7531612814493,15.182504158312,23.1085457647044
0,-6.39145765371102,-14.2482859675558,17.2135145757097,9.18167689851799,9.67019262110678
0,-8.15092327106885,-31.6378253079116,4.87020588294059,9.74782417030391,9.35936463103518
1,-48.665955689518,-12.3748448239128,11.4226230549082,14.6760358744129,22.1468443466117
0,14.4147211821611,24.8123092665935,19.4203331563715,11.1378383420151,13.3723999480976
0,-2.54317524122458,19.4887987955515,-5.99609927979655,10.7704321052809,10.7762489831869
1,8.75347804589626,31.1716253997218,-47.2645409811863,11.8436969791475,19.8728095051841
1,3.6105587742449,0.398262922601694,20.4671470134094,11.2260632326987,14.680921893296
0,-19.5340989724645,3.69226834679998,-8.83432949251364,11.3011781380288,12.9820245327496
1,21.9151147107577,-12.8936660495299,-6.12755977898618,12.0724610684099,22.7691410036125
0,-4.30334613369965,2.43715356066961,2.96504920969197,11.0400593771869,10.946536383287
1,0.921614611545124,35.3847031641993,-2.52558092291165,11.9692465095065,19.6465162476285
0,4.37346256992996,1.68915396579139,-5.88425017958922,9.3365860112442,10.0807241817351
1,6.9233025195437,5.15446278572666,-8.73699524842197,11.8992428278659,16.2016706205136
1,-6.47563213796169,14.1285510691976,-17.0254583806886,12.2140392306255,18.1249276100755
0,1.41126535581103,0.315072767204843,2.83488785404681,10.1106294789193,8.1354975093939
1,-1.94293609943974,-9.03550724437724,27.5975862870226,11.750972267533,18.7207388600534
1,16.8114271960421,4.75629406129709,-18.4447617614598,15.065226080309,24.2104206531388
0,-3.46169221779545,63.424794073908,-7.06325128056533,10.0691484638324,10.3480516882346
1,0.477810645984748,12.247090238031,5.36321930404258,11.2021503238829,16.7331614104735
0,-9.61112968519627,-5.62244848936715,-20.1879747551472,10.2723336991555,9.22311958449515
1,-33.5092069765856,-15.5161136309402,31.3337181881141,11.6422561321637,17.4486516488715
0,-8.85609999116999,4.31520187506473,-17.1441978459609,13.2335418843011,13.7085531637537
1,-9.58308345156092,0.052291372735088,21.6902626348027,11.8957759605155,19.0350258021396
1,1.92893210188025,22.9198918342866,-0.688513971762963,12.5061482680871,18.2190432203607
0,12.9948032969813,8.59510777817134,1.12386984298546,12.828540069536,11.819966921671
1,22.9975630201096,4.11296653020824,-9.25379363090107,11.8114738000839,17.8453345580951
0,-1.90753986220842,35.9795056400778,-35.3645114995002,9.93564236928833,7.71664319677827
1,0.814743643911022,38.3738067452037,-7.63070420664935,12.1938291424458,20.6323378149917
0,8.00622171996679,-10.460035286203,-4.43915964949804,8.63842861970956,9.49549440730236
0,-2.5426135647598,39.5314518978263,-9.20237798112702,10.1617889285044,9.90236375458891
0,-4.09222785058367,1.05910697373119,-32.3716508229565,10.8065616403289,9.79111672893345
1,10.7647276775817,2.60501903439099,49.409642266834,11.1108856702239,13.2801997803145
0,-6.16491634641315,-11.2055230404113,6.81008220634012,10.9035121651185,7.91212324058327
0,-4.32018396806306,-14.3733262233462,-14.7337824746696,9.744090584759,6.72971277608758
1,-5.87268500478162,11.4128690284337,25.4102254288025,11.9607011198072,19.0017494906376
1,3.93433491010389,-5.56379924466719,32.3070285759642,11.3297995231754,18.3839370138152
0,33.46040485304,-30.2534124929137,2.6164921499502,11.5503128430581,14.9355586486285
0,11.524139752057,-14.2423739539363,0.241465320881603,9.35909806944138,10.7876396555059
1,1.75551963686485,30.2067905818856,23.6803107543123,12.2468122558507,19.1094006208076
0,-2.0842785460667,-12.1473856877079,-1.33880494128674,11.1479871234404,9.29377253705626
0,5.39422910850713,-7.66748504534201,0.816832322774718,9.7831220098144,9.63859209357239
1,4.6872068060276,46.042384515875,-15.3522334537095,12.7871688790818,18.4101567903114
1,26.7753720370509,-12.1277295511626,2.46462903339099,15.6636824177809,26.5420039610699
0,-5.54250410488471,-28.3818662236209,-14.7177476054681,10.4205569495134,9.59983145803604
1,-9.53118124788789,16.4274990770443,21.6465303752195,11.0761296569259,22.1180951821391
1,-5.04844754220156,14.5710480458771,26.3566317388865,11.0469379338737,16.5736451612277
0,-13.0121915572527,-11.93550220949,-5.56137193649685,11.0941425897298,11.5779711662777
0,20.3806842818931,11.5897035816401,-3.37419176012663,11.4685718082851,10.2107317725796
1,4.25815784981492,2.5686488688819,15.1878782921024,11.6784862493925,19.7122459311085
1,-1.51987071034825,7.30222582054046,-4.99311084468893,12.8211722453206,20.3434985222648
0,25.1935614685773,7.1665042016968,-10.0375294239673,9.70696576256922,12.2526484791832
0,8.52209474977937,21.0339127508447,-8.70513473558741,10.1208428492017,11.6026947366958
0,-5.01377536839411,0.504616033726753,-14.7582855448533,10.1880925883483,9.6703403720354
1,-1.80775495516354,-0.406096776303988,11.8995145146795,11.5916143943964,16.9241351919783
1,2.78440954465289,20.4371097478691,-19.6969552470683,12.0516978813307,21.1202438752947
1,24.0121319824474,2.18836141626068,15.1878138537397,12.5008179883392,18.7854717357131
0,3.22193380307262,-7.79821769901389,18.5967557299313,9.4272980056245,9.9847168046207
0,6.38465696882596,1.11508702975383,22.8100357627461,10.9450729872406,8.17385030453233
1,-9.9483410511955,-50.3426422699029,21.171146702967,12.5933652669009,19.8123234427083
0,0.687047177383088,1.32985780918784,-5.57560455225583,10.0606056633878,9.93706210178844
0,-6.7299724898979,19.8833841319093,-5.72400211937647,10.5917226528427,10.4251355400735
0,-1.00926481606699,-8.87891822332542,-8.38459337780644,8.07442723992035,6.88990018049444
0,1.97777540071289,2.79309637571242,-1.5325565865621,11.5591953560069,11.1476650213186
0,2.83982158694478,14.6003458942205,28.4701288668204,10.5927038943203,14.8429118345548
0,-4.9014611709032,-10.8229097893426,4.8851911023279,8.80873041734008,9.16410953341793
0,23.6481760818344,9.81185939058785,-11.2076941789818,11.7876215850665,12.3256153443777
0,6.63844341362386,28.4897030929608,10.811064092424,11.3575287614852,9.64738538313587
1,0.0499487782289122,-5.8887325192704,-16.3093290709259,12.155558452278,21.5195943307187
0,10.6367808681517,18.5068784365898,-12.5952920806527,12.6875691097176,13.6736881657785
0,21.6516312788885,-17.1855092312049,25.1835128020624,11.6638839509634,12.1506981974968
1,-0.862113585033955,53.531814833282,-16.7945145108127,12.5024223073419,16.8881554699792
0,-8.5296994330446,-11.6116931271662,1.60231867826241,9.5664463698878,9.7597294311886
1,-4.33714340434268,44.1797764851215,-0.00878612739684516,13.7025997804292,20.5026020571698
1,14.8160201355349,-45.5916515421058,20.2614103495127,15.1055122612269,29.5147445710783
1,-9.39946425475854,-15.644301502855,-18.1087850747372,10.7478714611555,15.8317701817427
1,-8.63761409867048,57.0072467950923,21.2007839845122,13.1195046774864,20.7226111974822
0,10.5471976677632,-3.17077639334993,1.85799879088319,10.8072582657711,10.6020838198695
1,14.5747691279803,-6.5056832628246,9.87056716015578,11.933552180855,17.8933932560824
1,6.84497297461822,5.8548805028913,7.70658565782326,11.7038337459359,20.4392853516483
0,0.482191089464651,-5.0396861178849,24.718230443634,10.7752025651209,11.743197110582
0,2.32773836973272,-12.6286237653652,6.63292330493445,10.6671476171211,12.0598059582693
1,3.52375968066398,-4.10266204692944,33.2842050095105,12.038311227505,18.4982255324106
1,-6.34672111256842,16.6658143226481,-23.955600242219,12.5884198957024,19.9773548019798
1,-37.2189871684339,-0.603307587800081,-5.10895733982469,12.5907518619832,19.4510241624673
1,-24.0387884638439,-5.0947281237149,-12.0173436584117,15.5393854997947,26.1805923608885
0,-7.02295584713526,-14.0034155484771,2.71295141211363,9.11498301707121,9.87493625262764
0,2.86203985780677,-15.6892209330967,0.315759868129898,10.4249697580415,12.1856480600555
0,-9.35367210020895,4.41139671443141,44.5071714148921,12.3566415868728,14.1103026374666
1,3.92414401221568,-59.3752809365414,-15.9727773472394,11.5818045079987,18.9533093969781
1,1.46570114222776,-5.31259655648747,20.8479290410648,13.7002635656973,23.383656018999
1,9.49066471601725,4.33093772359691,-24.1141326796222,14.9991951482192,24.4377594790493
0,10.5582626283973,-36.5867115360244,-15.9150711896055,10.3923024190287,9.08945669343264
1,8.97043135955359,-4.72292527904307,0.494605041545035,15.8578264552291,25.3545313707111
1,3.92949089469714,69.8571911044268,0.611119790421935,12.9971486638924,20.3897226604953
0,-11.9189372879232,-7.86228914340134,-52.9412385178879,10.4856595704357,9.73336239742271
1,-5.86765065937669,-27.8349143639835,24.4627834088074,13.564800830015,18.1617909814505
0,-5.01610365046245,3.84146348835252,-18.8140915100453,13.7299827711339,15.0572347311826
0,2.38118714331755,43.7728236030802,37.0376608652902,9.69915577795859,8.14914265040932
1,20.1777710458669,-5.5983913135693,6.23573145515051,14.3149688959104,21.8679219467961
1,43.2462576118646,8.10450270021809,-4.66448597204964,11.2920745912331,18.8907487544905
1,6.91511774086992,-19.1755205816458,-18.7672070618361,14.2118723862748,20.2789641013465
0,5.76179206675476,-9.45315990090834,8.34899928345168,10.8023496201201,11.4595125246539
0,-7.74488152256775,-24.4830836774237,-19.7911173194821,11.1060390369673,6.67735473341174
1,10.5179690635601,-14.5543564705501,-24.3474841628345,14.6726570500925,24.7400154849525
0,9.16086882649798,-19.7579065501906,-6.90265132805269,10.071193625371,9.51553640242714
0,-6.12678237492325,-15.8414878806019,-35.8801802544499,9.573413497834,10.3033454451007
0,-0.0570379378374533,-19.6721502014843,15.3870206483598,10.6653499413127,9.25152844102437
1,8.33351249203956,-1.73986360986743,-8.79330846464439,11.5126258740185,16.5309172083209
1,1.49756188206668,13.9271674324516,6.34461273954083,13.0881362226197,17.0243156458568
1,16.6302973709944,7.03598733166136,-10.5491658039999,10.9584210237541,17.3234397737408
0,0.323881004045246,3.66671681398347,0.248314766944254,9.8949956083522,11.1412435230354
1,16.021719544504,4.49538311147008,5.34624628440041,13.5724224853297,19.6971392789798
0,8.58987500206241,4.93162981600514,-4.53818392915408,10.8677947850275,10.7349654067579
0,10.5072049333143,-19.7463004294499,-17.7540925048239,11.1539043484178,10.458862606456
0,-10.8668786569316,13.1364979532192,34.8854076857395,11.2680081229658,12.6415896756468
0,-17.8790070605586,-22.0467875969987,-14.2222500133215,11.2901762571665,11.2947016520378
0,-14.0954174260259,30.8871394680487,-5.6815730020891,9.7549878999677,4.45965152099147
0,-2.0606270494395,7.45330659473644,10.4176286858517,11.4481556740604,9.97863740195738
0,4.65683722080052,-5.68360002639689,2.09873787690184,10.0948169541076,8.19667967081692
1,50.8429838059547,1.17952062209725,-29.9229577356121,11.6886846061476,16.2031631260556
1,-1.71199852805582,-30.8094241799942,27.0768330789443,12.9128634138548,17.418618512648
1,5.96211445668635,32.8031063013941,-24.8285311046135,12.6075090533543,22.9880154599111
0,1.05723824477559,-24.2584434622088,1.01691956454359,10.8502598818458,9.88528370525299
0,14.6816731632908,2.84585912349656,-24.092793359193,10.0131811975648,8.11904476299073
0,-2.54316413827724,10.6869051866378,4.68970141403446,9.40765800535887,7.69108180920752
1,-3.51254044052086,-14.2481285360725,6.93730252079417,12.5986993303451,17.3973526519311
1,-4.88713509898779,11.2071789408172,-1.44571702243106,11.7424154166799,18.1557164203979
1,1.89818658930832,-6.0151370681535,-4.25614163662951,12.5741537002603,19.0327754969926
1,-8.73130407052908,-30.1729659181676,-12.6812389228359,12.6965596605422,22.4035007931372
1,46.6750971948401,-5.02571611238386,-6.12860475314126,12.8637134324313,19.1875988912374
0,2.62496435297306,-3.04310332977192,27.7428581696943,9.16064768043345,8.94609211947326
1,17.5146453174233,-6.13058585855092,4.02633245406484,12.3542277614295,17.6909155744754
0,-4.91190458385073,1.5409730450056,-4.46059182817929,9.02136805569621,10.4956299751544
1,42.5966189663205,7.6106338866417,-44.4209665871178,14.4029387492586,24.1741082514995
1,3.03743064225042,25.2229328551304,-6.59003887283477,13.8524037764653,22.6118141858002
0,-29.7514395563539,26.4020348580787,7.1247221633114,11.5270293064554,8.14316762486634
1,12.311772335491,-14.4511766817579,-11.673100924164,15.0542642182941,25.7153675579267
0,-22.8607212992582,10.7770893415076,37.5793384974447,9.34722256458307,10.4220530587092
1,-15.28157531686,-6.36948064098268,-18.6727054540028,13.8722903741548,21.8423293612879
1,-7.72825506384545,-57.1347884457452,4.59027749543244,13.8407908166664,23.8173546402337
0,11.5244561453671,9.54927827798376,-6.30889344695817,9.60118543971706,11.0966164722318
1,0.523757772442394,0.698279402452294,-19.9931112866569,12.146256065314,17.7144559199307
1,-9.86185906940703,-5.55988034662227,8.17809557072428,12.0549300085164,18.1443623794895
1,11.975010971263,10.6473016261322,7.17875728516022,11.0422076519077,15.8112528867349
1,-40.6370820814081,-13.4320999141726,-6.29295725641214,12.988018180107,23.3652341797888
0,8.7585214249009,-5.82473549199031,-2.89098076983074,8.63037235382253,7.25609259708617
1,20.1623943059445,-4.52207301849877,38.8426721726254,11.1571317110929,14.2164099415401
0,3.4053219673306,13.2635934356711,2.05585984336794,8.77008207612993,11.2465325288929
1,38.4949323561271,1.07492167856226,-26.9268851063175,11.5726186441885,16.1208418851802
1,20.5196549796453,2.52151178501056,-3.84923366319869,13.7441598779189,24.6511788011431
1,1.39297811927254,-3.66488976841158,4.51156893619066,11.5331242651208,16.8697350269311
0,-5.99762260437748,-1.34820158319173,-50.2853910590038,9.04766878377297,7.68056032273255
1,-28.9546840311922,2.31928980438561,3.24773203021167,11.7673855811852,17.6094842580616
0,-0.00874223368872484,9.71805126759032,7.90984344314943,10.4973984490127,9.78446520996771
0,0.0461642933086988,3.12531494050655,-13.0751831874262,8.30668260169421,6.35998130221585
1,-48.4341463091345,-18.3835740513371,10.4136807831423,12.4464286871396,22.776277154882
1,9.99220149367856,21.5927577165757,15.4463639063348,12.1266163464306,14.8043034589941
1,5.04969003004064,-9.61889244712633,-9.8964472786171,13.8569079202003,22.153362559222
1,-73.4917278101805,1.62138074240072,-2.35824499340327,12.5948297472338,20.116045293975
1,-26.8851228010728,-4.82477282360112,21.5499404712566,10.8914983489508,16.6027239625835
0,-4.14476827349384,6.4571612800256,-5.41383525697815,9.91457981508347,10.2657902194846
1,-20.8368918575532,13.2461879116805,34.4682725258722,13.7401651041755,22.1934635027263
0,-3.23437051420609,22.0546508195178,5.23678911527855,8.49348276042913,9.52228034404849
1,13.2257289826023,-3.99176298503594,1.25111141787212,13.6361848906972,20.6581744187679
0,31.0546940069539,6.77600517214597,-0.846610350098487,10.4163809263543,9.00377820982107
1,7.07137293741539,2.95006396080529,36.8697418387773,11.5092751799261,19.7071523491529
0,0.22576562310794,9.04009737671763,-0.952820178056493,8.50134941392817,10.1189163286189
0,-2.62048491288853,10.5028548914771,1.321918628908,10.220759853143,14.2062725728045
0,-10.7784720156597,-14.6604897778523,5.18691445235108,8.80734064811394,8.36516717767595
0,-2.48796796622765,13.9920333237892,-1.96725766860034,8.68040444709662,8.5853099840016
1,-2.34108992921224,17.2512788649266,-13.114789385699,14.2886043118924,20.3519971949919
0,11.8188754582696,-4.55205335233517,-13.6283014788329,9.23011031481838,9.50560167186967
1,-7.14675133615408,50.4695494481481,-4.10958017138356,14.0742108512372,25.3743344736791
1,-18.1413296411918,6.52038227379638,0.906406077105118,12.2655749823812,19.5184527536094
0,14.6434913587101,-15.974136931881,10.6905375730521,11.3905255150893,11.7571947203794
1,6.62030978705222,30.5938584757421,1.32972220351303,13.1713486079733,21.3208279803183
1,7.20453418590601,-14.5481868116449,-38.3249172323749,12.7384679184239,17.716441237313
1,7.6221209014633,15.8423927691483,-1.49709799517747,11.2635105983477,17.4198465259959
0,-13.2138403542131,-16.5939380670524,-9.34926109434702,10.2014324220696,11.7967301763418
1,2.04801872077196,-1.82050231080717,5.30668085526407,12.9882644012545,22.3501321092024
1,4.87576641780336,4.94694164625479,0.566664823945997,12.0065557076492,19.5459118629144
1,-1.06293313953387,2.3175619839069,1.18176919857073,11.4651744701448,17.1604654403713
0,-12.6990434877643,-1.30429786297154,-14.761794530134,8.19570096938011,9.94841671326292
1,-21.7792167921873,4.08603529594525,-15.7304206785355,11.5811018059185,18.1660267946598
1,9.02004966942929,56.5489126355709,17.3823421901371,12.0806150000452,19.3861183163777
1,13.4911043366441,12.7463136057881,19.6902364457444,14.0137683439819,23.9040288631308
1,-1.93145407000088,-4.18914090609922,6.07364558830188,11.6688936583818,17.4880008758695
1,-9.69274199153138,-5.69195281918078,-17.0359907153097,14.2916685007664,21.5552696789448
1,-30.6915983602733,19.2962660994884,-5.1495187374631,12.7891582940733,18.7842286623784
0,-8.0935597802292,26.9948223948124,-1.73283214872058,10.4234129080459,10.7008824890702
0,17.3459506759262,0.947642568314246,-0.516469580718503,9.97243246118206,10.936042897469
1,-25.7372088560841,15.0477519579407,5.22165773097102,12.4678649352311,18.7041633520082
1,-19.5363927364649,1.70769829981918,26.4804972102586,12.6280251273144,15.1382184971623
0,1.18943600675588,13.1230420716673,1.17310732851129,10.5684666548055,12.8018050448236
0,5.91066086508399,8.05094454407225,2.06548787450037,11.105368222667,10.3482741212957
1,-9.0715930108643,-31.1360614666471,13.8159653312766,12.6397548397724,23.9462772695869
1,-2.35493162780035,37.7907790957336,-42.0553577611051,13.0824537648157,17.2193219947731
1,8.60704837109027,-17.7572692520011,-3.92359601261259,11.8187383910468,18.7122761404228
0,0.475594784363909,-29.2032971507269,11.2863970851502,10.6174425065037,12.0704524953505
1,-12.12146994792,11.1702093941703,2.63495385283977,12.9657520856242,20.1608423089319
0,9.02221146779609,-13.2131581144829,-21.2241190064518,9.50805019810533,8.50572375635161
0,-2.5649444345135,3.09513650626323,-12.2623824481162,11.0890817117106,11.3886382213369
1,12.567299518468,14.3532298681293,1.36287818926947,12.3828449065701,17.4804819098226
1,3.24459638171395,-9.28162232781817,53.1720921738454,15.009629064552,23.5192312473189
0,4.58041804987767,0.845047774940622,-2.02237741325057,11.0282562134855,10.8181514149285
1,-4.24586564684503,35.7581182422202,-32.6955756101313,13.8479004469829,22.9663102479945
0,1.5944361143696,-3.46733664055702,-33.290720554207,9.42641169893531,7.04624048089525
1,-12.8827041328653,-30.1493892351922,-4.67674399079483,13.8211346849849,18.9194019543056
0,-12.7952204650129,-2.67675818875323,33.4211833778886,10.2765560009199,9.17100311047718
1,11.1573944293418,-53.5129514555317,49.7034124596208,13.4007549710683,26.5126793932888
1,11.9401822238167,-18.6249016065821,-8.21720420872787,13.0944237855771,21.6601299454844
1,0.270171306540522,-26.8548516695953,17.9196453163162,14.695633544359,24.5138034648986
0,6.31886043421129,-3.56507984248921,-43.820869135595,9.54987154219616,8.64983386697064
1,-22.4386196110051,-39.433011236489,15.8375325114593,13.2412425179894,18.5566131350837
0,26.8274861867707,5.70179064784555,3.28728034230048,9.45410770268224,9.98464583529094
0,-2.66777845869341,-2.77355384848676,20.9625249207753,11.3373245123347,11.5149180068992
0,-21.7876796960318,21.1730788446504,10.2703992908901,11.2248676815804,9.72221149118511
1,6.31874488568427,-9.63449624096891,4.16004888997538,14.1195696294131,23.0066529071312
0,5.30047287615517,33.0130143625054,4.5507381520699,10.9303213759091,9.46046556862487
0,11.5717172576023,50.812244000688,-28.346060905108,10.8396760208629,12.7038320006764
1,0.417916633028375,-14.2366974005416,-13.3253338235588,13.0541539737409,14.5257580664169
0,0.0353467963464728,-4.64864002714284,-13.3638518691765,10.8279408666302,11.2031691930473
0,0.0581408109928133,0.328779463589586,-25.8700028497802,8.85740025680184,6.83892237764596
1,9.08120360695246,16.0471293003959,26.0007394593012,11.3511854960333,17.1984504018309
0,11.941065319035,4.52326291884519,-12.9122285689422,9.80533542519489,9.61859815328486
0,27.8993558941372,-3.30329717090836,-21.4126145465327,11.0431953901049,9.67124801369549
0,-4.78538606797643,-7.51301326735757,-38.5091861326988,11.2013203543359,12.0580525332773
0,9.1431929447096,-1.75905394986049,6.47982705342314,11.2521642096263,11.863165876997
0,2.99017738371078,-1.68211159879467,-7.1434143273142,8.85404832270346,7.76028194281394
1,-11.9754931500621,2.88141601720722,7.0010148558986,13.4694870279926,20.4248984321699
0,2.751360662442,-11.2459196995976,-2.12936395327102,9.79079114344732,10.951175837684
0,4.35043660593351,-1.04029251233641,-3.29482458077324,10.5646337230889,9.36699253413521
1,11.2852542854811,-61.3286388869789,0.953901874270059,13.2265797348112,21.1473263508838
1,-33.2741315210701,10.6927390191409,-3.75813754647278,10.968694094167,15.4688871652211
1,-16.5372849296111,-6.11503375667779,3.2632667444782,10.5936799075921,17.776330613006
1,-8.66962408973714,19.218075993488,41.2879222954033,14.2904812653985,22.3078679311456
0,5.10195859525186,-8.77817917296059,9.01833856637707,11.5416254148634,10.0887551367878
0,-1.58021437070452,-12.5689988283892,3.69708343713057,10.6432063931292,10.7743221745853
0,-3.54946148157076,11.8587464129598,6.69138244933996,9.44386204991304,7.83524515646731
1,15.9617775962402,-46.0516311203211,18.7209178368914,11.4250394818881,18.0095568029571
1,-16.391302232857,-17.7387827986859,-1.28978479436875,13.2432036099815,15.7618085613954
0,16.6105521968752,-10.9080093626377,1.62219434411671,10.4091866850167,9.69711067290966
1,-3.90057390241371,5.26920771949742,-0.972697655125423,12.6526945431183,22.0162065008163
1,21.219003748955,11.2750263804316,-16.2030290268832,12.5299547454918,19.1331219651863
0,-0.41374988928171,11.4265605152264,16.5471937410631,10.3543182892305,10.0634993692339
0,5.75399730387424,14.4520696870043,-11.6789639565095,11.1156409363657,12.7478472172968
0,-3.36408757137796,-17.874753013546,10.5269419330639,11.0359534182955,9.71387583926167
0,5.80650511977429,3.28376542380706,12.5954461196744,10.2127005707991,10.9535690867726
1,12.4063443943518,-19.1914542520892,-20.2953830263287,13.2556990736638,22.3619304321138
1,5.94538955387856,-4.0148042213608,37.4426215423815,10.6242549004216,16.8437783260936
0,10.3069253321468,-8.94006391199516,-4.00839435888831,9.98852375764777,9.57687202720849
0,7.86805209375861,-11.3174901683572,-8.52521799353089,9.23419094823957,8.67935306933603
0,-13.8426736979892,-5.97554023869084,-4.23848071068579,9.8410548291608,9.21553909249178
1,5.89874723960435,-44.5670465128945,15.5307652260801,12.7844089351551,20.2317264266464
0,-8.16876463559739,-41.4069543482112,7.91955961224972,10.9212047435903,9.96815935060516
0,15.9649796827536,3.9124011573721,2.95941040501779,10.7141362879098,10.9908153125944
1,-6.2573229924112,1.2758953950366,-20.4554358537926,12.794944788349,21.7194987504489
1,6.0481259786585,-77.5233417149934,-2.19964112799827,12.723036641032,22.9911122507237
0,-6.82946310908344,54.2552922432497,16.9553414654185,10.7798876599104,12.3928790254743
1,29.4053473399938,1.97640926249499,-0.198479015504316,13.0656994081833,22.2638108361986
1,9.56732591084108,-17.371383359027,-2.36470781540109,12.0672560530953,16.7182913837318
1,4.26183698945794,32.4853705768927,-6.2413027559315,13.6011669780713,23.9061906430601
1,-8.69957823310866,10.8610211172949,-16.1252438543604,12.480521997406,19.583561428149
1,-14.9579987321189,3.86214149220054,9.53503644604725,11.7626571269106,20.3216568058811
1,-16.9772856635757,36.2942603641213,9.41878539567424,14.7212766629403,23.4228481183352
0,-2.06086834886972,27.5524939640763,16.1602965740546,10.6481771229955,8.22847077184357
1,7.95097099507505,-41.2024893413735,9.88002604507897,11.6203799582115,18.6189179619622
0,12.7638667405296,0.274556174683666,-6.60035597927297,9.68751943052252,8.4370053493246
0,-19.105280612322,13.3937842319976,-42.5677204763242,11.7625154961841,11.4298372654618
0,3.80023634098749,-34.9815521819886,-11.2651321669126,11.0845561668383,10.9422742001271
1,-0.301949637217143,-5.40695912995866,-2.2654188434883,11.8307943883508,16.8453795778679
0,-6.99385904124087,4.73240538005468,6.94073482272301,9.67409765318735,8.90135976319553
0,-9.36722684310705,-15.0928169020504,7.23695929773251,10.6442920585726,11.1163580321767
0,-5.13190788260137,0.877972588375503,-2.82266669645261,11.9954699821884,11.5983780312121
0,-58.5163732393799,4.82220029323819,-10.4504911346391,12.3919039972782,16.1351327530337
0,7.92513745866239,13.248986938801,-3.08811449064956,9.85878599012016,10.8469448016792
1,-30.4756075590409,-0.0936429315520059,25.8879514291546,12.591754457828,20.1641301746523
0,-3.14844647900457,0.339119416634192,20.9173909903508,10.1013550633943,11.6884178626634
0,11.0644342253855,-24.0532105832467,0.257930967979687,9.50105358801157,9.41642868072803
0,3.72610228955741,-0.613502184455072,-8.4873264816863,10.2812082594282,11.4643141188522
1,5.47321251965058,-1.45094631728543,-4.43199258311182,12.7016449434431,17.7784774854155
0,-7.99731623551786,-38.9559177559374,-11.5276156120391,10.1107609405519,10.0774887345171
1,-10.8468359188689,-1.90937948610877,-20.0019581519396,11.7978721670959,19.0332846276575
0,1.22368829038182,29.4642868193223,-5.33645712353759,9.89499173482583,10.534126442939
1,-6.90649022031527,-1.87668220258002,-17.7276865625608,11.413228013431,18.7775644923212
1,6.62704287957288,2.13626393722475,-27.2713564440855,14.3730495563923,23.1353663445062
1,-19.9416274484611,-0.0152941433247692,-2.4401343122185,14.2439225376663,22.1816701726527
0,-4.58963748816186,-5.54004665859264,0.794159092659177,9.09685167298986,8.75638817988408
0,-5.34238870752012,51.3253564969935,-27.8871467471476,10.0925496025491,9.98370206995793
0,7.41791208944641,5.96181414090621,20.8847563114729,10.1789109028675,8.64684568712951
0,12.6856864617172,2.53326168098479,3.41482530480559,8.43841203977626,8.10300814067954
1,6.51752846787365,0.229472234780553,11.0817896117891,12.5532122937776,19.6989467138786
0,12.7305626219552,-8.17532124781359,15.1482406068329,11.2530995980373,12.2049529692009
0,8.67820668722991,23.6845612776581,29.6889896859346,10.6796953658819,12.0701745692337
1,4.4516888653014,-6.0385460366968,22.1070584754908,14.5678842874169,23.7199183694313
0,3.48391340958637,5.41502771222276,14.7843144928618,8.95943623764865,7.60397913606847
1,8.87790999570968,18.0748641005426,-48.9065862912607,13.1334258043857,19.0131463813191
0,-2.06756858414295,7.88298066657953,28.4669214899068,10.1646849954976,6.70054614271055
0,-68.6097287331882,10.6615446812023,-3.55692460939449,10.9935758524987,7.302911590222
1,-6.33290225146383,-27.1344376186632,16.7134296323556,12.5678167207812,19.3945904789406
0,0.393511604979671,26.3340833304408,-0.460520658931891,10.8381995013158,10.9031053147311
0,-8.59096331019578,-23.6301206215525,0.767175023483158,10.8439409508793,12.3656442043879
1,1.10373132626418,0.507429597469525,-15.1545468678428,11.1142395749283,18.2249305814776
1,-19.5638505424432,17.0788569152893,29.6216625620496,14.4909841598649,22.2084151118281
0,-9.48405319444164,-7.281230471916,3.3884431509414,10.7743775063212,11.3943530886419
0,-52.4679304995633,11.261064801399,-10.5641481431446,11.9685258722775,12.1685572563793
0,-6.89850834031504,13.4901344040912,10.6481308926787,8.96909665228015,11.2547194265278
0,19.7658876439979,-2.53572028444162,-5.05708215002592,10.6168192542292,13.8010080037208
1,-8.74926937105466,-27.2825481340111,-3.49741283924374,13.2728676539684,22.5811596234506
1,-32.5792328572012,-1.02949154863596,17.2835382548502,11.9203899998063,17.814956420889
0,0.743922414030215,2.65111144813931,-23.8633882044694,10.9339706980018,10.2762640277024
0,14.584954860686,35.7765879424995,13.2397225175113,10.3025765554774,9.94263005792323
1,6.92619823034336,-33.7000862790047,27.9929260559211,12.3500064725416,17.2673309178056
0,16.4472005386627,25.6032626604014,-14.681717689903,13.1223533563942,12.5834974184946
1,-7.11509268399907,12.7480686730044,-34.0789782234102,12.6772675207354,20.8375590553522
1,10.2871615081195,-9.48152438608155,41.4778006095483,14.5104136578816,23.6591804243998
0,11.8540521236532,0.276078888213232,8.3470099303664,8.79382559489843,9.2849420357653
0,2.38645028738222,-6.47711425315585,8.53196188196474,11.8790694985443,14.7989455486237
1,2.13413104309781,18.7240524365753,16.2249106024804,9.94414247139064,14.8927662823554
1,-6.59368004775508,-5.03306942858048,-4.50803435584589,13.3542976096923,19.1030207403174
0,-4.21460479564047,3.08009070291248,17.7339755376812,10.8662790833007,12.781851757681
1,-7.58408265397399,-20.9461765606356,-4.68328406034755,12.3366581288903,23.0929419472469
1,-5.00915172652631,7.31863813286114,2.76521410939705,12.1909004417402,20.5090477965695
1,5.07658293047388,17.1040151536808,-4.35188017255257,13.3710109508652,19.990664917419
1,-20.175540772873,-10.1400333629427,-17.4704897465747,12.4808480881031,20.0403214213086
1,-7.73244591661507,6.96032719508108,-38.7631447493123,11.2784721062501,21.5711210021157
1,25.6186535222652,-46.7996257112451,-41.0670809431275,12.542514809112,16.7671385554818
1,4.12848179216285,-14.0062348256507,-25.9697343626721,12.4753335430408,18.5654933243781
0,0.618929422341168,15.9092810271301,11.1874692431912,9.00375581036882,9.32178555243958
1,-5.48308718767172,-13.4357004535358,9.11169922163597,10.8153559550627,17.3458243695245
1,-26.6821072104354,-12.1813574511783,22.4175008563055,11.2005014017608,17.2753379656368
1,-1.99557781109801,-3.20852669499647,-9.06472084645774,12.6049772617285,16.6993147737944
1,17.6585179076563,14.2652564432473,-14.6533637467024,11.1067132580114,16.427340463142
0,18.1171930717892,53.1752255503934,-26.4988469759472,10.2417299904138,11.9195010085135
1,-11.429443777169,4.72972106504412,15.4196690016345,12.8705647840202,20.334936195391
1,-9.58439767907275,-13.5429223561796,-18.0997326527943,10.9689328576118,19.0096750860705
0,-9.32994952001853,-11.9530530800679,-0.628399799996217,9.99771043813433,10.7271029293527
0,-2.45175587071561,21.8749879968079,-9.203382080245,11.6737058321449,12.3241542272619
1,-1.03629008695131,0.667690455415962,14.8878441070064,12.0921727977837,17.7346980115624
1,-31.491403763356,6.93779883947926,11.4535474072797,13.8618530152058,22.9124335472745
0,-23.1224948757362,-2.13622265521948,12.426893754991,9.64051550725644,9.59621857770358
1,-24.7310270232217,52.8783465840638,-29.0126494958512,13.0895295171062,25.5412611584985
0,6.48498312692183,-2.62801444165672,-6.5543203555428,9.26328190961817,9.99641332637662
0,-4.44014450632282,24.4474710770018,-3.71738291244874,9.98043102243465,7.74078908190422
1,9.0114082790198,-4.57882788796634,-10.1575735728865,12.1741091488995,19.5454103448977
0,-0.620956997212969,38.4570688342066,-3.7565287298001,10.61259347883,9.10151731291159
1,-12.4586397671509,4.87301657545921,21.4913213800114,13.0511862943272,19.6317390047996
1,-0.852109924670687,34.8743390382487,15.5795392081517,12.7165272368596,22.2817373114767
0,11.8702746930584,-21.9130138918395,-1.17809745523459,9.43517631309911,7.44455242011113
1,-6.14444734504012,20.5715372236083,31.9818045293223,12.2553217763329,12.8797771617747
1,-1.83959571945046,7.73930069384585,-39.7848696642898,12.0013461097502,20.6078971110296
1,-10.5908808074304,1.51006261153483,24.0605433351614,13.604285953851,21.691261304925
0,-14.9595574407807,-41.0896082270399,-5.34472332404612,10.8395585259891,9.33301383339476
1,-4.78589644696542,17.7109633708329,0.613248269831021,12.4847638035619,21.4242694601924
0,0.586204229137082,8.88537661637491,-16.8589767303838,9.67816355927838,11.1253671638639
0,6.80631129240752,12.186542287349,0.114094535955802,9.96121149489426,6.80351457467553
0,10.5389035659379,6.72343639286937,25.5321600930398,9.89973888737358,8.45019073734422
0,-14.1376910427277,-10.0585050965273,-6.22709429502087,11.2928147783429,7.3941214370231
0,27.6976953655902,2.41173512844845,-6.42687437003395,11.2608180463722,11.8856800769199
0,6.9875126208868,-4.42826435492893,21.2842479619828,8.94727781041848,9.98488352632132
1,-14.3743585552607,18.3679427258984,-10.6047355326195,11.2305449422059,19.2370630270355
1,1.42548514997275,19.872498530854,5.32411411986155,11.2364420866583,20.4601118670009
1,-13.1317909504605,-2.59885238640007,-43.5978343695724,10.8215433011838,17.8521713598481
1,-1.22985224108248,-62.6572656111416,-22.6281522003803,12.6739720722875,18.4349609769308
1,-23.3887276950068,25.1370538274002,4.52551161655706,13.366858657875,20.5388664609993
0,1.91937639806052,2.48820370043974,-14.3034228669864,11.1533501123106,11.7237044693693
0,6.30560508604252,-6.89166273317741,33.7915195181876,10.3311989374384,8.64648260615142
1,-2.76593308795611,2.06874541681682,-11.3266653893918,11.7411634016699,16.0078393587176
0,-15.6206557182287,-4.78135179356236,13.9219547925814,6.68614993415012,5.10663785775783
0,-10.9691047060074,-4.60379730935318,7.41833133845711,11.133431696971,9.93159453796863
1,8.66681087134615,-26.0679675466909,-39.3703584759384,13.8904936490416,25.5241038710201
1,20.6589709011613,0.932141148958452,2.66029020639683,10.5310463818654,14.920762517941
0,-6.24359747653711,-1.33383732264165,-6.82682803554339,10.0922317000833,9.35903454408102
0,-12.5615012264184,-7.15908898201341,-15.5287330752031,13.2750790666505,12.6685193180633
1,14.3908081907278,-2.15364110258953,29.1199592436175,13.6634332196504,20.0934461872806
1,7.08963963659054,19.6435058458779,23.6975042050523,10.7325335975163,16.9553675787795
1,14.9221188062819,-2.98345932118219,-16.9724097619507,10.5744532183486,19.1355918941353
0,0.972382048101567,-28.036011277521,-6.16135992016282,9.87239287376415,12.1625086959733
1,-10.7636240635836,-49.6883916493242,19.016915517328,13.6966275725506,22.2404994542032
1,-1.15340182497636,6.63207033743705,-2.4285058018402,10.7387751129221,17.2768521797788
0,4.31316836264036,-8.63907954052101,-12.4396833145011,10.5262206009522,10.9020111064032
0,-4.29469108170844,38.7458994108749,-15.4732969169142,10.5376659145558,9.26424191164529
0,-34.8255664547141,-18.0920274891423,3.51909989329284,11.7995270636654,10.5797880552279
0,-6.13940649795305,1.93456903022743,-1.86860330293344,9.45592728617824,9.12164198883992
1,-2.3077345788276,-4.21005331567114,21.8961737373638,12.4413551756403,19.8742974063466
1,5.94925886202681,-12.4911400172773,-3.7038029691915,10.9111010695887,19.8805860802338
1,-25.5559114754515,38.1854567219592,-41.9745197417852,12.6008760173979,22.767246834463
0,-11.090911774497,-12.7597370998852,-0.337594834040119,11.9233241577896,11.5756089004086
0,-0.12990370454249,-43.5698646539205,13.6398421125983,11.1232078139193,14.9551302468235
1,8.71722997619734,3.68196247893249,33.6352147896921,9.74958374282371,17.0091285697262
0,-3.85810887887527,33.6571803081694,13.7072927041286,8.58608350887628,11.3444115332556
1,-2.55380878882147,12.4055521149765,-10.1674693690551,12.0192994071323,17.621941703142
1,-10.9188187660419,20.7747704387207,-18.0971797785331,14.6194674370037,22.1444519503029
1,-12.5257135610211,-16.9030948905787,-6.7762603628383,13.4166814469041,23.9384620591607
1,23.9429061193687,10.7829463784706,5.56037479885849,13.3415137881385,19.6380277526458
1,-13.6627178110442,10.153048713759,15.2826495535008,13.2253289695886,24.1038776146578
1,4.39062016114121,-19.3513677585482,17.1769994868317,14.3908737024407,20.9759692729452
0,2.10530676797517,10.1033966203334,-5.14412492157612,9.02225927946562,10.3466100192434
1,-5.85975125571499,-13.4874195444572,10.8286689000565,12.3738851206327,19.7554283931343
1,-15.7932321315301,-23.4891470461882,-16.7595612705406,13.2119763807598,20.526846508114
0,21.8501374643599,-9.60559926480591,5.2734169742191,11.9072388904595,13.3382460138281
0,-5.73174937948404,-2.27490425868464,-13.8508254683378,10.5913927616474,8.8723445112789
0,-5.73135713635858,6.38062192192236,22.2309575722785,10.8293033202015,7.95868915015684
1,14.869919868737,12.3036618118629,-22.7441875438682,13.7801418457495,18.8076881547486
1,-0.0234946326268441,13.5525273074256,18.1593264811507,11.6481771124822,17.7343988888046
0,7.39709427404638,26.9183178114969,15.393576670371,9.98855542242422,10.3352152174319
0,5.86887252245829,-3.10005388198068,-17.5543287433388,10.8747128958502,11.7766488938561
1,2.47723100509394,-12.6622300432838,-21.847284829683,12.3507148569908,15.6262671608361
1,-17.760993981901,-7.27448275697429,20.2358028618906,12.4687955359769,20.9484705738726
0,3.13129293347896,-4.45580438380216,-1.00098261480563,10.8628503049968,9.00377068329136
0,2.91705553312805,-3.31462795203325,40.7006990216553,12.4046168278489,12.2737730804672
1,7.90116743209574,-3.72809571549603,-30.1066966993108,12.7739499130417,18.2454917965439
1,22.137856834408,1.79677053626108,-9.7562194997228,12.5363286317914,22.0296797938961
0,-10.3054372503549,-8.47396522289959,-7.38123994634895,11.022452624757,12.847119801324
1,-10.7843332674048,-7.27344409324524,-2.32239346661802,12.2600570048841,18.8394809410006
0,5.50846162990737,-14.5080133975568,9.41602222577817,11.965461047227,12.6693533314337
0,3.0547363744916,-5.76507521786593,-37.8401082190978,10.9816519361531,6.26026825300958
1,-1.69636410397732,-14.4645298559099,-10.935674307635,12.0590564794591,20.5174635061936
0,-3.98998101136764,-0.861153794694843,-18.4772990495821,10.546601480453,12.4871595672926
1,-15.1875233193996,22.6410330659365,-6.4710766062721,14.5904273803408,24.9411853008119
1,-3.68447923207667,-19.2460292804212,-32.18851357524,14.705976546635,21.626665275526
0,10.2233195793568,-42.166423298506,3.86377301899643,11.827192428958,13.3722375063945
1,-0.362075805848391,16.3153311509723,17.1197079766317,11.4974080359206,17.8165140803984
1,2.26696326823368,-7.10114790131503,24.98438744113,12.6781657327652,19.2959243015466
0,-4.44402159719505,-1.89946241941158,-29.6781318535975,10.8872013205523,10.1701638426783
0,1.41521663560127,-6.34919464373773,-8.58506109292845,8.72227156998576,8.40192543434553
0,-16.9058688968979,8.46299779254593,15.4205128771674,10.9530407213053,12.05484231966
0,-14.608319372129,25.5711562745115,-37.1884457823,9.67757918923868,10.1961283955255
1,-14.0654770148401,1.57368161963653,38.7329094228138,13.3041579220891,19.9179789865902
0,22.8756476996953,-7.06230656443807,3.0427278496346,9.72302011035619,9.34925098698444
1,9.51612768909435,-0.152437358922756,23.1917947670721,12.5588359834146,20.190446982069
0,8.27585699134603,2.80598240019109,11.8728224144412,9.41120095063503,12.1062277349063
1,9.33853296430021,-4.87778563241893,-28.8502366885729,12.3565308839617,20.9395873970563
0,3.47215036760161,-0.884243203890586,-36.7615878829616,9.73254674533875,8.96794172259531
0,-5.55755983139583,-2.21992661188804,12.4201913835664,12.6346637862905,12.5494133120792
0,-6.86582092579832,8.43558992556671,-0.00982512305196669,9.54688953760741,8.38690306826671
0,2.98736309776061,37.7160132433648,8.81491688804554,11.5617710179063,8.79519854701069
0,31.7822580046215,-35.2685102470591,-11.5684091570704,10.626789527926,10.6138673695057
1,-3.3347103653576,-8.75672861976396,6.8221977466959,11.1065887122331,17.3960509099483
0,3.40666672524215,-13.8296204606685,-0.993217730003826,9.40349354730147,9.02830075151957
1,-0.870704954412962,5.09902201540208,6.71345082271244,11.2019561877305,18.910974940984
0,-0.821998474005873,3.91285887513396,11.1259239965909,12.9516776416114,13.023227950901
0,6.36096872579229,18.1626499735373,36.4134571156667,11.7805893834884,14.4756582625732
0,8.67750133183304,19.2554465874627,-14.510291244165,10.0838413421202,9.28991775463106
0,-3.81981362478821,-0.353959945758605,27.7389686758421,10.0606955592936,8.74097797841024
1,1.33384066168474,-7.89153874165343,15.4287112129086,12.3195878005757,18.7448454001511
0,-22.0313190428714,-7.48929898547164,-36.4995505170997,9.23583470996717,7.59208045933473
1,-21.9189553591108,-6.81656554354942,50.7002710208315,13.4913892092519,18.3735023329595
0,0.877320311775463,5.22833952544094,-16.7039087876639,11.5687301181761,12.9819884105243
1,-71.6398725014536,10.5208910520441,-9.87308336114307,12.9900615022771,20.5829780595846
1,19.0371260500148,5.39546819087655,-7.51811535456301,12.2993487795845,20.2263705440532
1,-0.258292539444091,-24.6064441902223,-17.2437989315448,10.8302747559325,19.5473418098956
1,-15.5142724785591,-17.9159180316844,25.7496955665923,13.063025603215,17.6420460258781
1,-18.594441322139,-5.05882626578197,-6.18841042959562,12.8170203054518,18.9881699593131
1,4.95765422050868,1.99438055953705,21.7919344184801,11.7962009301229,16.1470227667215
1,0.460346569566314,-5.1995270321336,39.1653863149751,12.6422588652161,19.3597998656547
0,-13.5363577293353,-11.0862408434157,-6.14209656488331,8.78177998016228,9.72794786061477
0,-1.89179680580887,-3.3885105039372,13.3166270805444,10.4429170848693,9.74652107402184
1,-5.4755764625076,-3.44792586521262,36.2313336245025,12.5471804718163,21.1434337909672
1,11.6545664365928,-0.310058340423503,53.8539374627045,12.1372901014602,18.7490489404186
1,4.99689861572457,-2.82338587964457,11.5114007105738,12.5832928340053,20.615270879348
0,7.20868458786765,-3.60726167025794,-7.44040931578355,7.47200747559059,7.37118046085806
0,-3.41070593585755,23.4751643118355,23.9465855626209,9.12458255967656,7.57742947055604
1,7.93151407700519,-2.07981304183439,12.5867502868855,12.1579000971298,19.6096771032417
1,34.0384537673122,2.28607213957625,-31.9122218129749,12.8858866027486,17.8333458646958
1,12.3130901469396,44.7997473779801,-4.95173788204819,12.1339570298818,19.4036672080089
1,-10.5837675981892,-3.58456334783255,-2.17656532739765,12.4077970465959,19.0058281201191
1,-1.81078859536085,-14.4551542209503,4.44947896336181,12.2326357789915,19.005902316083
1,2.88047033792983,4.48308746732642,-3.3021871114784,11.8170591029325,19.5510174263789
1,14.3146076993254,46.5998844810477,-19.2276205139278,14.8184587925646,25.0407443369402
0,-6.88050149478805,4.3811586624542,21.2683266956169,10.2495051794091,11.9728994211038
1,-19.7625788685983,11.3414536042665,-21.3159688810432,14.5755755410148,23.6139831696695
0,-22.3589269901274,-0.295713823366682,-11.3939954479986,9.85658271480462,9.14571962751998
1,-15.8346378314002,2.17814236067041,-3.79114575891393,11.7282141596804,18.1121360043067
1,1.37207844849149,-18.1767087992045,12.8085254772545,13.3940510213713,22.0584417842728
1,11.6767857077286,-9.86435642835306,-20.5556178014523,14.1652892144996,23.127634068231
1,-2.33442766599695,9.16848081888272,-1.09726864011897,14.4631972230099,25.7488988371418
0,11.2759225390977,-3.12122255608747,6.50956043927267,10.4140602746633,9.8451409095811
1,-3.44290403135937,13.929685369392,-2.96072913593294,13.1848746010293,24.1126539691682
1,2.37165147879828,-18.4624351895966,33.8182855732454,12.5082768265258,20.6480838391098
0,-3.26729527655174,25.8750515747352,1.55153258264407,9.49289467992305,7.62366027447554
0,-6.51137943195291,-10.1192306188918,-2.83505420506029,10.2560343746725,8.27194773392349
1,1.81717630770256,17.7011495136957,-19.782524976122,11.3449316008764,17.7133763365805
0,11.0306212135086,4.73823095219509,-3.47598027356952,9.20028594102851,7.43237759454848
1,-11.4121540352859,19.1648529531827,5.17191553669148,12.9921327554009,23.7361179720115
0,-8.89704669755382,-31.2913198329258,-33.1403585975741,9.49804751636585,7.71612773259171
0,11.0036041002733,22.2383755303042,-12.8707639406866,10.7255486280781,9.10179405534255
0,-3.70181938551005,-1.93658799006749,-0.415445355647122,8.87923921210135,7.14505848869541
1,-1.87225561714836,17.1263450874143,-12.5398342005324,11.4867204787037,17.2893209493331
1,-15.7070932211968,55.3176044302029,-7.79572019490892,12.4560632792253,25.3624691119622
0,-8.86610939320855,6.86560835380518,-27.1707378180479,12.2203526516883,12.0174348664452
0,-8.59927067019935,17.7421259515258,-17.0974813549744,10.6836340238494,9.84265072671132
1,-33.3984755783941,-17.892747997167,6.18607508454509,13.4479340814308,23.4467939599649
0,-0.778500412262961,19.3611739977145,13.7948856740599,9.00964815758887,7.77746955179677
1,35.9372651557021,16.7123264081178,-6.05301710273422,14.6557457546239,24.0719824560354
1,-3.91164055121575,-12.2240015607608,-5.16231986250533,12.1896579896866,16.9568616136688
0,-6.48118956168479,-0.335714492402496,-1.78003988357424,9.66677407860089,10.1353260630791
1,-4.61196207730427,-0.596607480879104,10.3145804841866,12.6996270474707,20.0146078951051
1,3.46059245421968,-31.4930416116221,40.4657484356656,13.1614320273292,21.3582711154861
1,2.34033797162863,12.7950328178441,2.92602631198011,12.8181855266517,19.3807087671121
0,-21.8270159978075,-12.0664103440002,-1.69885718604107,9.45426964159907,7.52842280330881
0,1.30586355230449,22.5289564871275,8.11121390706733,10.3231359917876,9.84388197751162
0,2.30146353357515,-9.59362546423102,-0.506349186902801,9.55524962533694,10.7970212065659
1,40.0234635660155,9.60321029381466,24.0488846590088,13.2576610692904,21.3169144980098
1,-13.9756097237877,-0.467976212027941,11.1903815442846,11.6749563829274,17.8751456412827
1,-7.43376368668375,-2.42895087560427,-10.4952935305126,13.4498704607389,20.3975806493146
1,2.81177279622676,15.620324137383,0.563576969962557,12.3368503786261,15.7110793517447
0,-4.50733169488938,29.2738818789808,-10.0912683453289,10.9470326939963,12.1719393246392
0,-4.05776664479847,-10.1840544004531,-7.70197805253507,10.0708537985997,9.37200401372883
0,-13.9121693626311,-4.18096828894956,9.80887372151545,7.60004091457181,6.4183911569985
0,11.0025897896086,-12.1308230399017,2.67063201403835,10.9546390682368,13.8011111673039
0,-67.9398972048292,-9.42966837924796,-20.6346123464823,12.2976921636735,13.0818494796213
0,-71.6113743417935,-19.8863566357822,8.16933770491712,12.3088338238808,13.7991541816126
1,13.3474575362038,0.137178398658019,-23.2970906108871,12.6753421137657,18.8018626562722
0,20.6657857079942,-2.31243307197715,14.722531146539,10.2055354228081,10.3301618408362
1,-13.2420312304664,1.27419590215802,27.6128718116194,13.4164300992393,22.1207267537746
1,1.80981265560692,36.6540257515647,26.8823901362843,14.1624716891981,22.1359201725856
1,-7.01743104768236,22.3062243061202,-5.86032475083482,13.1970549463044,19.4173862374615
0,1.73700424441274,-7.6537998575623,1.68606748673293,10.1339790976574,10.1872987963438
1,15.7861818040186,8.71256336221968,36.2732344164961,10.292179300453,17.5148798007306
0,3.41524809399507,-3.33798316576109,26.1920744750868,13.2196814939948,13.2792049784986
0,-7.85970585348444,65.503226528791,-10.6071474026457,11.3628249284651,12.3105667237781
1,14.6717955727159,4.56068443802327,-12.2318562403935,14.9372197698821,26.9654409428754
0,-11.3068737661791,-8.56390022477905,-8.78658666449167,9.91234741765188,10.0401853788296
1,-20.6209546993066,7.47223622287216,-42.2465873610715,13.2522582074428,20.5773192222726
1,8.50997302720791,8.4778480821099,-14.4957328300436,10.810852918789,16.6216258378171
1,-1.16658315718335,-13.701014544989,-2.09969135468171,11.032217409948,18.7849837898272
1,-15.7052728847721,2.19110810971809,-8.74591269756371,14.2874072527164,21.2598330389898
0,10.1588957806673,2.65405402625833,12.0519961757644,8.88958570775955,7.35002410281719
0,11.6153659754572,13.7583615194368,1.5402459899016,10.1648602276944,11.9060414301118
0,-4.36437262580559,-2.38898515302766,-23.4551392272594,9.84738683225382,11.151314483797
0,5.8887346438296,-8.95037940381232,7.35631403764253,9.50997972562778,7.67249548055138
0,5.57308538665519,3.94960376731899,8.20252680293949,10.1098532138193,10.4949736015918
1,18.4627908880852,-15.6208957198786,16.1809822520795,15.2056553004549,25.4105622755372
0,-4.83294788624278,74.6978801836338,-15.8558458129061,7.69044018661608,4.70055010637653
1,10.8548559623966,0.609572391409681,-6.19487916836672,12.537864062354,20.3811399917848
0,2.84331919458712,-40.6422220490591,-4.49611843683786,11.0942005318666,13.5322829082634
1,-7.39266969235577,7.187880082448,-3.38724406804341,11.7563375360457,18.9160450723426
0,12.862264261549,6.19079490446808,13.857365319982,9.06873809840189,11.7164494682821
1,86.7765757407216,-8.4622867953371,31.6777453386064,12.5658343472908,19.9795462391928
0,-9.62173240640415,0.753539808631109,-8.93686978160522,10.6567871860786,12.207169130363
0,2.32812040451198,-3.27453886579807,-18.2265501431688,9.88728502428994,10.7441687712722
1,-10.9243935806846,8.54760593156877,16.6982323132996,11.4630777497637,21.9744500280798
1,1.75672503623635,20.0111614538127,-13.9758024858336,13.3298871331933,23.7131432867456
1,14.4981644994988,-6.91933444087236,-13.774460666431,11.018366133462,16.9354302752684
1,4.78482129418659,-7.33784734106447,47.6692315273583,10.5906687392421,15.1434962188869
0,-10.7959999692735,6.68166939815918,-5.45907833933682,10.49667459964,11.7805393612197
1,-46.8356859188355,17.4027187668764,-34.0861470855712,13.0820553658877,22.2372248677061
1,-8.85607638758536,-3.373572042498,-13.2818131659189,13.1315669888437,18.8195409832159
0,-5.1338745925305,0.954183295836242,5.72825120494849,12.0683710761917,12.4898761910509
1,9.78259107190652,-12.5043253963389,59.3282824347664,12.806963503662,18.3042952430465
0,-5.80945129677743,0.374569613222997,23.3826078347191,10.4044670253317,9.0639092690558
0,-10.7206928775991,-1.48512701433082,40.195222184292,10.3108992559111,10.1810153038927
0,-2.05915823006229,10.2314454847154,8.18695332955218,9.8139158504561,8.84528342977578
0,1.08964637939465,12.8787101284145,7.86519745182517,10.380678292659,11.850591491369
0,16.6133668967202,9.92629733275023,-12.5047452466389,11.4828190541129,11.4748140405389
1,-1.30247898516279,11.1350626000732,-17.9763866047583,10.915950677545,15.6896759964641
1,2.71271646795209,-15.2268572675551,0.652178441407354,15.3732660379205,23.3939181518517
1,6.62455418751298,10.2613973829945,17.3959385715227,14.1079427608646,23.1901513807794
0,-66.5693921811233,12.487449754772,16.2298888223227,11.4806763388335,11.1149609848994
0,3.41534866711694,24.0947002570153,2.32579396920308,12.5637240787993,11.1965140247093
1,27.1052667497516,0.767785471488384,34.1979137729876,12.6458668895157,19.9327815470501
1,-32.0066870771135,0.814785965861891,-16.9731328447892,13.1994439527941,19.5017867951127
1,39.1732769608049,-5.0226957074288,-36.1898661289258,13.274761914682,20.8551264209283
1,2.49051559531308,-2.32490599558708,24.3229236204664,15.0115755006674,23.0393446645757
1,-10.1519656226028,18.397424954919,-21.4277969572577,12.6058360310762,19.5979004545609
1,-19.029980648211,45.4023859727788,-27.035138627118,14.6288906647312,22.2505983821197
1,4.49993733614361,9.87169857235301,6.3271199322553,14.5361003655649,18.8332408447499
0,-1.36977722545941,8.98677089979208,0.0161619718584934,10.5011975679922,12.6680142097867
0,-28.3804721049785,13.8359998856525,-12.9634038557746,11.723864203975,12.4968607073161
0,-1.23216223024346,-40.2142525937884,0.248116754158111,9.98202048359178,9.93454847104084
1,-1.68962018065524,-49.5631895395514,3.04406478682264,13.3390055791897,22.5403251843991
0,12.3102879686085,37.1511521559766,17.6695529337941,11.496071198951,9.89662478072394
0,-4.30657763132892,-5.36171846646598,-0.949646119478391,11.8052006297999,13.4127160871122
0,1.60580109161292,-3.5979187600357,-25.8971352515086,10.0030178283186,7.67251402001499
0,-2.72067265856889,15.7978362691903,32.6494219729935,9.9086245818239,11.5221022361703
1,0.940452960154489,33.7632524000862,-7.22054167885038,13.5347190814173,22.3528799665199
0,-4.99597723755924,21.4120141507487,8.92250247666658,11.5179048485595,9.16631956896053
0,2.97889813317862,9.31523329619917,14.660167134005,11.1646479850048,11.1325151611109
0,-7.54914009607645,1.25099000032896,-7.03131309179302,9.84276422272874,8.72313319249716
1,61.992942579363,-18.4797786877619,2.69633732366659,11.9113348076568,19.0600779683234
1,-15.5536292737781,-12.927628895017,-4.25810984372513,12.9460466989116,18.3185984093321
0,1.92564508742148,-1.22418261922956,-10.6512935667982,10.9543807996368,11.6222860389089
0,-20.3753203667844,11.7091877308156,-21.8113697606963,11.5199478002455,11.5205487415293
1,3.3263999800857,-10.9960678397361,1.32927010402376,12.6186461253159,17.6371877601485
1,-2.32756949059205,-1.26121624569408,-8.57137829932224,13.5291326263192,21.9358698761147
1,-7.10575290451092,-57.9054378644017,10.7929505501017,15.0308946054323,21.6992379183373
1,-1.44781371641006,2.93844817123626,-26.5312974688077,12.5949647203658,18.7607249025355
0,6.1273161146049,3.73698251664282,-5.55367153408904,9.97057034309677,10.0183855728276
1,-3.26511172946739,-30.8044883167229,-3.29735705565251,13.027972044972,17.4809519592965
1,4.71047579443488,-0.509964462944826,-29.9157312947685,10.218298661023,19.0171350752145
1,3.70053094882656,-26.4608012181044,-25.5308637269215,12.4212161767507,18.6653322939375
1,-22.570959863321,-2.32853744784618,28.3221045488053,11.6193989277069,17.7147974543492
1,-27.7903751250991,-29.2526742450545,-27.0353035655859,13.4304401101041,20.481263671801
0,-9.70584637326352,-10.4377069770602,16.6200586461179,10.4120433278331,7.47769942116293
1,-4.4475310186364,5.69603272597389,34.2357739776729,11.562855203266,17.512726553052
0,19.8221136851253,2.40579046599869,8.80063659900369,9.8410507956318,8.09948102536678
1,5.50693880930527,-15.0809261521595,24.2866090684069,12.0753684540339,17.9682386209715
1,-11.6523323637606,5.53299052865952,-8.45369446888217,13.5086092217364,25.0465969255721
1,10.0467616501416,5.47998718932766,-2.4832217149511,14.7072504547248,22.6167810927583
1,-7.85243909604201,7.98925338045299,-25.8578358444687,11.3925693284627,15.9683595155317
0,0.868933297053734,1.017018447826,-25.508432498309,8.21387331693981,7.64468664850426
0,-5.99529257973377,7.71602182235221,-31.6211915630473,9.81822259951431,8.79554130468412
1,-24.6495751686962,-7.37492209970208,-59.1195822089611,14.1051440445799,19.0997065298971
1,1.76212649698585,5.23981415757746,12.9182804515287,13.3855055682285,21.1337343145038
1,-6.40062408757766,36.3626030082973,-23.6893878634736,12.4381722875115,22.4940616757521
0,13.9929093503056,-3.78462769519774,-12.8667348223985,10.0886822675896,8.76652070927886
1,-5.3691216036473,1.40401468156536,-1.56050939910819,10.9357578150554,14.4028783713967
0,8.09978906887053,-14.8984422100399,-35.0517529630719,9.63419573882081,11.5986832407206
0,1.15595599819307,15.0517077695482,35.6053833843087,9.80121574086477,11.6592030814421
0,-9.66793900315355,-0.338005496287801,-34.3868816966832,10.7225578045414,9.18654264610602
0,5.31968733802426,-4.54265943220083,-1.18064196060243,11.0908789629299,10.1625333772078
1,-10.1975055402903,55.029305793178,30.6059261753909,11.2158434220476,16.1340904491946
1,-2.61455730210914,0.370995206296793,-15.2635279879956,12.2399597087386,19.8363933390271
1,-69.8408771835066,17.0003461195388,-15.2331529460398,14.0722350146615,23.3814052834462
1,0.364519313701004,-13.6781858198068,-12.0727343171062,13.2869204693505,22.3330682024823
0,3.48192691507872,-10.1565643887805,48.7548437762624,10.7206620247272,11.157020774992
1,-19.5371071260761,18.349950284343,8.13404778056284,13.3328972896489,24.6949667789137
0,-20.5649612298683,8.11641129494532,-14.623253887693,10.1996382418977,12.1360951107068
1,-2.57822000096164,1.88122801813187,-25.7123722345357,12.2493974629774,20.2336190970863
1,-17.8508346791393,2.64827719092225,18.4184371232804,13.3824256462221,20.6566758951297
0,-0.944972566224509,-9.14186169896054,6.135448712444,11.3152724763548,9.37813376715814
1,-3.92320436090244,4.26466796818966,-30.2685878185619,11.3202365869277,19.5731725762893
1,47.1168671305228,62.6712256945827,-3.71780614789168,13.5579660505117,23.6716668840604
1,11.9943925797252,2.86003284742092,-67.3724781787395,11.9786745298353,19.1239781423231
0,5.10013761263501,-12.1817201551735,-14.903218954484,10.9339005497133,9.07561289450944
1,1.84168699904666,25.787192158168,25.5513938412429,11.0057755252448,16.4249507795022
0,-10.4280776804934,0.665593327825874,-40.8008298127783,10.3528207107372,7.97483332399297
0,15.4345700047223,-4.110511494986,-15.0628496910096,10.490983172482,9.42851124351152
1,18.3697309845815,12.0415297538991,-18.3301174894739,14.3318822477838,21.8374432844353
0,-19.4182256720008,1.94681200184506,-5.95749034537437,10.0798806838229,9.13038686183772
1,-10.5055134926559,10.4754394456069,-27.7380343575016,12.4596992764741,18.2656648536099
1,5.33649552442696,-6.47925828160724,-1.43830411207439,12.1358915447954,18.889583066304
1,13.2963694455229,7.65964988294378,-16.045772632427,12.0421353648429,19.4131853489087
1,-14.1480077845109,18.0385059655736,-3.38685209270837,13.6977704259296,22.8928934769648
1,-2.3797482184206,-27.5536124192625,6.66958963568483,12.7213330015358,19.4358506174061
0,-8.96671897942255,2.9732198102064,4.91015081721529,10.4037138989213,7.54261615065611
1,-8.8964902762102,12.952427414209,29.2287439790342,11.5038515609053,16.5783702641176
0,-3.4296014542467,4.04304262276581,-11.9579987571013,11.7750213491276,12.1277993087137
1,-0.457586292836433,-6.17829641071771,10.4183631162802,12.5781792862034,19.0268394400018
0,6.91838357007139,16.7343576937612,2.72227665955839,9.626767459874,10.5916845951887
1,10.5252064712771,4.21187315210435,6.47784237475159,12.6512232811488,17.9053139061709
0,1.33024868891098,9.87422061596403,7.08627784822571,9.91498286471665,8.97519141079025
0,4.2999728107374,-31.217501335149,33.1179443002462,12.9978120005716,15.9050579264812
0,20.2927404199034,0.183736886753114,1.56495815306412,12.0325421417616,13.4812174138592
0,-13.4768148995063,10.6203832041898,8.82000055865997,10.752979426286,12.7714936068203
0,-2.3171625026107,-6.84603526783378,-2.12818582813001,9.1875740183008,11.318483682261
0,14.8075077987164,9.2895980205336,11.3555501338582,10.2977946858594,10.8466180017164
0,5.78475093028455,3.18490792606476,-21.233475020794,9.00518940827606,8.70036621928999
1,45.8089133561506,-23.1405951611508,-19.895375110416,13.4793935394273,21.9880211974934
1,22.9358069708128,-26.4450920528658,3.95439068517182,15.0539452995753,18.9570644539831
1,22.9201616801149,3.9077965431873,-3.80260996431146,13.9258115291136,24.0705497841259
0,6.02184634306838,-7.3154399268919,-8.33269279098695,11.0438751341677,11.7045469520128
0,2.82653471137503,-9.2650253749032,4.36476322616719,11.0860455905324,10.470197785724
0,16.0292951882757,17.2927921896333,-19.323153574352,9.45988848522584,9.1657582901672
0,-14.0697284619509,-12.1836133746604,0.27941557624434,10.3537275739696,12.3195953479294
1,-3.20033006757992,-2.01609114560334,-4.9840273602464,13.4783753912831,18.2644174467651
0,-7.37567032755202,-4.3094941197413,-18.4845254867146,8.23417603242428,6.06186452208969
1,-22.3799119030995,-17.8063457871466,-9.52210070267469,11.9062471406783,16.9471864699735
1,22.4437901886116,-1.4399733650389,4.99024556991237,14.1443690968629,21.9025057221744
0,9.72429595096564,7.40292895121716,-1.53563109869394,10.535706229704,11.1638272199539
0,-20.7293444756219,8.62745608457228,-29.2408962892378,10.8477965459989,12.5394065620785
0,31.8266648834533,-19.2078583293839,-14.709574044183,10.8431639155806,10.0576501404533
0,-0.17483886896362,-6.98000722785868,18.0039451295773,9.91039779970084,10.5018898701304
0,-12.340411686293,0.482752277496977,45.3346447925969,8.8360401306184,10.2916677443837
0,-8.79514779563127,14.2303817675509,-6.04543366379461,10.3643489834784,10.9782119704756
0,3.67492155138933,-0.991973945099761,-4.8000362989446,12.0706017553552,11.0413119908401
1,-14.8565757342664,39.4188927566206,-45.4531370134965,14.5359380952682,20.3287525461251
0,15.9756028191023,-11.6079345413298,-17.7146969547501,11.8101433329701,12.3173544626175
0,30.1764279911378,-11.0974042795317,-8.39356225784841,11.7280765347151,12.8566942489789
0,37.9998865347672,6.21311834723773,18.6101770021729,10.7160212941417,11.4811304850677
0,7.66456878328073,15.1309674152159,1.11298259913037,9.88646317367138,9.62462879675567
1,4.9881687081081,-8.14840303771311,-20.2994448319337,11.1318670606656,16.8245717915089
1,-2.00537634871265,-26.4347531469434,-11.7066176166252,14.1259306647777,20.5015823306712
0,-3.77036620819015,11.4447244977111,6.22547386381248,9.53564575341666,9.8865222868359
1,41.0279110770718,12.3337507296585,19.9412125267575,11.2665384966726,15.0750926692866
0,-7.42757771189875,-0.448707664443501,1.87764156709058,7.5657204425322,7.61235543431772
0,-4.0537838350511,14.277626788771,-17.7937007842392,10.1003968270744,10.085975452274
1,18.5626103051053,7.72474088227031,18.3905012173092,12.78646346049,17.739609711592
1,18.9786039871924,36.3269744606966,-9.5579958389065,13.8855598357788,21.0767201784952
0,3.88649027404095,-4.3056687995235,39.3943576723855,9.70795302837399,10.3211856112396
0,-9.04104618289908,2.15137153943396,21.3741573232786,10.8220040977871,11.2092585352647
1,-25.3544712572171,26.4214154101006,-5.47271838668011,13.0356075999194,20.6856953855208
1,7.91299663955439,-3.91256157541105,11.3476683822178,12.5738815290141,18.5868383584103
0,-22.0834485698223,15.1882782742777,-19.2219772582178,10.7384950372514,11.3613491185659
0,5.76035094906537,-15.4903331996624,7.19683660873278,9.80042431357191,9.44290502274897
1,7.5089365230372,-18.872358055234,0.355025360109921,13.0648427315885,20.4254707553967
1,-19.4094372727198,55.1728233852682,16.6011830110719,13.094205960519,19.9961381024876
1,-18.9142449147604,-1.37571801147026,-2.83077591290128,11.965228613457,21.4032686632865
1,15.7062010814554,8.84793001634604,9.45518469205827,12.8597724128859,19.0531402403324
1,-13.4792742278916,-54.9304820075671,0.555686085718527,11.6944085412834,14.8574582662643
1,-15.6237007969302,-38.4322771042018,18.8091647440135,11.763375148447,20.1833682578736
0,-1.60880106243066,20.0164194778557,-21.7485409893711,11.194016888708,12.2918163459112
0,9.9703690349521,-11.0209697619251,4.64639654849816,10.9593801969163,10.5422210829047
1,-15.8345197689919,13.2568646101174,22.3148173761495,12.0294858491372,21.662150609878
1,-18.8087892038221,-6.0379586078121,-0.759215746653669,13.4778186119743,19.8312682373313
0,-14.9357589039467,9.99201133746149,9.42155781610325,10.3856988043616,10.5470458650548
1,17.0203436457814,-2.02762117909602,-18.7657470053595,12.0853624087201,17.0512407383932
1,14.2960037022407,-3.60651667243118,-47.4104273036453,12.5292083756362,20.976595740102
0,-6.07814227014263,-14.7570359032126,-9.26966931886378,9.61200471242366,8.33529278868363
1,-3.78111383046335,0.209708399854432,1.1675367320873,13.3213802700087,19.3391522512016
0,1.10718268536099,-4.74788707464306,10.0048388723581,10.6302254402941,10.162817766752
0,12.2014466842055,-8.12211372683112,-6.82021417017569,11.5427258725565,11.034630224412
0,10.0993051149976,29.5631927032564,7.46986880644111,10.043735137162,11.0930949277374
1,8.35406691148488,1.01690216436947,10.2356998189771,10.4687032491627,15.9122718195284
0,16.173889205811,-17.7908302620005,-40.9891429698334,9.1551396411165,5.79961471109033
1,-20.8022055948206,7.97754966134051,5.91102165032471,12.4397101985292,20.4249803884421
0,1.72095168855958,-5.86373976577972,-29.8203251618536,8.29495198001736,7.28305529540425
1,-10.4712501694523,-16.4309906715547,-37.1067685956012,11.6333887838117,17.3921825289222
0,40.8625083691939,-8.43166502222306,-0.90947032250855,10.095138459358,9.40751164604763
0,-3.11240428527569,-5.90749213891368,1.03528286409648,9.96129054537099,9.13936265292658
1,8.53790094910963,33.7426901811158,-6.8051704946665,13.0920883210815,15.5324673799313
0,-7.97726499949619,-4.07604733827649,0.999807733490522,9.09216041918318,7.38300493129221
0,-43.615830859551,-7.77130269992274,0.732083385042917,11.1004227647486,11.6979254449092
0,39.2006513480969,11.636329653073,-1.65994956185988,11.163091961637,10.0460788802372
0,-25.5418588753583,-17.5284235073933,-0.608510499950975,11.1204172330367,11.0280704870959
1,7.2602814177821,18.5216858992468,39.2830039908904,11.4922127776903,14.0922516884459
1,14.8979362035116,7.75116289063874,4.18769978820323,11.9704831320579,17.5793361747003
1,-4.66963088102986,-8.08856421611028,11.3580968921361,13.6674860053974,21.5863498782318
1,-15.2263666721457,-0.694481528798736,8.9013119945992,14.6585925686782,23.1800348897627
0,-16.6001825777219,2.70888922711869,20.3353674498028,8.63763386665038,9.27099046732022
1,22.0735409697326,-25.8501288172833,33.7887270020073,12.8316102965504,18.4180858295572
1,-1.50598590117701,-3.29824253371199,2.75720320170482,13.6693157940042,20.3875999913387
1,15.1019481195371,-25.6881226544135,15.6096467950701,12.079462044261,19.0095061677996
1,-12.5925722475928,-13.103390028307,1.78327986631167,13.2315699739837,22.068138822105
0,-8.6451616924613,-3.36276131120318,-31.3169841084589,10.7123027541975,10.0475138606193
0,-27.5851304281791,-6.18738366720152,48.7655079470079,10.8795861578228,10.7788376357909
0,-11.16615484251,0.705765243214986,-15.0986612605659,10.1020780233386,9.64656985346318
1,-2.43850066921041,8.70520881977088,24.3827070485366,14.4124349287374,21.4510839148157
0,-0.976019750667867,-5.83903580402123,-11.8540091132451,9.57960957539165,8.68943878746022
0,-10.9014580776797,31.1274211222181,4.58267318893723,9.22991590123346,10.9768128021596
0,-8.38116486169279,20.5376209353123,-7.31578561969005,11.046537073191,11.8584403155915
1,-16.961443947504,-33.8668228871537,-2.22411000231568,15.6858847876894,28.4683056763097
0,-49.4559958313589,13.1704270969304,-13.7758791143608,10.6034895459701,12.5514215495968
1,-17.6291478823108,-2.88463902622615,5.75275338441484,12.1840838228653,23.6236440171064
1,-4.12053888570293,7.54075472590253,27.9975448652551,12.0082511225315,19.2954230610673
1,-10.7533962279059,-3.65352963115855,13.7806308315199,13.8030504596241,22.964046528205
0,3.17531428992174,7.75860348440339,-0.117560358338861,10.6282340053188,11.995716670391
1,-2.28601841687821,-1.22534417434326,44.2357822730337,12.6723703874439,18.1318438205454
0,6.28913532248986,-10.819610661002,13.4993176068298,9.9820265398934,8.82003853933587
0,42.0503606905623,-3.9634606891443,-8.77223586158779,10.2620894439413,9.51621174062476
0,16.7386696376464,-26.0794820874005,18.4341701019191,11.1203017060852,11.5206920287844
1,0.538225605203773,12.5545473951494,-2.5349323722378,12.3358638172447,19.8609553175898
0,-3.86364619470201,-9.32998433234796,8.75532330890639,9.80070335997339,9.67605949727051
1,-9.11336358038799,-4.80983639929397,-3.43068969473424,12.4264164497589,19.8359986552216
1,3.88868954156581,-6.76875335496904,21.6276973670226,10.2518213480804,15.9293258512596
1,10.3459192086963,19.1099162660495,8.49672779965704,13.5810209625587,18.6634125737162
1,5.08574125099079,26.3769272691397,-5.42271982473442,13.5689443883171,22.1365940345292
0,0.0984111249503325,-9.88258799806825,9.44447646831065,9.48778433052278,6.99899556907048
1,6.20396379962109,-9.18326383341061,-20.5545689152846,11.9662304341454,20.6985883951172
1,3.88689920074148,9.59031881570461,19.8411646319188,11.7357247293403,20.7462367564953
0,-7.84390855857635,1.32207275664033,-37.7958281972268,10.366021451477,9.05566035280063
1,-12.1920832890191,-15.7296608728144,4.50041119577848,12.6100156086458,24.0226303279638
1,7.54892448100584,-11.7735599296338,5.73886258805765,11.7046816953271,16.1334646349714
1,6.31916231510688,1.62626070600833,-44.504769560514,11.7846128925864,18.5381868008633
1,15.5333024762398,-16.9968128713908,27.2112101403922,11.3873865476249,16.8420656632536
0,-2.03128486129001,-2.34183568070957,8.05840916440182,8.32778767969592,8.77369504290473
0,-4.91873244995467,13.3473436403269,26.4576206463521,10.9300003412809,7.74966415419174
0,-4.35654723074287,9.35414275210386,-16.1824302144917,10.105963987013,8.89881103037453
0,22.1515515917983,-3.03805894274959,-8.62409972726418,8.97612113244227,9.11464504149589
1,3.00919102704976,20.5872565440383,2.34387824800953,13.2135889866091,23.1564524874499
0,-8.74045730101992,2.00249033526553,31.8902329545643,10.5305367150657,10.4206903602867
0,-9.67094899813132,-15.7936178066158,14.0082315505981,9.95832006202306,11.6911705798928
1,4.26670787930944,-11.8631308390492,1.41258254873616,11.2121753900809,18.0970174555249
1,0.766658696258971,22.5110167915513,6.27734687613573,10.4568722492089,18.1766678623526
0,-6.90034008675915,-4.19977423261923,-10.0107246203127,12.1729929979308,12.8548977633155
1,12.7180341139471,12.3292456213787,-1.89378308581568,11.7226029793143,15.3326024682094
1,-3.11723816238414,-45.1971864009365,1.9350537223137,14.1083831266545,19.4435410070742
0,10.0989773800346,11.4679474420464,-3.53045937663785,11.6924136697682,13.0660410842178
1,6.35232441451125,-7.12090314951039,5.99075072161642,11.1888941318482,17.0464821099532
0,6.29545646915483,3.09765276208695,7.79411376204735,12.0852302131683,12.0554301300375
0,-18.4830400233861,-1.16607192278529,11.001839376133,10.0069794080421,10.9433599077309
0,3.36593436476173,-4.8334660008901,-9.33786432834075,11.6569910407434,10.2412730832997
1,0.324032434042393,-0.699086939387319,-17.1630805134818,13.7623952843697,18.9452678352683
0,-13.8023250842277,-0.192982125946526,-28.1422158780214,8.56604294400636,8.92920841258637
0,4.72320878505039,21.7130794331035,29.5786868293895,11.2621843901266,10.6804914016026
1,7.48293097481302,-18.4207447555816,-24.5669454850562,11.7898891935882,17.6318526769824
1,0.672449963653504,-30.0221344427172,-10.2607317753082,12.7107055211759,21.5783627825707
1,-2.0840945365825,-12.1208830400013,-31.7016030839546,15.4994351777361,22.9458004586709
0,2.26907733986265,9.30172343306523,-0.719404081674547,10.8588324951033,10.3069475575431
1,2.70350109838448,14.6802070124899,23.7856967921582,13.03849903092,21.6129896279428
0,7.08607797246976,20.4366345116933,3.27375173392079,12.595401024851,12.0116660745205
1,-7.32135407138531,-0.162279354618268,-11.5237295514311,12.618130883832,20.0231376195611
0,0.350264429515318,-52.5758547005255,-10.4463805146347,10.8198383459659,10.4954957963956
0,-6.28361333893997,-6.68007230228195,6.21717662259752,11.6808667073097,11.8674745948864
1,8.92551404701936,-5.08179083405471,-16.3844703787931,11.3609975441334,18.750855495859
1,0.728962167549387,-42.7854076684798,22.021612229619,12.2745820640457,20.3220910430754
0,7.53928423521999,-12.3651753970537,6.76611753572254,11.1266784604514,9.82286318050176
0,-3.86432743095959,6.04745086048836,38.0169700141898,10.0998268669828,7.99362078696269
1,0.717144988629602,-9.35516773116109,4.45036739859863,12.9019093630241,21.4560092378227
1,1.17930130276006,-20.8228503860658,0.169414382683481,11.8368622936497,17.3677433267329
0,-9.76314235913994,9.82286095907606,-10.4115573112523,8.76379165058396,11.7785854746932
1,-22.941578346056,-18.8509803274739,26.4120501034684,13.306018610117,21.5183103441182
1,-0.670686434309639,-9.05704218399346,-6.05323789119587,13.0018080138683,20.4474689519697
0,-17.8863319353622,-4.48643661448492,21.344527532231,9.0427070727139,6.70266610588683
0,1.37846763578646,-17.8030394546022,-9.46735537278496,11.8494230863611,10.5358322538461
1,-8.33988434355246,10.6113335595845,0.907892985474287,11.144359197073,19.2412564504006
1,6.69081582821631,51.1480168218265,-33.5982047809734,13.8283919715315,21.3714356576062
0,-8.95061793882826,5.92598096071217,31.8967143017352,9.38810704477512,12.3376259425808
1,14.5012662744872,-24.0225366604805,-44.4436499479561,13.778440790457,21.5474699858577
0,-2.77121997156995,-1.96765810127981,-80.1512579047054,9.34405654270756,9.44832879508097
1,28.4857402262505,17.7128176577678,-37.5220715198502,12.4249181963824,18.7893783089848
1,7.01911060342007,-20.6516040695271,8.76224811306842,13.4169654941975,20.9613052372385
1,24.26635028827,32.5887664324351,-10.860714609511,14.9164592695873,22.5346296012169
0,-8.97244677738674,-1.39147731528272,-47.9005421548918,12.2656596414207,13.1936744729586
0,2.26491991646263,-6.80004874172974,-7.58315259499524,10.4877720896196,9.29705910851045
0,-1.41357995342275,-9.65639307180851,7.35675084133871,9.86438793141238,7.90274872486763
0,16.3567669834965,8.71163564791578,2.66639616611003,12.0111242055029,12.5254429612937
1,0.238583547166164,-19.9268220183086,-8.26088639356904,10.2926222962548,16.3556652589922
0,-12.8223944638489,14.7215209338552,-7.91053184098684,9.76812679137693,10.2183279965719
0,-70.4775748443254,-0.510608032077801,-7.32008651996418,11.7735750381131,11.7441104316568
0,-11.0086670799733,10.2071765792515,-22.0925069095661,10.6871938561404,9.77014146264465
1,-9.97258292124771,-7.41354832456757,41.8912250928882,13.2432907876908,21.2059838023618
1,-1.06349226930234,5.7869464599676,17.7472314251936,13.168166629443,19.2263847445345
0,-15.0120004220888,2.83418301875908,4.53323516195548,8.83049587579392,7.05872807451551
0,4.38546386614032,25.1561106173994,-11.71621883979,9.33294805877957,8.81419880921777
0,-5.79063566282971,-20.0137734455921,-3.27335304244055,11.144810466073,10.0195135511518
1,-22.2354511079645,55.735483230632,-9.50311408821696,12.4498612320194,17.3469750160802
0,26.6249392823869,19.4943629692474,30.8769300231848,9.60347206688949,10.7302557885236
0,-2.91384749450263,14.4576899061008,-8.3363224487906,9.93037412626397,7.94401808189827
1,4.19101374338944,-34.3369248035039,6.31855194750449,14.8590090919618,21.0289907802958
0,-17.8679061022759,1.66752543773543,3.67550438402155,9.26894860689294,8.51918537336776
0,-11.7723039252144,23.9840946240307,-23.6680593312505,11.6061026206791,15.2008243190691
0,1.52596760291144,7.47008265271014,14.3045076776089,13.1036717587125,15.7889551283446
1,-0.234656184758962,-4.0216713764983,-0.983552781264601,13.5655003074241,21.1009341416423
1,-13.6094548110472,8.70836067266183,43.2306406109257,12.0713729700462,18.4035489959789
1,-5.87260438816846,-5.84768626342233,14.2630157201814,11.321664088454,19.5955157601398
0,15.4990292519697,1.63351022043848,-8.02954253169595,11.4036808039725,12.7266966366725
1,-16.7232146208083,10.1953261019838,-7.82687780506158,11.3565202101043,17.5406305667561
0,-8.73278937213305,1.54864288193887,-27.112926230767,10.1597213624591,9.42693799120647
0,-4.81408161949995,8.83110253949906,7.51762467355665,9.85265345730935,9.67828844832432
0,-13.1160222309906,12.6907834655835,4.84370611241146,10.4154933560597,9.46298354933873
1,7.98611394174143,-5.61019676463616,19.61019834897,11.8880842060082,19.18946509327
0,-13.276422663368,-7.41266218018427,21.9264316105396,9.59414570922174,8.77098687935811
1,-44.9279003515843,26.0047444834622,-3.2141358386037,12.5793046252939,21.1215965401709
1,5.26260620432832,2.50443390670036,-7.68230269524603,12.722371218902,20.7782742079526
1,11.7741851090145,-7.29691044431072,-8.85614535399889,13.4062331158945,23.1454389599957
0,0.671592050729734,-8.50447366946044,34.3906095319018,10.0785260098841,8.88218863781886
0,19.5681751029129,-3.59328741127434,-12.7290052866943,9.93716959383719,6.79513731789241
0,10.1052681974509,16.3562356334072,-3.49529204444248,9.38749833021619,10.9076498346263
0,-2.14907189849682,24.4989826850085,22.8805329184651,9.7496404851352,9.86076276508649
0,-4.43974798918491,-7.7896716569457,7.18521891362447,11.4373613842494,11.8887811624449
0,-6.70163487103305,-4.2667920460291,30.6988366856352,9.70009779651637,11.8138129404549
1,-18.446405271681,1.88054747133305,-1.0036292503308,13.1276600656605,21.3352873719424
0,4.35809544843546,7.9455670117295,-6.82378944725775,9.84584754174245,9.35270917687503
0,5.92325646530462,33.4947793040329,-24.6828864816301,10.8966674424346,7.26854428367795
1,8.02388141214492,-3.31752973705758,2.56187296283076,12.7639235737124,20.2483010260063
0,-7.76903102992092,-0.472864029968974,-50.2642554780222,10.2815361091598,11.1253513411084
0,-3.31141819512255,29.6158101731296,8.33162125644311,13.056414469854,14.5606772461069
0,3.05519088449407,-7.7537133532611,45.7811673846456,10.9509787432693,10.2151161243428
1,5.63393654750466,1.49473227490759,-44.3497576376407,12.0905195204778,20.7933505279921
0,-6.78139559140655,-10.4908307702871,13.1722920521076,12.2389956705175,12.5400537775234
1,-18.5261784669551,-17.8834529572271,-29.7405349933105,13.0206148915583,19.097106798842
1,-0.597137200404047,7.06544369599978,29.0608116112777,13.1383449656885,19.8412101339924
0,0.15204303605941,6.21009849305746,-38.5003802125395,10.3871464482042,8.39828868210121
0,-6.59386249321843,11.9579041361098,-22.4217062678689,10.8901976583009,9.34227599688604
0,-8.69880532378538,-3.94281594179978,-4.20596012172786,10.0320934142256,10.8350047062781
1,-4.07963444329401,-9.6511987489643,-3.71138190203651,10.7895376905267,17.8997363890805
0,-7.50536697110774,25.3398289038296,-4.53064204899724,12.4955715980838,12.9136882088747
0,-0.369183440163998,0.633049546077425,8.9197937728951,9.45289040024249,10.2571001849184
0,-4.86227072653326,6.9481224774648,31.444022988484,10.4559333883924,10.5160874597195
0,11.4866338019693,5.48476786648171,23.2204978996971,11.665655884325,11.1768739718376
0,17.920476471817,6.24355840929825,-32.6375692337874,10.0363835088986,11.3683428829417
0,5.87430703390424,42.0307260571424,-2.01590559030852,11.1377101361456,10.2830866150985
1,-22.468996259,-9.01185577290367,-0.979826543442927,11.5350682828561,20.5723231007274
1,-7.68598892092708,-4.91546793500508,-39.1936396166332,11.3821528419407,19.5874844316629
1,1.72393944386143,-8.10399608219785,-6.55413182658147,12.482392544308,18.8843918733698
1,-9.3885106707272,-9.00109943745752,29.7880393125416,11.6302274780726,19.2801902995017
0,38.7337055535498,-5.20993600388901,2.38854014905456,9.52098639240711,11.1301658049903
1,11.6217023705257,23.392358179125,-6.64825265259888,12.6205503396082,20.0505545359516
1,17.8915859174192,-2.16443413382168,-48.9666820522043,12.8420132684307,21.6681549610756
1,2.3182859029399,3.65419690412786,-22.4592894969064,12.319675125216,19.5992995656007
1,11.0306683290892,-36.3363731735061,-15.3303723174734,14.3122346761925,23.5336950540477
1,-1.48951086662926,-12.0657961656025,-26.2635532185372,13.1838939512759,21.7910935284863
0,-62.250141717371,51.9924139193524,8.85905628265427,11.5569560002099,9.98521347137627
0,56.2788849717061,-2.47328342122442,2.42658408805508,9.84315221201835,10.5110474757318
1,-2.41975590587541,-47.9277208134693,18.13953158798,12.0711062061269,19.847100920627
0,4.81214581859387,4.58006637672908,12.2813116666336,9.5579421260418,10.4534664782763
0,-23.864049823492,13.7225471877156,-56.8207702373066,10.9384230171291,11.0760504642353
1,-2.61032415140359,21.9723647242231,-16.9913745213596,12.6864238566119,23.3592965818787
0,5.07411825847051,-49.2231417148602,-10.4107050709285,11.1423762023731,9.77730762613496
0,1.54536856643632,4.56674794641928,-0.341888903127227,11.2290751201094,8.84164484387959
1,-8.23346754618684,17.8217889611781,-17.9027510463682,12.1042660376904,19.0496742515876
0,-10.2899417313742,2.48398153906208,6.54173848663436,7.67103976754389,6.83163739649955
1,-17.7447203922389,16.0660502717166,-6.49067750859941,12.6172708887841,19.3960113824916
0,-14.9897913093276,6.01897797449044,-5.86931000536082,9.4798032326957,10.3162321497035
0,-6.69815594347284,2.25926410740344,-13.2937946109904,10.4117108219854,9.00579744393848
0,16.9862944981478,-3.71527590393591,-12.2681753059687,9.56568389986433,9.33497614559021
0,8.48963245228734,-8.63960380853933,-0.492232821503119,11.5055585231735,12.0846725947399
1,12.8989880300142,-37.7463151858181,19.8830891257737,13.5276493282031,18.8474383825515
1,36.8393742018909,5.75720914052939,23.6947244883411,12.7390857119082,20.7406213688428
1,-2.74757492609928,-12.8090434823723,-1.0142726151477,12.1349426192063,19.4371102643237
1,-2.52206277615705,-15.0986392300085,0.0525162626088367,13.2534362840009,20.0338962143129
0,9.37236990964933,16.4400482172929,-2.68344375952992,11.6526098180267,11.2424996921556
0,11.023412400846,-26.5970644689881,-1.32273431864934,10.9596742376611,12.1377360318049
1,-1.00129011253019,-9.93637642798747,23.462688149944,12.316576226085,17.1765983822308
0,-0.837271249370163,6.25105910547065,3.23229717096412,9.82679919782602,8.84072310066881
0,-15.5644948559106,2.44016182268162,3.38224124647842,11.2546787684184,12.0002377740241
0,-4.75748661715056,-4.46113897493299,10.2581802310684,9.69903948219502,8.55686286903663
0,24.5255323609259,-3.6661437724528,-11.0494245618086,9.28326654062657,11.4451550622965
0,-1.87094860682046,11.1946484060529,-2.26806108888297,11.6421200933159,12.0408206233898
1,-5.15283843805572,16.5514535719776,-1.43818949788098,13.6005201344792,20.2696458298872
0,1.42834891052569,4.29826434210493,-12.0837620917262,10.9843904775329,10.9013080551752
0,-10.3736552088786,10.9966526942309,-2.09859081563787,8.62185614399062,7.79160436723417
1,2.31914800842806,1.60831939996788,-36.190459036995,12.7706510162306,20.9164671257892
0,-4.38654107650049,1.75811022587923,8.90503279191888,10.365769208978,10.8276750118379
0,-13.9775176778456,-6.38494860891312,-0.881102161287232,10.792763946058,10.5959912090303
0,-25.80233402592,46.0061071426259,-4.16561636131821,11.5176045114014,12.846091556041
1,4.23040023854659,6.36259920761393,-21.3940488718554,13.5670230347834,21.8033169464855
0,5.61950273942698,-7.65470621324402,1.30327262204147,9.8526951679442,9.0241366401111
1,5.17487910622277,-29.7174484775882,9.1416109525167,11.245998106953,16.9113031325079
1,0.218131968364577,28.8779198872995,-1.82252112462085,13.2186417697693,20.9058883872911
1,3.74254674163516,6.21771965561228,-16.1768098809266,13.7195408880554,19.7281583058702
0,1.37735870189161,38.4176688382751,-16.5096609935799,10.0475612933587,10.1625451642175
1,4.00479314316066,6.23196058581,23.9077590514406,12.3452499400111,18.9243065159002
0,6.08090441459787,10.3768065539528,-0.131963557523003,9.20219569203753,9.45918779242431
0,-0.926688933310891,-34.4722348311371,-4.47044065104898,11.0577102146245,8.32662613197586
0,6.90931035474349,2.96312201296369,5.30337423147826,10.7705836414193,14.277733302453
1,-9.14623654837414,-40.7904214737098,-45.9668209016275,12.9531774811549,21.1362789320156
0,2.84355129528861,-13.9706899056873,-4.84851545869597,10.4692989666499,9.03802464504827
1,-1.92785620872583,5.01546354901347,1.51555205752961,12.9016509779141,22.1352328072193
1,14.1194261168014,-59.4696630260297,35.5038105128285,15.0162285628359,25.9278441253966
1,6.39000200383465,3.484637742829,-41.6562268657772,12.3147560371247,18.1381859524716
1,18.5089923889078,-14.0859043059769,28.2926069472842,12.7857637718575,17.7280334904791
1,23.5775397864586,3.1255132869677,-24.6648531089633,10.6902954766983,17.767380470642
0,-0.670289838391447,15.7061161864898,1.0331639747882,11.9781321927083,10.6107313915249
0,-9.61581571099946,-18.7002760103373,22.521708259632,10.4470671995881,8.48889860611044
0,-1.79518007337253,4.88088328920127,-9.62162180690691,10.6303950519662,11.8968568230247
0,-5.03800093704669,2.97510427851593,28.8284314537844,10.2781081341878,12.2977917749894
0,9.94346300328367,8.55508842700883,4.80551443309814,9.57244173848874,9.37878586469215
1,23.0243181466348,-9.82441678962515,-0.231234592354284,12.5583420272704,17.6270810604842
1,-6.6793089821805,19.7985845455944,37.2824470103109,11.9464229215496,19.671935695774
0,-5.89644238267139,15.4063985069229,1.13552868613342,8.98686346706354,12.5505365819311
0,-5.42463282236278,2.71452916843311,2.31186123942259,11.0106740357554,11.4957754131286
1,4.45490185667231,8.4924085393401,-43.8941616556871,12.6396744754186,21.1165561085791
1,-24.0735420838952,-4.08864687350346,3.50972655950273,12.0951476637814,21.0611848648438
1,2.00458203789358,22.4137227797729,-18.0322221866841,11.3665116565805,18.625319379652
1,7.47105844797477,8.02364072801926,-9.89295197163105,11.2735631522874,17.0840867134836
0,-0.981417064520082,-5.96911771795452,-5.89051659691113,10.8517011658923,10.628765433889
0,4.49670047581448,16.1489803690952,21.4434419669422,9.54258195392055,12.7962198742685
1,3.96996083221718,-13.706255352318,31.8492866493566,12.9740851391324,17.6441447852414
0,18.8802570103454,-1.21313275867704,-8.72115545651914,11.0619359712964,10.7874518104161
1,-8.06022681017542,-3.37190567732821,-3.93194096957646,12.4100404981742,23.2859974870304
0,-1.42489755205636,-31.0342044802858,4.34012973742885,10.1389366746258,12.2929233614896
0,10.6229997424754,-14.7721959853865,-11.3877561965758,9.85601056323772,10.1142247634029
0,1.33961310250548,-12.2992360659476,-4.91531303814626,10.3419548840045,12.2110417741392
0,-3.84189482464647,-1.82403048647938,-25.0311360490267,11.2208790581161,9.84148188346458
0,-3.08417766266359,7.90011162560861,29.995135064344,12.2170519398116,12.9640136238958
0,-8.02506854682901,11.4447432415868,-2.29183313323672,11.171369052289,10.4400159066374
0,8.44044524927978,9.55048309507232,12.6701016120555,10.6942960975709,10.8939755529535
0,-6.31787139554096,-13.3166321059211,-7.1545038044053,9.27201944944214,9.05873535706795
1,18.5158153981885,18.9327474689368,1.37058678346294,14.2794866094539,21.60571558356
0,7.14549698220776,-9.47474803688496,7.2003578253881,9.40805897697278,9.50333295145352
0,9.03033833106828,-18.5290215327354,9.56082632067023,9.79462195019808,9.55088008629796
1,-16.7847341438046,-4.36654668430149,14.6247669315471,10.810278335421,16.5115474606189
1,-7.76189341933874,47.6443012122076,57.6839197793583,15.225895876102,24.0685560473227
1,-7.4573328995111,15.2708434392578,-12.8332972742689,11.9310218088491,20.5027836026749
1,-10.5607685292464,17.4077781012024,-12.81754578468,14.016392929223,19.1676730001173
1,-0.174484278000378,3.48734773403409,-14.1194754120467,12.7345847201987,18.9644877901425
0,-12.7953688306189,23.935738648068,29.4486007620505,7.76750273994903,5.62109266251278
0,4.28398151185342,15.0549833450967,-0.800556148722366,9.44666032289813,9.69705165566072
1,-3.97565528156399,12.9819961387628,27.2587350260771,12.2074857107528,16.3386727759738
1,2.02141965982052,-2.36568797101183,8.86111005856966,12.1202648800021,19.7661491081245
1,-27.1276526615882,5.41160068193589,3.3670032911319,13.3731309157103,21.199304312819
1,0.344699646531229,17.7685944392903,0.273721470028325,12.6691111191467,19.6673015933743
0,-0.163517075209178,2.97018475828896,2.4276775658057,11.0754240836277,12.2639551840231
1,-13.0061061978112,8.72473647124304,10.2652580069948,13.4544357388931,20.7055101295812
0,5.97823596531868,14.2039146098555,-2.52971006407465,10.0965717260762,10.4227847312348
1,8.35634909306566,-35.0531602415698,5.91084775570681,11.897325212587,22.2504186462817
1,13.604953066138,-57.8470813001358,11.5696116850984,13.2713151546522,20.100541119851
1,6.65212495574711,34.8132969318525,-59.1846605768164,12.5314508274599,16.7309265850751
0,-3.95698063375248,3.80679612002058,17.0746456891226,10.6167866406881,11.098126361096
0,7.69409697722337,-30.8402886783906,-3.48399874768738,9.89362460293772,7.79765174125481
0,41.6923617478979,-9.90625913557457,12.1692797037336,10.6816609679393,11.3926044731248
0,-25.213398852388,-10.2362258415941,-1.62532719584431,11.2186727396804,11.5822990831893
1,-13.5383033819415,5.87148537778397,9.3133898624137,11.7876728284043,17.6585981670456
0,-3.10875432162663,-6.46887617523288,-26.0289690387423,10.1675361490501,8.13503310825221
0,-1.57980897369109,-3.99951942314468,-51.076933107898,9.26549250270179,10.4469550283012
0,4.37605127216931,-7.44225547535947,-24.6841251653296,9.07759798103553,11.5753655380698
0,13.2505981029208,-26.3622559533012,35.7410444302769,10.3410243898923,8.32979043447037
1,5.27368407270155,-11.1557779458232,-8.56629824927503,13.4322411771261,20.0903920616604
1,-5.58390281116299,16.0865170669758,7.46080681167996,10.6820900191649,17.8058409096212
0,1.58580048244407,-7.7892708672938,13.6839445200195,11.1215669379843,11.5546079503286
1,-8.29336685228719,-3.59609839903843,-4.33806622628164,11.0308103099464,16.7488238778137
0,-2.56469575273135,-4.73346364587175,33.0767205649674,10.7589574604368,13.4417030899603
0,-0.654255445156392,29.4947061641211,-2.61520143687502,10.6810940373815,11.2744100896045
1,-52.9471412272747,7.37236440850792,48.0273078543191,12.7232518172535,17.8961887854323
0,-4.46707513247215,-9.54733356192625,-40.2841933479443,8.50078894202421,6.4111634957456
1,68.9324955670301,-0.993788311560375,-55.988079564348,11.6534597870785,16.4679077219405
0,-2.89052408063627,2.9858200481155,-47.821934022314,10.4567771527834,13.4857196238722
1,-5.2019872893426,28.6795495668526,5.15627711948579,11.5414543280163,19.2954984433659
1,3.10041970911122,-7.63664378822628,-20.3380982283303,12.9907485081513,17.8106252893533
0,10.3846874587988,-7.36705754443146,6.31406829210393,9.74532773261257,8.02063517540103
0,-11.0074539721407,17.4843064485934,2.8576154583982,9.64813813691472,9.49740509677011
1,2.59994645934753,13.428223100976,14.9120760321834,11.6549502082711,16.8705357478161
0,11.005713602817,-13.5326770581889,-10.3049489724991,10.4433144333005,10.2261731017077
1,16.1338573802892,14.4887979725446,-22.5305689973046,12.2434464690079,18.9761211944564
1,31.2428484016032,23.9233882993864,31.405642114164,10.5768720279943,17.6098232482177
0,-3.85728634886675,4.10190087231915,-5.00706247076462,11.8334210886844,13.228771750876
0,-16.0730487243752,1.92617245586146,-21.0313019804036,9.6259819387257,9.25417295948368
0,8.95144780735648,16.1611440387552,3.15818590483012,10.4175194142403,9.58928164975848
1,10.3028272838265,-1.39386355765129,-9.95024194565483,12.1071241232976,17.7781871792641
0,15.2268353280469,-5.45562108011805,3.31807256660363,9.77459091789708,8.74383835711745
1,5.5337923385585,34.9956410981383,4.47195568021452,12.3983076474992,16.556719270657
1,1.87258493633936,-0.95819762680181,9.00383759416513,13.788619707859,24.067450834658
0,-14.3448445712507,-4.93971495304223,-15.3560865902638,9.8754515281945,8.31823963161832
1,-25.245852528109,3.05820870968813,24.3943469898307,12.0104624459306,23.2081003125142
0,5.74642399297532,-1.74326919407418,-25.3412222386722,10.1056808609543,12.4966149854778
1,24.4315500246751,55.350413617775,-7.54873223534967,13.8488941191734,20.3979727002763
0,3.78422940884063,21.7573897586652,16.7908373941472,11.5310473585551,8.06849408987369
0,-4.14699329409049,2.71811739971117,-26.393955586201,9.86408703482367,9.73834213118994
1,2.52999192708249,-3.98816417874015,-0.418938247822824,11.6577292025126,18.2679028521182
0,21.6620039673909,11.9064127537813,-1.42228621245545,10.5456557959212,10.4282492075791
1,-3.64985956036624,-47.519171524029,23.0909931160703,13.9526840560753,19.9038410547952
0,-47.5926041376866,11.2196091609243,-5.28115046947831,10.6510126069042,9.90508998179488
0,-4.15664720536203,22.5663713760035,10.8504070188642,9.7094113841773,9.54505185054562
0,-2.99579584641489,-2.67385208445957,-14.8799676516854,10.145098192652,10.3368725058825
1,13.6508422142507,35.8324010241302,-3.96101134725734,11.837107654979,15.6689953432828
1,-2.81389662047017,4.49734726579707,-8.95041194174793,14.2204687617847,21.5482568645973
1,5.06382973730355,-13.1530231098432,-45.4572394751006,12.2054625205353,23.1631807797471
1,-7.66763513441745,-33.1938650406739,-6.57344917506194,12.0699426795885,21.2103088606437
1,-18.7431602394589,-28.5673743338003,-23.409695669418,13.4003047508925,18.7174443199411
0,1.45102902663591,21.5909306517654,2.5615781895137,11.3039082038199,13.2621476115983
1,0.621696769835413,11.91395834585,-6.58695404818759,13.1749936253819,20.7309568426684
0,-14.364857222376,9.04160929140837,3.38480349059337,11.0139981155471,10.6841503297212
0,-11.7677846984404,5.79059179520997,-2.54449913465304,11.5905464393157,9.4197412898271
0,-1.60904665371742,-6.50411921215044,2.27483820329131,9.56208595942836,9.75246207338604
1,-23.233657758195,4.16899023122998,6.37797338708541,14.6622184877087,23.5312409894801
1,-4.87832957718672,17.725471139447,1.58359978610645,13.0211956738398,18.2964406721357
0,14.8476794426711,-2.8490869409134,-9.74512076847699,11.3217562342468,11.8950339869526
0,-9.87759495061365,-50.3353110385023,-12.2528859414835,9.47152257852366,7.37905286143434
1,-14.0188262522114,19.0645560358731,-18.1568518661818,12.5809862969475,20.7307816332322
1,12.4300119556484,-39.2731805856473,58.9497316769488,12.250647560373,18.8518230341756
0,-11.0162716339592,-11.9020685124668,-22.050703618343,12.0167232014375,13.9293254664111
0,15.3184037137585,-3.22973842867125,-31.6782781335526,10.1101724577715,11.6190017275462
0,-3.40945853044392,1.1927207343053,-34.2003310034102,11.125934151768,6.62033609398824
0,-15.9429588260368,-3.69931786207105,-43.5233976584167,10.1505902744624,11.8163284059496
1,-15.5556964369529,25.7154984590087,-11.027642945401,14.2559729847001,22.7590408798881
0,-3.40534145839067,-4.63630670833251,15.9382443637282,10.7919621515547,10.5816414184563
0,-3.01127209008583,-9.21130440589053,10.808643823487,11.6162613825766,13.539277570028
1,2.67078917317501,-4.88607815219665,-2.6250395115144,10.0040797285864,15.2732610185876
0,7.10499116371612,17.6291901365594,36.0654994544899,10.1970066871839,8.25388596856509
0,-7.40789044764369,4.76776878682184,-33.87993591104,10.9320069219958,9.71359697668679
1,-3.53520147171943,19.0995872429423,1.20862036563048,10.5337445172324,17.2998006851915
0,-11.3178400818004,33.8818271639369,33.3906603599927,10.1729188881617,8.48599418573123
1,5.69799667720786,-12.4199453116224,-12.2580125233509,12.7251305903081,17.2123527204311
1,19.5738049215295,5.13006865092463,36.7610277245011,13.5132967816662,22.2346807003119
0,10.468994457156,12.7943318354114,-5.62612460002592,12.0650819597348,11.9719262559359
0,-14.9940760002547,13.5367995472205,-2.36769539436988,10.8139806801365,9.44819131467345
0,-24.613422955142,3.27347153502274,-23.7926554152574,10.3440721946821,12.0588622233872
0,-0.549335332174389,11.3455588212204,-10.1824192551007,11.3613651447468,12.3384937496447
1,7.21101685888343,5.75928294374627,3.84773337391904,13.3531561479351,19.801229174769
1,16.3556410922921,14.9703011915911,-5.18693758608639,9.43069685267546,14.4689680873587
0,7.77700657237954,9.08519712005169,24.2314888795345,12.3041451346325,12.9374364965206
0,22.0234419931974,52.7516715906254,-2.73760728267149,10.6015031871064,9.42952247115928
0,-7.86637689770003,-3.20146194855908,10.634324087865,9.35456919374407,10.5969830376924
0,-3.20115874539062,-9.34505990204745,-0.643068739801686,9.81017851036837,8.94605585371204
1,7.98430791942405,8.75003022788713,-5.22562308826763,11.2619159052925,16.2080584702013
0,-6.35280155609023,1.64894193816935,-10.2146458741056,10.4339782368909,9.05498554230979
0,-4.67108386224973,23.7392924711383,4.22259803303417,11.033386152158,12.4724215496819
1,12.8130964184109,-1.51100286902739,-10.2444373391175,12.3480935275103,17.5597364482642
1,-15.6576001519742,-8.00670777648883,0.0208293941860211,13.5915144563934,20.7696614554056
0,10.7446192749721,-2.98772441434993,4.61183232139877,9.33607426535114,9.87146452922315
1,2.78242653122292,-39.8782653656828,-19.8179380110898,11.478963320529,21.5660318187232
0,9.19192416145089,-13.2584681833001,-0.689919265289089,8.42633180693059,8.63633767242773
0,11.6575922834478,-19.0678015933895,-9.90254797341915,10.1645055956419,13.1158011674689
1,21.9753625974055,46.2838776233037,-28.6643558365806,11.4063515914675,16.2718229805641
0,4.45963022676099,-2.72150913789165,34.3850250965008,6.95635768299468,7.17117925297035
0,6.46729094026197,40.5408826056912,-3.13871453502672,10.7562940574972,11.5866767101093
1,12.377406350673,-18.8913124409636,-5.58791309788727,12.2268483500546,21.2261602215042
1,11.1530823407496,18.4256100234788,-14.4325202969812,12.9015860767289,19.8490766768563
0,-2.46063416960419,10.9893030751413,10.7382032120425,9.55955234200224,11.2216940630691
0,5.64982829980142,36.2508588814032,-28.2884137532599,10.7774252345892,12.3042276816617
0,-4.59362934671194,-28.1037514117562,-9.31157043305188,11.4266778856663,12.8096520285581
0,-14.5309518969436,8.75439666269769,-9.01224109741701,10.6930703578611,10.4882216302726
1,6.83686848525063,2.41337242292837,-7.39721707932076,10.1181333559348,16.4738532878469
1,-3.67968918679415,26.9260224587465,6.02914329415321,13.8197408613401,17.3438347934271
0,5.88169334674957,13.9913683595012,-45.5488849796466,11.8245068017023,11.6190219666985
0,29.5145364745059,-1.43158700905704,0.471956410730752,10.2995579390156,10.1586805590499
0,15.0855314685178,-32.8115803643707,11.6873602120923,10.5612662656641,8.15531743729208
0,8.48410423827612,-16.0485069715406,3.17542711173901,10.5132287291953,9.95952994265087
0,1.33095817944462,22.9954145365092,-5.02981411053054,10.7293055881107,12.1958277280077
1,-7.76607355887729,18.3990757486686,-13.4243625031469,12.4667282407444,19.3418683785275
1,-9.29842633164956,-16.0148554476416,1.99443495248024,12.079362579552,16.0880735454115
0,10.3598994584061,12.3156082140254,-12.2185226361111,10.5575182764239,9.29996226302837
0,7.54625251558066,-18.5829284905103,16.3242775126183,11.4746789267079,9.48134275084108
0,6.1222240157252,-10.5721187549067,12.0511623693158,9.53774724322595,9.07380922124151
0,2.17533109070574,5.56266316144002,15.1575748073407,10.0915202591006,8.24367084025942
1,22.2340749652062,5.58721160192804,1.19537510900507,14.4220764438649,26.331261449543
0,-4.59810603613578,-0.510903822583218,-0.110269170381173,13.4571941270239,15.4999585967233
1,-49.4239701984342,-5.989880204105,-6.39217414338505,13.6431255096701,21.3952631969314
1,12.2631913167785,-18.271127138687,-38.999328855558,12.8871387091633,18.7925097341225
0,-6.04018485848441,-29.4623154185248,5.12279624114896,9.61028173192284,9.87293192664674
1,-6.53824369163487,6.42487819140977,-2.41270623743162,9.89159889342637,15.0777907178948
0,-8.76913614290086,5.75903454112772,8.60117754012478,10.9640424958941,13.8930086506292
0,-6.92912002281867,3.68946457136596,-26.2699248536738,10.6379779432198,11.7256279009354
1,-30.6777523788028,-18.5017902271604,-11.8425600938029,12.7135202773124,22.3477308424804
0,-54.6158747952932,13.6437226855222,0.181685283672194,11.0418831767341,11.5168171447042
1,-3.12303595593609,-7.56969846613158,14.8804231148507,13.1385469707079,20.6576252844582
1,2.31710037448738,11.7760435078159,-29.972526886832,11.5722944394942,14.0404287327309
1,-10.6389629137413,9.55372712451679,0.0701460685738919,11.9353176803206,18.5390522141924
0,-5.89275781017014,-0.31741946927267,-26.648931260865,9.84808201734737,10.8882330537364
1,5.99039815466653,15.8999573126836,-25.0307959450849,11.9410760213713,20.130519262944
1,19.6605924256339,-13.7418104387691,-21.4158336551563,13.1795574192227,19.5209227916754
0,-43.2584444885933,4.17572533069273,-2.36382061664948,10.5518305358518,11.2819105083989
0,-0.53185517843818,-16.2456485982351,20.4858517797319,9.38539905093086,7.96693835887315
1,1.47619339108006,3.7971561934278,23.7278844571612,14.5199028602173,23.857060409616
1,-1.05800157379057,6.82153514636494,6.43777188025192,11.1141942091493,19.2650261315509
1,-23.9609553761826,-37.1257453739813,31.1674098627615,12.9164912936693,18.0654085677588
1,-18.1669244280369,8.66446541669665,5.88588111098189,12.757125495691,21.3968420382009
1,-10.1238830295825,10.0014133792156,57.6527344447439,13.9995047573658,20.7970425100019
0,43.4621614576872,-4.75039577670361,-22.270915942652,11.2403786251213,9.47360649368499
0,10.062106178344,-3.70233613803716,-10.4743773395224,8.35146277994365,8.03844894308751
0,3.38209946556751,22.9755253549519,42.868522900505,9.1500616410405,8.00621509719897
1,-41.1809223257805,-9.73802646425625,-25.9409906309971,14.3150131596486,20.9627117770919
1,20.8599568842605,7.84369663251331,-24.7833890099949,13.3183202777433,21.7691984933383
0,-9.25793998321745,6.88057796227629,19.5756878304544,10.6629471321492,10.57526644195
1,6.44297128757296,19.9529104364363,38.4079762916341,11.5690800566825,20.3233991873783
0,-0.0350799349888751,-2.26854342614593,-10.737503798977,11.167686117191,11.5628123850278
1,14.8242492271741,-0.80988108982677,-12.6898003611393,13.5466324139278,21.1233804085307
1,-5.89304496937317,12.5753746790699,12.1539068437726,10.1462027701982,17.8017524264263
0,13.7264616612188,-1.19310003349824,-0.824791902571862,10.2039526972153,11.267653977571
0,2.39689314570608,-6.77748884789715,-11.430883428911,9.5676343915288,9.38623537312511
1,3.37373181270548,-1.23963176332456,8.07167198622969,13.6567341351914,21.1345342139583
0,-2.88089348030361,12.5404026061968,39.2427391599002,11.0550150305153,8.64452753270856
0,-11.6513976946553,-4.81429651632467,1.74075081055356,9.35859565312856,10.1419176020172
1,-6.44504430913947,-3.06335271713131,-23.938976900816,13.6749075676083,23.7246777798174
0,-2.514326655933,-6.48191226125732,11.3258604300772,11.4971628289936,10.5133002605349
1,8.02024876636546,16.9903670274401,46.4335638901877,9.55783304510569,14.9639602067584
0,-3.06426202233919,-49.2220583521129,30.9539630484004,9.90098379899628,7.24353387420744
1,-6.80730455885482,-18.1959301203737,-11.4650569575681,12.598902317112,21.8574243537054
0,-12.2685098484456,7.08122713524553,5.76270769801021,9.39813858380858,8.15231896073194
1,3.71517390053156,-3.91762340285145,14.9358981902159,11.1153460501073,15.7292464733539
1,-2.14354040461826,15.7224061824983,37.4605660885745,13.940407188335,20.9413850810718
0,24.4042180974602,-46.9232932354124,22.1415172054213,11.8999756212439,8.74980504953286
1,6.9832981067741,-4.86777382816707,27.7964274604499,13.0941585418551,21.9048959940464
1,6.44451440538794,-12.2732118657336,16.0385329370397,11.6541303671478,18.124675567615
1,-43.4430316061415,-4.75500569118488,8.9778768815722,14.1044005841686,22.3074175076984
1,0.945365836568137,-14.3875968383845,-18.0062357678295,11.7986077031777,20.2118959988692
1,10.6352658025214,-2.48005328903656,5.73656080237669,13.4997081196415,22.1730145869822
1,0.941187924018284,4.93868580156426,11.8541674215203,11.7530615647948,19.1130535540126
1,29.1026954178663,-19.718156901053,-4.50935118931296,13.2230490803952,20.8530037354192
1,-15.2285128309202,-9.19362719234154,17.2811944376307,11.0515029181485,17.88360505151
0,11.7626042862296,5.57423637406599,10.8614821920447,11.3568050938692,12.3173293950792
1,-10.9214504821909,-8.42815697305145,28.6178970740839,13.6787040262081,18.2295837435416
1,16.6563815928277,3.04870000773513,-7.30968305323051,14.2496794201548,23.6738798904333
0,-7.36485339207945,-31.8550814197658,4.18244378154199,9.31067516462941,9.35180457489561
1,-3.39448386540121,-2.2322650980061,6.61406441265676,14.4260815975552,22.1094400553246
1,44.7272942287731,14.1463905119411,-26.9095836818612,15.1348728154948,27.8108699209036
0,7.16199416047891,-1.49444026113827,12.1802594141455,11.7942036117081,12.5394743589554
0,5.06798594952556,4.33483779619271,20.5736653151003,9.55667100137491,6.3125390622842
0,0.107540140601027,21.2452307570872,-23.4213514130527,11.1328866317494,13.1532093314226
0,36.4704273274101,-23.9499299517695,18.9328791204792,11.6004039606678,10.5133191204726
0,11.0462617378473,6.50454493120221,8.66782471270429,9.08796913377916,7.55909806930015
1,-0.541572896303169,-12.6216803668162,-46.8844864853829,14.1373438253574,22.0932739486434
1,56.7028276817059,9.95371195299781,2.76177435637742,13.2365716621152,22.3031141847852
1,-3.73326670264899,12.8243825457618,9.84263303309666,12.7954747470959,21.040115311227
1,-23.5188622313785,8.43690680796344,6.38425034565782,11.9769232410984,19.7027361566828
1,-3.44921164342749,3.88682865952174,-9.7326129086386,15.1952286852423,21.4431095650715
0,3.17911351476372,-5.07260836044543,-24.8049468587696,9.68835544548468,8.97990752921002
0,5.88059179602411,-10.0746664261768,3.96989891752119,11.5986193815951,8.85224191122599
1,-7.61138557347951,-54.9625330223312,2.60104953091982,14.1173370148812,20.3596006307041
1,6.05525750926288,14.285134430988,-43.7189250310015,13.228653528758,20.6502904525608
1,1.42205379265197,27.8103311492628,17.012680299264,13.0198727771436,23.0094053506893
0,-5.43116227519145,-7.28891526050213,13.9494675447552,8.7863314409311,9.31648610174965
0,-8.11696411207395,43.413542150912,4.58154796600313,12.1264054334222,16.8600207924932
1,-7.67540303406502,26.9900260676506,-13.3732013936155,14.9928393404681,19.6382688091694
1,-36.8322502615556,17.7803522774995,11.2567993612288,12.9331355252245,19.8253230981599
1,25.80729482303,12.7301397263196,1.98537189719787,13.061028780328,20.3464125752392
0,1.17183176220648,-3.86741624725363,-6.60726340941385,12.0324593426246,10.1902044231908
0,5.96181282259443,10.2302706115775,-22.669862692639,9.35796645818979,6.12726279661351
0,4.09564087756912,-14.333807579059,-6.58226076216396,12.1886115738862,12.8146438206485
1,-60.07009572439,-33.7970796330198,11.495845865784,12.4014268687934,18.2668340506219
0,-16.9690692954286,-13.029306040194,-9.07893531724804,11.4634439633141,6.75178053449965
0,7.43360897507244,3.15306741497952,14.9929512765426,9.20595751164264,9.55579510429519
0,-10.7951068709923,8.00790581299806,19.9316521091213,9.92360583014884,11.9880441082563
0,50.991365271446,-0.52367933480306,-1.90238463377087,10.8746011051759,10.6789332020443
0,6.60646811641525,-12.1720659752788,1.08094584823264,10.8923492522403,7.75811070175325
0,3.96878638152856,8.98168111631123,45.6460053121662,10.9316171265037,9.4023761818766
1,-6.00589758449699,-13.5021168849668,9.85303303419289,11.998683465504,18.6205862896812
0,-46.8868307738795,11.1870907272009,-2.73243923246803,10.5928497519349,5.64528017644714
0,4.09312863102777,26.2954361625978,52.8526217053147,10.3550355021454,11.3221122870129
1,25.7895219813147,2.0153979091014,11.03160734595,12.5470485930546,20.1999887866746
1,-4.13567618923074,5.9593598239786,6.36667826556689,10.8870030598858,14.5651317547839
1,7.18881070644937,-23.8734841756617,29.3907839551192,12.9163447296954,21.223245969297
0,-5.13645543803052,21.2624652889046,3.87683509098119,8.96195082025801,9.41357751256004
0,0.376414676483133,-1.63036869488672,7.05996413097495,9.52330761650089,10.4740644396325
1,11.4652483385673,23.3589885966658,15.7039678460512,11.4273178292214,16.0564287573439
0,-26.0129682930536,28.560104299534,7.0899687618327,11.2777557305737,12.2895579197656
1,5.3517903124668,-14.8599890087493,-20.2967357044524,13.0417011847082,19.4736935981763
1,-5.25009473114698,26.052703305341,-15.6452522886585,12.7903573312086,19.1313776756348
1,25.281566628625,4.09913513590815,19.7922777587359,12.7351804891932,18.2951387542203
1,-9.77704360010804,17.0562877753573,-41.2493073215172,13.1686618958178,21.8100455052203
0,-11.5622951296372,-11.9314599588767,23.5901749143444,10.6535685377025,12.5853502990276
0,20.0466182417035,17.9529906072836,-17.5651173818269,9.72878974885286,9.5733929083384
1,1.61610284116773,-3.82223213729847,-6.33242687763515,12.8352291468339,19.7501703021536
0,14.5635795255375,2.4615536599319,3.6799580334615,10.6597858631333,10.2117293803753
1,4.90503199691442,0.444826304447071,-6.36526496754817,10.8374056932807,18.8239337996602
0,10.5225158994018,13.2642804880267,17.9540802671213,9.38161477710089,9.26356626879811
0,-11.2571598108416,-4.75912649824192,7.85960845228774,11.5025468680328,11.2343187247288
0,-15.6954386194427,9.34185425481886,-2.26221854657742,11.3691387866168,11.9966103961559
1,-3.23443741307452,-11.1850902332088,6.55476603429435,12.6196668183405,18.9272966657529
0,19.4733744444515,61.3999221537826,58.9842938348267,8.90231942131556,3.34803935962574
0,-2.29165628038328,-42.6022731916878,-8.82412054319868,9.9707539736269,11.052165295565
1,1.44724822591393,-13.9379254956975,-15.2979229102709,13.7914891671708,22.8136023108036
1,-7.44958848322782,-17.4443867976823,-13.8183707252975,15.0417115835289,23.4302109975747
0,-9.86943055709361,-3.12006478592893,17.5130635975318,10.2959493601017,9.06645200993994
0,6.72439368052578,-41.3647266523715,10.7362541606863,12.0787542704132,14.858610791589
1,-7.29546364826945,1.47876155257837,33.5312324254226,11.1994519880227,17.7082121998997
0,-7.46522887121131,-19.8370198483654,3.41637119618331,9.84614672901154,10.4987910528336
1,-9.01903956556269,6.98044353542912,-49.1431242619745,12.6167057544336,18.8459453308671
1,-2.09318684449864,23.4180816227605,25.6850666331312,13.2749187775809,19.1503111660231
0,-14.4200168261718,37.8867349050805,18.2249898498067,12.0098144254786,10.9678785883313
0,-8.3869983221832,38.7254021307482,1.02191610275921,9.3474738047495,9.64894345305566
1,1.97159798990386,-4.71557264998998,-1.26617115135247,14.1591043372538,24.1588367060544
1,-14.9771203759668,12.4046104113948,-14.6399336471866,14.2189059450659,22.6114148334415
1,-24.3281918979277,-3.03432960351471,50.106019752591,11.6104503063032,16.8866981604927
0,-0.571301030435581,12.3529186667076,-7.47486485409021,10.7230221597203,12.5481248181311
0,1.15505661690568,-38.7182706641685,11.1725301983417,11.1675305349428,9.77093850316471
0,2.14068947164345,-12.4967140986243,-21.3199607958148,11.5092802435514,11.005245557109
1,2.66361161255218,-26.1286511989956,-1.54659561391456,12.5992140304382,19.8508331771539
1,-24.8105351740073,-8.46635370031688,-1.6863714802858,13.6550347295748,20.266409851717
1,17.3915290881774,3.35681532547945,-21.5109094110672,13.8856191683374,21.2476684895704
0,-10.6994534129048,10.852974470625,3.40398128097934,9.47463367548452,9.95831433969747
1,11.1572805213078,-16.224241066814,-1.35331088802318,13.189785563077,22.4417672195872
0,1.59354715698172,0.166715148843787,-0.630446282605646,8.42340839179615,9.12497851322778
1,-15.5944070120226,7.09366995091953,-7.56184072091002,10.2504438023084,18.145623631323
0,35.5196751174815,-26.7628490513558,52.5545314501927,9.71226866182373,6.99157800927607
0,-1.22983144162543,3.50587692089411,-7.69918030779291,11.1113596304342,11.0000658031829
0,-3.47609846748764,11.9198173907339,7.1841689752919,9.47748164829935,11.3423288028004
1,-0.569995598788458,-17.4141136807365,39.3842349066977,11.9756685270529,21.7001026761568
0,-9.89929081654391,-15.8395353705645,38.8429739861215,11.3698707907096,8.71696660297347
1,-2.4396805456021,-10.3836175632933,18.079657834021,11.5570750804029,18.0285465989816
1,13.6525629307009,-26.0940384414246,-10.0260415801949,11.5601420782293,20.7709013640656
1,1.46146917114583,-3.15525487790782,4.96180728734674,13.6209884607857,20.2995316552129
1,-20.5682512019524,-2.90998204997483,-33.8162188750948,11.9947690389579,17.1934989216272
0,-8.60765020485204,17.2517555702284,10.2877532992216,12.3899440178182,9.60529214588263
0,34.3054038161666,-1.04610437980671,-47.0371749853134,10.6486771984899,11.2627074264998
1,10.7467230455117,55.046680003609,-9.77634576194833,11.4361974123616,20.6564483886258
0,-16.2393597947546,38.6474599468307,-13.6990397246983,11.5479656423358,13.5653132179625
0,-9.53064924961094,-31.5056175661376,-0.483423095018476,10.9964714865563,12.8691709181646
1,-0.825782789471126,-28.3124945716948,-9.45680594942546,14.4200835850776,20.9029450876775
1,-5.80749960438672,12.814304766748,-17.758958702472,13.1929887741941,22.0953724188701
1,7.86877875484078,13.3912102599852,16.8001845579561,12.4795089153237,19.8214537406101
1,-5.00634896887686,4.56311136461235,-2.9504958230629,12.942496635272,21.7965343520986
1,-15.1065346340181,-57.529928789706,-1.78942802683078,15.0687045808584,23.6365872149255
1,15.9450327861324,-34.0205702961466,-3.7422860080079,13.4962689409366,17.8278974394534
1,-0.522188773112942,-7.17373157060022,-47.9481867471607,12.0469454616552,20.6861380606966
0,-0.403483129497882,-11.6869203099721,-16.600085488032,8.76429706673592,8.68487544667604
0,8.25495817371401,17.450332154154,39.9686937737422,12.1454240698765,10.8858782125209
1,-53.7552108784518,-41.7418332259956,-0.606173384534182,13.9057863018025,20.3239021438456
0,-3.08253468480603,-41.1748845097025,1.28903779193984,7.57717678246148,6.04605574753745
0,2.44424856142246,-0.420797598703095,-9.76526569877988,10.7725532311345,9.70650887781905
0,3.32510104501472,3.71230663880418,12.3073624070089,10.7924190585268,10.754014868757
0,-11.7605256672959,2.78243024021134,-4.54148140720016,11.9002139675029,13.0874088603243
0,7.65352760474437,0.434814126228622,13.0172687667608,10.6653433252596,13.567031995689
0,1.10137476554981,-1.00616060342167,-1.53949958815314,10.3606629295712,11.5587304393787
1,17.1819980422581,-30.3065751475218,-32.6562082175054,13.709494198778,23.4092986691194
1,4.80588990645106,35.861004238981,32.0065092213151,12.149978315535,15.7328542084557
1,8.51342661897216,0.72204731248227,2.97080561517271,12.6670635998724,21.5433660447998
0,2.84210506492547,-4.55227756111878,2.20817815072853,11.0635476343665,12.1038574102288
1,11.1947306201483,-0.597842708553828,18.5678895437158,12.1080741712934,18.3010838937423
1,21.9405815356147,5.88371370982386,0.629833938598774,12.0300818620748,20.7656069059241
1,22.1712146214829,-2.55907738013503,-21.197437878738,13.4260904351318,21.69690313758
1,-5.39875192106501,19.9680008146783,34.7254005846323,11.4535972656455,17.9892735720581
1,0.480920688549892,-10.8114687445207,8.49747010289411,12.1308035419166,16.578925034423
0,33.1158556317459,-2.06337697763133,17.3276368205568,11.5550017989439,10.3350879168929
0,-12.1737354135287,-2.48551358969183,14.6917152305499,8.95005600329306,9.03878500291776
0,-2.86942911452882,15.2532051069945,-5.06319292737697,9.28648161758099,8.03827296179367
1,-16.5178537717984,16.1501549085107,-19.2043489940426,12.8863785746022,19.8377638087188
0,1.33296421451174,3.42919352160151,-12.2703389463434,10.5662222864795,14.1295040709923
0,30.3924921994138,12.2808593320755,62.8005375429319,10.1973746741422,11.3652649473614
1,26.4236267242427,0.55502182774412,4.3107258661111,13.007393139518,21.3649107420222
0,-4.6340189735688,44.1144713659916,-0.869968853282612,9.04954307026723,6.95393516429746
0,6.05359275301892,7.53144174334067,-41.9551893754513,9.89913966181184,12.6143997496178
1,-1.96368388086922,20.9203346828302,20.6779428990312,12.8407551371719,25.0349927564423
0,-2.09499765962465,3.74407978822934,17.4470186457849,8.21473546993595,8.08666443970702
0,16.7093946974828,-6.59243845054599,2.92443076861664,9.31415643501243,8.43274196391132
1,2.30261748120879,30.461793375187,-54.412212852135,13.2670917393098,16.7932224288027
1,4.06348269960444,-4.06380589822979,-12.4286625735861,12.5637742972576,20.1497703510538
0,-8.61039741489864,6.81886961724614,-12.8135106534119,10.4024174548063,11.0089325513746
0,-3.40144842704136,3.64704706687427,1.18961524716832,9.93285567097108,9.42108126586113
0,10.6588619646176,-38.0938952422825,-30.8586546664011,11.7527724090895,11.032295359268
1,43.0862352886084,-10.3589058951824,-6.4282429368055,12.4615332441521,19.1109113439372
0,-1.51521617394502,22.8530944535664,10.70175417849,11.2491432584456,10.3981475894856
1,26.7129238805006,-36.1211708129517,18.207712867504,13.5499288735744,21.2886187852536
0,-9.14309080682279,1.1187942986522,-0.316207510334099,11.08322703033,11.0178308866831
1,-10.3896118607638,4.34054107920486,-55.7899624542064,13.0094774521364,19.0243471210771
0,0.107573412202061,11.9754111384901,7.32210911445447,11.741793355491,11.6603109572523
0,2.91775186915754,65.9841429378322,-19.0814189644908,9.35079479072008,7.29884769473225
0,-4.94151652023966,-22.1487984219899,18.355357240094,9.6783492340368,8.15980848914734
1,17.4043646314206,-1.20440795256578,-4.70670509085919,12.0886334487378,18.4571680863956
1,-15.8441476543403,2.91581506138107,-20.8722844834258,10.1303784487524,16.3573048652241
0,-3.77566874151944,5.76662933269283,3.8381769607952,11.4804966828198,10.8382737841227
1,6.48232810733189,-8.35174121836096,-6.48042975537997,10.2675136167263,12.8144349888148
0,-1.95769527424245,-2.65727305317477,-26.8443833847371,11.9689805467033,11.948958518622
0,20.0093838029588,29.8021044578782,-53.20472829567,9.66300736181791,6.97914065853346
1,12.6760593581263,5.91510850720205,31.2731499488554,12.0734327423538,19.9445757122699
0,2.91085492251521,-0.465631827122232,24.1556824668527,9.34839418915042,10.8730451348602
0,-6.27140044509023,5.33023831296963,-0.101287065922834,10.134469541276,8.88122710538369
1,14.3403534316479,11.2481561415538,-7.58560024780781,13.0785857423337,16.8835036023965
0,4.02967089413869,4.49214969174057,-31.3467823783721,9.64729340111722,7.58449497928395
0,-6.14924388636169,6.31472639505431,-7.17293781760758,9.22184342145026,7.18492084564043
1,-7.15473646675248,6.09138116147574,-20.9716973829517,13.066737506935,21.9678997323474
0,-0.694394266617562,5.27416768605793,1.96662392574521,10.8640862077536,11.034798522518
0,3.88471065393822,25.1891855456281,22.2429486807502,9.30522592698188,9.95759585109751
1,18.2163336662521,-20.6613610935946,-6.36119795979579,13.8173452831041,20.4695145912775
1,15.657350083137,-8.0353225321765,-61.9920453951498,11.9074893229342,16.6692072526212
1,-4.26934124566492,14.5535040696047,8.58111177398464,10.7338383357502,16.5591447782586
1,15.6975128195277,24.483724469098,-5.35029165765028,12.4533734359598,17.5925900913478
0,0.368414080374056,2.01165307970462,0.175092156320699,8.81404949074022,10.3578533786983
1,4.92462136963703,-9.65732427896476,-47.2120574489714,13.3940833983812,21.7328994675566
1,-29.3989971834001,44.8864448334443,-10.8726477188338,11.51649905935,21.9846644445827
1,6.12122361473943,-5.87166295895022,-2.92068965494288,10.530985826405,16.1732070075215
0,-2.64637317428455,-5.74940038330915,-0.565406724730484,11.0841687258982,11.2416036930297
1,-11.5369992260357,12.8111745146749,-1.92231224408071,12.3191129308146,18.5974988189359
1,9.50797093219321,-9.57862840286579,-17.9530597555775,13.4825174448865,23.6910452136573
0,2.40109280302406,45.083465805682,-2.55076245146323,11.1831115206745,10.7973821045303
0,7.82543516550393,82.8435387084185,5.87313400216,11.4266959382899,9.88285534707397
1,30.8716617553177,-6.7751408510011,12.1110359749615,12.8841976989421,19.6130041494884
1,2.27299575350403,6.57674818126448,67.4616076432418,12.9050158666425,22.7216279651592
0,-4.63281310373624,3.15873200092829,-5.95332056950872,9.18424858335021,7.9347101795035
1,-36.2308113143743,-9.14094710111596,-29.1043449219377,11.793017694533,19.6964696287561
1,-23.6138461087248,0.866430413132447,-26.8540911862535,13.2150433828026,21.6880102885201
0,0.0201552694160332,-4.93703183677884,-7.37235025878523,9.16650070626304,8.38470922655971
0,-0.240890342222446,8.28667347612522,-6.78571814173014,8.79885416168357,8.46025861906358
1,-26.7254702507255,5.3536712810356,-8.10386631022471,12.0607816618774,19.5390453701239
1,-3.2082015868583,15.3688474284103,2.51241753830804,13.0312073488941,23.206078416772
1,41.4096016108957,-2.2734817878636,2.53894656780908,12.7447615204188,21.2300308971114
0,-5.79305255836104,-23.683954320989,-22.3560249301817,10.7439765332161,11.0941858856427
0,9.82370309214632,6.51825720924407,3.36304523017925,8.8744924262732,7.96396268878974
1,4.55388847126543,-12.3135152136725,-0.0360380130371689,12.7380798533356,18.717476022752
1,-3.15657780216719,-18.6494960840438,-31.423952420469,11.4302262425774,17.0839722113155
1,-8.08179719197901,8.49863341311194,-20.5209756870299,11.9708287412269,19.3189639451568
0,-10.0797177521249,-0.890075512573049,14.9605137359292,10.8853335279089,12.6781316270409
1,5.79840672882951,-14.0662483541336,-1.85322531207594,10.776856190091,18.1302240758579
1,1.61564696714538,-2.93220510354622,-5.66572862255121,12.1033804575939,19.0118312760138
0,-1.78722617912797,2.57684181255828,10.1194244387693,10.7325431045952,11.0114463687164
0,-4.10673290269007,-12.5957008051009,2.89541377565057,10.4765297083853,9.16738092683482
0,1.59998342832932,-4.42493207623996,-11.6764829538597,9.77848957396553,8.33744291331555
0,4.15215305242777,-9.47728524381473,-33.2627120030442,11.5084294884438,10.6488995028116
1,4.00166565132524,-4.88390908265352,-6.07724718652384,11.8140976985166,20.6238460038912
1,-1.42966230460689,-15.6477854620598,-11.1666906424835,12.1488197983892,18.6182505642193
1,-7.02240186345945,-1.61957158058896,-3.24207061207858,13.884216358842,22.9486861214257
0,45.4185857278227,5.01387320534902,-18.1236484902511,9.33080000590657,10.792801607676
0,0.129944698718592,-11.070043230872,2.59716778135438,9.78695038947365,10.5933878768083
1,-59.3699639795821,11.7522154980806,-6.04542059869149,13.9750854362689,22.5289484541179
1,37.066751348753,7.56710221265638,33.9007334846958,12.1267578002553,17.6598624821044
0,6.64523080413788,-2.60873235657299,-18.507077372209,9.65930652861605,9.715330804793
0,6.61592212288307,-1.87116721900613,-14.1102223658028,10.4306466844188,11.0404139757597
0,2.6275176002208,12.7077885619915,58.4922061075263,11.7693631383861,9.87039250172484
0,7.70219231644695,-8.52375559991194,34.1560175790636,10.7804263905281,10.9949933381048
1,24.2628850442179,-11.0726522356465,44.9177103067256,12.9481770192797,21.7225903289277
1,6.86170652716677,-19.0205002548233,39.5170860907118,11.3463134008303,14.8258522806858
0,0.00438235134438983,14.4863477538716,-21.3402075352982,9.24819867139525,12.1616831283337
0,2.48090942101971,-11.7340383091164,-19.3344023891435,10.9946623806365,13.1568741666158
1,6.40470929789516,13.5660072353125,-18.9623515525195,11.9909278423301,22.7036195798991
1,-4.2423084334068,17.9795344660911,-3.49851136973184,12.179213651126,18.1997174993108
0,-7.53487691702499,4.95747057100564,16.4682605964904,10.9921159154536,11.1359103313761
1,6.8609181384885,-5.25868791310013,27.504328406159,12.7592285893875,18.1980436660508
1,8.88483299498165,-14.315811620886,14.2930707610657,12.593141335943,21.7717527898413
1,-3.9997530090306,-14.2626254975574,5.97949696398335,12.2068668422594,20.1419332599472
0,-8.7039807536852,-0.0567760335158156,-13.9634957380671,9.25166602605203,8.98806463672396
0,-8.2711859504241,20.624745355954,29.4363638054165,8.28691771413804,9.76752565190108
0,-20.6379240188882,5.01321079092677,14.3307037524539,10.8354017535046,10.4362642088359
1,35.7331586507838,-7.11234660995389,0.729701570171634,13.9528774184754,20.0953452498623
1,-19.1115896136789,11.5683446003574,-20.7109370445108,12.9021800005342,18.1623964355559
0,12.5192335304523,-17.634413851119,2.37588464301601,10.3416412418854,10.6441238811046
1,17.9303970115922,5.55709313374504,-38.6534832458154,11.93629255716,19.7590605433261
0,2.92815079870188,-0.768531193916311,-13.8172436564245,9.59671135430714,10.4010193748624
1,2.08369706918293,13.4149734532282,-38.6755658493064,13.124323921259,15.2383894198613
1,-9.68505977506411,-10.3021016518085,-32.8259812834885,12.8698398356931,18.5594064204491
0,6.1595117367681,-0.366281396950492,-8.80387846506391,10.8834480531445,10.8060547024511
0,3.17683272608779,13.8395966078833,5.65057760696842,11.2069648078676,10.8896955762658
0,-0.543593654317147,-6.52133489147229,0.87598336105812,9.78025661405527,10.7327798734301
0,-9.43272384653337,47.2085837303051,13.5682432064432,8.47004388666965,8.528640598383
0,9.95125447224155,46.1773597399898,-0.912149668003911,10.5597791787743,11.7368150368136
1,-26.1812451385645,-7.08555204385867,29.7823078454852,11.7938131865259,21.2784887951487
0,8.94577392858699,43.7084726046442,-4.16379078219934,11.323101486398,9.1833140698307
1,6.27638319575778,-15.4403734234349,-0.749873635494245,10.0872575487504,15.717165499567
0,-31.8840559849764,-2.655728747593,5.24432304368036,11.9827973105946,9.16056592155046
1,-20.6877050040059,-66.2117398997866,-0.548639795461659,12.8317565164805,20.1812024008896
0,4.13203163303691,4.25693864048763,13.1218563089388,8.20841054515573,11.2385571321488
1,10.7078160882162,-6.08166518989675,-0.673234597061497,11.7615676925468,19.3192522688756
1,-0.709180849323069,30.1217015084341,-16.3758516253728,12.9417587163101,21.1166385250375
1,-16.7185461199186,9.64231626574028,17.7373185370336,13.4222609884999,22.291961064546
0,-9.32792935112336,-9.36288971253407,-5.84546100019866,10.7031706947554,9.05479356326861
0,-20.0377125280822,4.02986004020693,-7.81195673332479,11.0639691387808,10.6172410205161
0,-2.48406713746526,11.7516376887086,2.34217987379713,10.087115098188,8.95359060490671
0,-20.8746444526467,6.59467251263681,1.81991854956681,9.61346604490907,10.6548476873189
1,3.9312854044332,-11.6068617732511,-37.3540866353761,14.3352485688665,17.3107673328777
1,-9.85880867437554,5.76647296343298,-8.35916868461386,13.3291468326616,22.6810959806622
1,-36.5334670366787,-8.69082882100786,-15.7665970220125,12.9403877164407,20.9103787207781
1,11.3801195096991,6.1760552099448,-29.7730115387769,12.1578404457209,18.6037406185013
0,-7.36268681013082,-0.52843122135341,19.2553158367998,11.4452813624184,13.3725060561878
1,-19.3368710741433,-5.52520465733281,32.58440728021,12.7583848863282,20.9324164297739
1,32.3833200568231,32.0743856641114,13.7628633909247,11.4883318664341,20.0070020249766
1,-6.78890284737262,-1.27669331602178,26.444405053763,11.657452985468,19.5525784111656
0,5.26107188063048,9.01336719062996,18.9521864226888,10.0789863879,10.2040592126425
1,-11.6681056046882,2.19728864937573,-6.05887105245579,12.9794217455908,21.6021974008878
1,18.6309153885349,-11.5212853096915,-35.1566940791388,12.4556107821703,19.4541296657249
1,5.25805716072894,-3.37287385312143,-11.4263709924302,12.28463588201,19.546262792798
1,26.1725802907978,10.6073458271443,36.8874777091665,12.317765789938,15.8006292593077
1,-16.7911286307184,14.4586084416648,20.6095024142088,10.7132648977891,21.2878930912746
1,30.7802654608295,14.8252714008747,-1.8773749068449,11.8329867625188,17.6221029581441
0,-0.217630643248934,-8.37658824117586,33.0582838023151,11.903600945389,11.6711406985348
1,-0.223841669587386,-5.03777919583939,9.1954922625598,13.6493319337639,22.3747064114356
0,-1.24829364687645,25.2933496922769,23.4619102080011,11.5098995832541,14.6421128690038
0,8.63485619699327,33.3287627520149,-4.32351299638432,9.08129628140374,13.2455287037716
1,19.4112655178244,-21.881647261968,-1.95865052624415,10.9185153459854,16.7375676175968
1,3.84365361033536,2.55292273496848,-21.1583757454931,11.9652756555822,19.3541680175663
0,-21.4571605245047,-5.27249408135581,-25.9460243411103,11.4273979467964,11.2508835330969
1,35.8730802323386,13.8644691804196,28.3849386977653,14.0282847375614,20.8787054261162
1,9.15489241606846,7.03560231638207,-52.8357029783164,11.4884340496654,18.8688732362146
1,1.13808752655363,11.997694761977,2.71118003212992,12.3167101339423,20.041861314413
0,9.90919620551549,17.6682074638717,16.1375455483574,10.0699413841353,8.84601377166266
1,22.0839791262344,3.08205020794437,-36.9908034017368,12.0495511579234,19.6142928603058
0,-21.039515340359,16.8072703961819,-0.915443627335766,10.1983880048562,10.4375865579869
0,-4.26743123116012,-4.04383977712702,5.14190805117833,9.58575536314864,7.61142311302566
1,-25.5904307030095,4.74822985223855,-9.02558457124503,13.7806637378748,19.6859532645848
0,5.27131439090322,17.5871845808451,10.7622989031258,10.3619449884253,12.6720620961588
0,-1.16231710388198,5.64273925519129,2.87689316330067,9.00585659826287,9.16203639385493
1,5.2251720664619,-5.04171163623119,1.88248808786384,12.648735037646,20.6909197712851
1,15.7582144483228,-15.1104239097684,-1.2931465455919,15.5758459382652,27.3056214331155
1,9.79227367408697,7.82127754357286,-17.6564730216256,12.1748928228521,19.7409149378548
1,8.44920439149645,-0.50076329640034,-30.3507304674431,10.3474734810485,17.8508611159955
1,0.912897512337174,2.31714392126847,4.73315092731186,13.7123801267797,22.0915408911929
0,-15.3881100082695,4.7142993207817,-13.2469594103238,11.3333476963486,11.7726896741814
1,5.99411829763734,-19.8331342274074,48.4959910470806,10.1175192740935,15.071053987238
0,29.8575941442169,-9.0114751747204,-3.4857619004929,9.61689412442792,8.88460874813406
0,-32.4128352130046,-3.16839482196318,6.12724371021239,12.247807532847,12.2675545767339
1,4.08506090724075,-5.72865181056135,30.0279519102672,11.0531708107356,15.6136565815649
1,2.89963760812687,-4.09553959944428,3.29652787023985,9.43451228871408,15.5965574007896
0,-0.834462266092092,-4.78806695167144,28.1089698309371,8.63853487938689,9.56317481497994
1,-22.3982675213317,6.03869578274263,-38.7660812222159,12.8842955082194,19.1079351237897
0,2.59935120613557,2.17623269612681,14.3296498378695,10.4237653772977,11.6479852313089
0,8.14931057036606,5.25568638407577,-4.45419189039633,9.97024645367972,12.7832538528345
0,0.334902286817041,-24.4912792041816,32.9551425048811,10.4730374676522,10.4291282519762
1,10.7624253592491,5.41570334320994,14.8642423222178,13.1718971265265,15.4441520117252
0,-1.80857898591437,9.15186437574565,28.2508151880782,10.7648276235727,10.6856990772106
0,2.26119831064742,26.5204100009639,4.31150196646725,12.0766170714564,13.6659239227282
0,-7.60304801292428,19.4617090464023,-25.476614204139,10.4024960563823,12.3811092443571
0,13.7058288078229,22.7931200072514,-6.96041298944214,9.62644698081898,11.0540253037184
0,-21.8828453799452,-8.92984599837454,11.3446426675386,10.250282406088,11.0069693155457
0,4.48991328962016,-12.9466097861339,-7.10145298143995,9.09064164362712,11.9962340846366
1,36.6660736099621,19.9996871099006,5.98036992118102,12.1254238698361,18.7352482162385
1,2.70063725370086,8.54772972024226,8.8297145502194,11.050324677109,16.3123546632552
1,-6.32252676697373,8.61534991649824,-1.00326185791643,13.9143269285959,21.5780266912064
0,-13.6837289630985,-42.8943078774526,-47.6597842241651,11.7467530367092,11.8321893702268
1,2.56344314040576,-24.9338139672394,15.743459034567,12.5777961295148,18.2804729725874
0,3.50582249110551,19.420955923578,24.0973385486364,9.84823565537219,11.1091698930444
1,0.321763288651245,-5.79241971906502,-10.572893531396,12.0037983698063,19.4444218576634
1,-5.80727890409638,19.5575880449536,-24.1743494938365,12.2272483416377,20.2971588051152
1,11.4191218771947,-21.6619583400272,-31.52785959022,11.9395233322271,19.6331569268789
1,28.2961708024083,-31.9549638672719,5.11463746385348,12.7309902646989,21.5081275841304
1,2.35240492307423,21.530600292688,-7.80230695922224,11.98275681981,16.2277854597088
1,9.41015125623694,24.3169577125945,30.7709021584073,13.2047221756784,18.109458466852
1,17.9084999118151,-38.8908649611703,-14.4895930004494,12.5891130297828,19.2721691545621
0,-1.56558433122173,5.30305979609424,-6.10980706339504,9.743944731765,10.3978320617858
1,9.98328875210258,5.18900763892768,-25.7817943825702,11.8561576186909,18.1745032536801
0,-11.0683848980911,-18.8650700685658,-3.68304870119817,11.2992347286586,12.4203821765973
1,-5.41433001409593,-10.2280224023198,27.0914570802688,10.6211652128211,15.8503487948194
1,11.5017211980657,40.4092774367444,9.05221130191998,12.5426153673964,23.5288467979321
0,-2.7864791908592,7.62346606343644,-17.1313204887938,8.49142195063187,5.72202071393174
0,13.7352910239672,-4.93655904515735,-3.11162519238259,10.2850060435304,8.44507052311836
1,13.9321776763575,-3.33197827608541,-49.6106612154996,8.80596609082759,15.2600692777138
0,-0.676979973270505,-3.68807773803714,16.1774892074214,8.9176800237122,10.3680969693955
1,1.89808239025596,-18.0060051924446,3.51656356687877,12.2972611887865,19.0413777329703
0,-0.440277071785264,2.43119306839271,48.0231442700793,10.1627755706233,12.6896883735285
1,-3.20600082989175,9.50617632644684,39.1528366242368,11.1849962680343,14.6831614806437
1,11.2166185416092,3.14411585131675,6.02721217773648,12.8027172579249,19.4026477921695
1,-21.7706910915105,0.910621002001857,-0.0363722410314303,14.8430465832841,24.0150145812517
0,7.02097120609107,5.83877373894098,-9.31789102028297,9.02809303424124,10.8323366850802
1,14.4077570981449,-3.37116931460889,13.3016061959289,11.8614346100147,19.8031405784114
0,0.930051959741095,9.60353511226048,6.03537323466093,8.55077672369243,8.53614009832433
1,6.07984294963378,-11.3044728324545,-35.2796197887247,11.6078367811061,19.6556576834233
0,3.84166420143069,-23.625690965963,-3.47881060841073,13.0682766063068,13.4649601535928
1,32.4141761965412,39.648067640242,-1.98846083199421,14.036150055993,21.2067670720509
1,16.9033847965864,65.0949012067511,2.8882575696191,11.2027176030559,16.2227781937807
1,-2.34813293053967,8.21870408926352,14.627825459828,10.2320628357831,16.8289932773966
1,-2.4835426043785,2.57048979740533,17.5674075075626,12.1588189652163,19.6318409086929
0,7.04113968113249,38.0833100466628,2.39744700035095,9.07202640951524,8.00630319023572
1,-2.97369037397362,15.5886386341617,11.704423727051,13.2989859546186,23.0561541112897
0,5.16513512916038,29.7453742149667,-6.16916464319544,11.3013665795628,10.4477784468687
0,7.79932632324571,8.61498895143238,12.4178158599387,11.5347266951543,10.0962427870232
0,13.7557901208744,41.1360764098373,-4.85811422827095,10.6752817316458,12.6263286469167
0,-12.7294041206096,-16.6536547089654,-17.8915648482951,9.74012591687432,11.6031697648496
0,17.4924205448023,8.56719140344147,10.2789992010996,10.900574847492,11.8941802622581
1,32.2645717278736,-19.7979186135264,0.488165665194912,14.4566604515252,22.8940542458685
1,2.77986593544612,-35.2258180074253,-34.304449157985,11.2675547442887,16.7470172328511
0,-2.39561813623664,-22.0295198112733,-3.41805887909172,8.93764487576528,12.6840743525887
1,22.3524057909065,1.43059538037883,14.3597127005301,13.0585585856762,21.5141305094402
1,-2.75877283510303,-0.318293700711746,28.9749983302935,12.0297843287615,17.7150672320171
1,-6.78621812597402,15.2175741104517,20.7791054895623,12.5361996065122,17.4559193262312
1,2.31948037475887,42.2330729349596,9.64730791782207,13.0373640582928,22.7335506104253
1,11.6625110006888,-15.3103033716748,-13.1092274287027,13.7902880146329,20.3876725936598
1,1.84138451265347,11.5587848814365,1.07757789282252,12.7788235940999,20.6649050662824
0,-5.52323153111619,-6.21549765634085,-2.3495576229401,10.4602018808994,11.1036507847174
1,-13.2857306843456,0.176503615859427,-11.4251385354224,13.1106045196729,19.3763922294642
0,-2.05968974176717,-7.23546482985656,33.5195364255945,9.37939528045463,8.52489448937414
1,-2.83746012213028,41.4499322966285,-0.550090716538915,13.0637550869444,22.7309527853369
0,-7.86594115272129,9.28879488301461,-12.2565981142147,10.6701099391227,9.47204019753736
1,6.30195922681717,2.48942971451625,-53.7827705785042,12.1401864161746,20.6804738596757
1,15.1865611052012,-4.89823744094629,18.4073646629889,12.3908559729508,20.0408666609928
1,-11.3376367051176,3.23048738325265,28.7465966066096,13.0122442866985,18.7667452262708
1,-5.25710670587872,2.0113050897473,31.2027551605406,11.9427728589721,18.2079712045542
0,-2.31711106728804,6.21244600915337,-5.92406070772132,9.90199801376791,10.7244394594596
1,17.1067856424324,13.3588884636683,39.7539233947022,14.6915252465635,23.6869026261656
1,-6.38540122183733,-42.9359379187547,24.1712055985025,13.6614594566692,19.4991242493684
0,7.66376462166265,1.14460295018931,21.602335732318,11.9852691321916,11.4337762419596
1,5.8424200681948,40.6065349481162,-1.79122878595822,13.0453594657649,22.214405959234
0,7.36719895660527,-12.6233264399464,41.9734352251685,9.34318801674495,11.6071171813926
0,-4.53601184668562,-14.3336610621299,44.0283769030872,11.9569643057133,10.8923393557945
0,-8.51416071069966,-18.4511976133685,9.7936616692039,10.4357776574373,11.446653874559
0,-1.7822840224397,-12.8009990632459,4.28752612664219,12.1245821374152,14.8786131041899
0,7.02573093735204,9.89890913245373,-12.7596719119657,8.69701330532241,8.83012897495153
0,2.33659378233598,-1.48024335321701,-33.1472057441307,10.3416403745887,12.5663119454197
0,-16.6234029425315,1.76915571168907,-17.2518550694438,8.72477632364954,6.98113258946043
0,-2.77066963970862,12.311964984092,10.0539758038614,11.7660332564159,12.3107119176084
0,-4.257590274209,0.968433337653569,-14.5064402465796,11.0258224543655,12.096345640588
1,6.90155031083619,2.34955507193178,9.08858840308607,12.1850388830635,19.8435364177803
1,0.916203532313473,-9.1256921926303,-31.0891313031166,13.1914301502532,21.9655163644938
1,41.5926112174288,11.3195321436632,-14.6561518714946,15.5944992403388,25.4727234329559
0,10.3063732040994,-1.21126610999106,-5.33549776026424,10.9567337292522,11.6922537845898
1,1.75555469835337,8.03333326175612,3.50133803237651,10.0126887615036,13.8471898401871
1,-6.79560668116601,-7.81288836960029,21.8799969715597,11.8242394734759,19.1446947834046
1,-16.2566909302229,-13.4118731742667,-13.9411117593782,14.1426820630346,22.4077714429214
1,39.677843378854,3.904084952814,-4.62852326442389,12.7524887195224,20.7081728909143
1,-4.95389290147687,12.3631801411841,2.76589795767934,12.3797807655679,17.3132629933246
0,8.99698385687949,-40.9880152124707,-53.6878203020479,11.3765268816128,11.7382003380541
0,-5.08311534171357,10.0920097203273,5.57147360439304,9.76689371452439,9.9954909296647
0,-0.174382050958442,39.9739537175299,-11.2955423763352,10.7199776114748,7.21989608345521
1,-8.10534088731234,12.6899606869448,21.5075879559221,12.1590929843694,20.5630793287182
0,-7.03863560921136,18.1212124023084,-0.991961850387413,12.022561456336,14.6848925473074
0,-7.49823011428671,5.65469953618275,4.7302438810372,9.74332742946465,10.1361735953228
1,-2.35611606234848,31.0068190211665,-3.8674596323902,12.7640304997141,21.3394107642045
0,-5.42471694267265,5.01267057265366,-1.35181846972706,10.4186276590229,11.6964758380465
0,2.81464945911655,25.0095851909646,-5.07767062669846,10.6813570674089,9.55229119168412
1,-5.55854175022526,2.02642490252558,-11.8750466143397,11.841703037398,17.4123574046298
1,8.374308426961,-32.7785049443317,-8.65559404791475,12.946024376506,20.4960900644033
1,-0.0876746377242168,-18.518716129414,-2.57815781384709,12.5032628683914,21.3146118846857
0,-0.842689240845085,8.42343573587855,0.551317316857229,8.28419709083918,7.53824367121388
0,-2.66955380511272,-11.5011134374754,-8.03947055484602,10.7982881074291,12.4640744931089
1,3.82011231227996,-6.71410891263584,-5.43553550075483,11.7483919096852,17.6415151453008
1,-2.51877143468203,-15.8470930251367,-13.1622643068418,12.5698586486676,23.0058011488627
1,19.9872041541554,2.10560679907398,1.7680905050513,12.5925711711896,22.3175529509728
1,-26.875238363203,-2.5380133418901,-3.99467801737668,13.3938094869161,24.2455355696913
0,-13.9839384914415,-18.125660271235,-19.3550125889728,11.0386069831926,12.9925552344754
0,1.95713998208375,-6.59450610792591,25.4387284967131,9.08827489063907,8.0814388042808
1,1.40286977996755,-27.9364156077687,-8.6946684498392,13.51736086887,22.8835167197761
0,6.37271086568178,7.24737661902688,-2.39596722576175,9.84011098499291,9.05769712691353
1,-6.51799459027721,18.1755306709163,-12.7147162135186,11.6641460458033,17.22685206349
0,4.26418687735986,-1.06927348547078,4.08767533689524,9.41319585221242,7.71013113003324
0,1.02916005414935,-3.86989063744651,9.34108596539992,9.7575077508858,10.3436098183923
0,-5.59615431049866,-10.4724283954826,55.5501723266966,9.27951927718869,7.22850708531615
0,-4.67731125831039,-55.3502379142668,55.3677961091633,11.4436568816641,6.95235040228426
0,46.0160085704588,-8.35391043012013,18.3887980984585,11.1446524856523,11.1124011268014
1,0.901001268323751,-3.91943496144512,-5.42764651266304,13.7214335319022,22.1940341943023
0,-11.234045520924,3.00072933705591,-5.792794978106,9.98537003577308,9.90876461561496
1,3.67431659394689,6.60720572955756,-7.30331061395962,11.536275374929,18.2532410596151
1,-1.35121896603868,13.8331769491106,-3.78427585505535,12.6037999386519,20.0161708196918
0,-4.29282633677679,11.3169766134091,-20.0078602187019,11.5172331482421,10.393794729097
1,5.60487452288799,25.6492354987891,12.0013470483055,10.9945141371431,11.2108371002305
1,4.02820112044966,0.505321787408947,-17.8065018689754,11.4738308407376,19.7226795699393
0,-10.165663778402,2.43186775012465,-7.58178051851265,9.55191300796293,10.6120640466723
1,27.1628688100404,0.494864206726286,8.1957418122917,12.95874014396,20.8398548638499
0,5.36471828612783,26.1660994756056,-12.3998461895882,10.894602782782,12.4339350224882
0,2.76641352995975,6.76720832641247,-12.2641881928956,9.45337685844287,10.621896069809
1,5.03072592126502,7.92341938182178,-0.43442346667585,12.2285263431388,17.7016713825627
0,16.5970077192186,10.4268415942529,2.3824556130349,11.0909866226085,12.3015893557343
1,-13.2192012712833,6.67091540842074,-8.8950003720372,13.1500537656663,21.0787202447728
0,28.6369179356905,-2.10559464162227,0.0585167296648256,11.3334087181193,9.90103314740572
1,14.5990327891229,2.22381760777921,13.7414203484086,11.7284922520452,18.6402680294192
1,-19.1689083797911,-36.6611053669233,-48.3374986815533,13.8253885441012,18.87605500094
0,12.3916457308752,-7.20787155070326,-14.2310353832358,10.2908285657508,7.18744281957956
1,-16.003792653908,0.426654591012562,26.93111091768,12.9877059562735,20.0880940165004
0,1.59215834681878,10.3371029327052,13.561148437149,9.75546300734071,9.33841816285057
0,-21.6270376417183,-15.2548760125612,-16.1468691538819,9.99888859197161,13.8247982769213
0,-10.1089913126282,28.6301963516923,0.741196545592849,10.5904519066666,10.5127197118961
0,17.1135474560824,-24.0928231643665,-55.5660005160337,11.3000123291915,10.1016497386287
1,1.21776666388081,29.8509790815844,-48.4761680862315,12.9199190443555,18.8058290916643
1,1.92909142647261,-10.3826485969578,9.48921007737606,11.7017959866376,17.7157222787919
0,-1.23900590146317,-46.0965284782047,4.58417645142138,9.46536183558076,9.23196981000953
1,52.7354215844251,1.69783725555476,-17.8075176045778,15.3097111318695,23.5712282218349
1,-4.52531243355715,-8.37743906254108,-6.57058781551827,10.7771756322183,18.6364354757785
1,13.4071605716237,-33.6072998494374,-11.2866959484806,13.1483677111542,20.9736944650346
1,-13.6410456230371,7.34416236689298,30.3558751432579,12.8596994925407,21.3063414069037
1,-58.3954229118394,-28.5816964616432,-19.7482698575497,13.4427279861703,21.0838020447915
0,13.6155448042575,5.43939356484894,-6.00252377805576,10.8911781254714,11.2322689867691
1,-6.38898349027521,-3.33678024011839,-7.16223808230015,12.4962446687963,17.9016393619092
0,-2.69855753736698,8.13987309131082,11.0192543059577,9.83586185856789,7.54520500582113
1,1.74394744051703,1.39743524850608,-30.8698278999783,11.7911654230692,16.0756954641216
0,-1.66302217975699,-15.9748546103459,-12.8484531835759,9.54887898474148,13.11690253062
0,-8.07469722747742,-35.2859726708864,3.34437201800607,11.7525052301218,5.98322755542641
1,-10.9284997895923,16.6285669758217,22.8935310902592,14.5829448790643,23.5657261453334
0,-4.40737951148452,25.925401763413,-13.7738918391064,9.68625231805263,7.94559720984332
1,-10.234442942013,-6.2280456698261,-2.54598293270915,11.6129352049365,18.4605252038767
0,-7.74119474049163,26.6382498789902,-22.833059079919,10.8507430063022,7.79391731920163
0,8.98967501726727,24.7868172423257,-8.62099465348635,10.0288303558287,8.70628084933777
0,11.5154235158795,11.2488790943068,44.5796332464482,10.1465845627808,8.19441102451266
1,-24.6020037328651,-3.45367720556641,-0.337049272847179,12.9857611025133,19.4438724809551
0,18.7885636905146,11.1958575207607,-10.4968973215772,10.2820848518213,11.5480453588453
1,-6.07654059017714,-38.9951043876998,-10.1180990263443,13.5676705405672,22.5706861606438
0,5.59762583168261,-23.1989783350443,-17.5153006264706,12.0775991848683,13.3064268599545
0,4.01648460568011,-8.95407699914122,-5.32635862540985,9.95843705551472,10.1277542950727
1,-4.18900067726987,17.5120291651488,-0.625199444796828,10.4997582623079,16.1057963735307
0,-6.32811635836577,12.0308085835842,-3.29649491165962,8.63504947720866,9.59887061889132
1,-21.6012736181979,7.02112069625766,27.6734036313128,12.50804353356,20.8084121841367
0,-15.8390288232915,-18.7280547598206,18.2615258402651,10.6550939009023,7.97696360556198
0,4.83390044779307,2.4749159899608,23.7865714253521,9.15798833320285,9.25511104505245
0,8.06086063059846,-1.33301487797602,-20.0360993879318,12.5631052305399,12.9083777452839
0,-6.79958522153321,-8.14656331913788,-1.67027907496347,11.1072250001618,10.4205515254733
0,-3.44955562723823,-4.92120440170537,-90.6366319041108,9.76797856341162,11.4958206506975
1,-36.5713414981795,10.0560921544242,1.15703220138189,12.0674430580004,18.9203554957573
0,6.70064815529299,-0.64064801015868,-6.4956527507032,11.0661569764148,12.9398882182852
0,5.5833249352619,-4.69642511979482,-3.86391825590406,10.4751924696777,10.5463849036571
1,-7.76303114161522,8.10987450582509,16.1647557983577,13.9695185906169,23.2490841074505
1,-5.513066739102,35.4946388632746,44.1602433197962,12.7258193984598,20.0040699825976
0,-20.2206144416017,14.4301692445153,-23.2877238554757,9.7635362255703,10.051353767219
0,3.51804752257613,-14.5390856246314,-0.818731017117609,11.826856513582,12.160727633323
1,-14.1909924074019,2.76275537862119,-10.7774296545001,12.1487754895943,18.2564505545836
0,-5.2558229876802,9.63505573377509,-6.97681320513701,10.9428809130406,10.2808480662622
1,4.76557494690487,-7.22837296520103,39.6642249839813,13.5744737328873,22.6279362692168
0,8.36706036445821,7.73742530711344,43.5355639549535,10.6016431391179,12.1965501373783
1,-12.7352741548393,-38.0275713729684,15.5842811078656,14.2635151780113,20.8109237366929
0,-2.26288089629307,-9.6052137087458,-16.9452860146604,10.6261478164569,9.74832875442352
1,7.98190673294652,-35.4821342507354,19.0615995372275,11.0972070862263,19.4338767781452
1,1.01908537530433,-18.7393335017702,-4.27145150453877,12.8908179748079,18.7208005216759
1,1.75240499729543,1.79657927442048,-9.58953747510172,12.5002705436765,21.108156641412
1,6.34824257283686,-8.64203152250549,-39.0970366181849,13.8550052232758,20.7134173137893
1,9.25604836156097,-1.47058621935853,-4.66291790598811,12.0968169674931,20.3072283844059
1,-18.9648956279648,14.2827324182466,-59.2712988416645,14.0533440956748,23.4178637458885
0,1.31038444148574,-3.15340161246967,1.39898952203688,10.4924216679687,11.456235798537
1,-0.332236695475075,-20.6143539678581,-4.4448135516463,11.6235823921319,18.5705612685227
1,-5.73972759562469,-17.1405200715341,-4.60234173857952,11.7727277081567,20.4238504878733
1,7.46283523563515,-16.9772202549376,14.2189808461723,12.3831735346334,21.4833973566691
1,6.37220945822919,1.54054802220818,25.2691705442751,11.5321118430078,18.3199222579727
0,1.31338151065033,-13.3977060493177,9.58631915473828,9.93901107107747,6.98320981683103
0,3.48561381817125,46.5813036857102,8.56871615388501,11.6351700494371,11.501231484956
0,-6.61589939202292,-10.4243896072957,-0.808311370922191,10.331558315154,8.70284112477068
0,2.26266862525563,-8.08784088891386,0.921885481684493,11.0227950702052,9.46869286312234
0,-11.790657510741,18.678149957141,17.1278132610967,10.1993077315719,8.45224824483092
1,-11.1992411816777,25.9955554044043,0.81542055481729,14.2487668510222,22.8219344614345
0,-11.8131549957606,14.5712717871521,7.89597483374284,9.73613151300665,12.5839461130892
1,-6.18894425340461,-12.0439714355969,-0.956146293821996,12.9967006811985,20.1574799245543
0,5.43532243349108,32.9983657324369,36.893292733506,10.3647659243028,11.9596783252443
0,11.6648256101193,-6.06546955986551,14.3336040628956,11.3773304929814,7.59058673192044
0,23.1681028016467,-13.6611336632168,-5.43606065677893,12.4281414998972,11.4777397167427
1,3.81230655183793,-14.257397637643,18.5227453903448,10.8624076611686,14.9066628093261
0,0.00557912062527488,24.4833161066247,7.42021635003311,10.7083268382168,11.9009750379837
0,-8.72418494652855,3.08344138486701,-4.09703245320325,11.83290561934,13.4167479096285
0,16.1534681166016,-60.0153074688629,2.84535128585861,10.4157144931453,9.08705962162886
1,-15.8618594361344,-11.7278504300405,-1.59705354478929,12.2621370208677,22.9417695727825
1,30.0559749447199,-30.3564909688594,-10.7894268276513,12.9665559126218,19.1302412610802
1,6.45476509714352,7.74011240320969,-3.68626098911137,11.6093078980804,19.0604786723055
1,-8.47227081604697,-33.6684372379142,3.44502144319268,12.8238500765851,22.4462312753997
0,15.1193512546697,40.4765247174875,-1.2331879347562,8.66723050721155,9.62803147999112
0,3.77204145356114,4.92437366854572,-5.7184311543208,9.67884528456194,7.12415563685778
1,-5.62721584936656,6.87109415036021,-22.8448727556105,12.620127206459,20.3017065738088
1,-0.162188594130043,-10.4319715816757,-9.27468399840369,12.2359029946772,21.9534233277237
1,-11.4702372842734,-7.73919251143024,13.3831912109979,13.2343918564872,20.4878312098856
1,10.1188322613619,10.9071768821884,-18.9811170332643,12.4132259117808,18.9650943494328
0,3.25735834723953,-8.16855888703262,-1.25924028526971,9.2604870304324,9.76997715764884
0,30.0627671348871,15.3887049228638,43.5091897387506,11.6304777025091,16.0316236741995
0,-1.11064044020604,15.141444752753,-1.9901268207467,11.3602368070466,10.1157479171754
0,-1.29016193479493,-1.11812023440996,-0.803811080373799,11.4781774757909,12.5627869486047
0,6.22801405635409,3.41158891200925,-3.04535419961727,10.1984576996093,10.1622693468302
0,13.6694302323616,1.94707715158069,11.6677270997864,10.645004299171,13.6437295266571
1,25.6012118201614,45.0868565643166,30.2730281297554,12.3114612570715,19.2172316538602
1,-10.1385350542608,-1.76505653407018,-21.8957733919467,12.1910806373091,17.2541248775704
0,14.0870474005194,-13.5995810698613,26.7461600519812,10.9481971102882,10.5795308598438
1,-3.41883285552706,13.2107823150326,-37.4268669109494,15.6363644562754,23.1603443909002
0,-10.1959157308282,0.260502433766062,16.2025869671762,10.0442240638932,10.7947354565516
0,6.16703216075343,5.9183585351902,5.13909997482489,9.7151241295127,10.8508332928639
1,-13.9721975605817,-15.5568355163403,0.244809248339655,11.4760776322947,17.7704573634516
0,0.0957463195204896,-13.15232932431,2.73125486932792,8.87464297618476,7.86960458236017
1,4.33234276048163,1.45476056504682,-3.01181779611343,10.431738429798,18.4804791280055
1,13.9908429955265,-28.854450935956,16.575127258318,13.7466646647478,23.7690036046774
0,-4.29889129931271,30.754940501101,-26.5527089202373,9.41863459805599,11.0435543930329
0,-5.44495369918974,7.91234322826944,0.075597374560233,10.0637665246903,8.33561377830012
1,3.41656794769283,-37.4291282208451,-13.1837684504309,11.0020705486304,17.3066171819707
1,1.54864469930116,5.664168578061,10.6702430851264,13.4320128298498,19.7729243015791
0,6.93582161781297,4.39574906868501,15.7106499524131,11.494961436298,11.7019850489905
0,-5.36369844569649,-17.4429144437269,13.4294272328852,10.645655216179,12.5590665930194
0,-4.78306636016079,-12.7252885347346,-14.0729644275416,10.122802146777,8.36766502020149
1,2.15950829519206,17.7508707712064,-3.64856016373947,13.6653028866726,22.7540826891541
0,-8.72035354389457,2.83941298296395,9.07853522028497,10.8990979578421,8.56895460733924
1,16.567623108855,-13.6207655567175,-3.58780583971296,11.9876454246805,19.0642857242847
1,14.1928654513855,27.139353223947,9.6272433016487,10.9186574687781,13.370866274279
0,-10.5987568343564,-8.82235593607831,12.6772207016118,11.0337257276736,8.55705836851382
1,20.5521792364913,-1.3189379055292,4.38347428726706,13.279247999763,22.5570281369481
0,7.71568965538218,-19.0740580710536,-18.054478956006,12.3554151891495,10.9630732039533
1,29.2445227354923,-11.7458011496038,29.2914937840528,13.2005978983171,17.8028861890497
1,1.72109587894139,-25.7605708436067,10.0004443173577,13.2583409949756,17.4902414281687
0,3.40327670096838,-3.58561514099268,-10.7457268800108,7.70222807911834,7.54025790492702
1,-45.8882640204928,0.299352874342002,11.4809772760057,13.931068063812,22.207368429589
1,-9.54196483782395,0.109058918495011,0.245603773359497,10.4324451707021,16.5172439327028
0,2.60882883706728,-12.6634792347422,23.697734028816,11.7932639075765,10.4025194837813
1,3.2372928508396,-75.2365879908902,8.45713513812574,13.1746075280878,18.4157228980315
0,2.06948526226791,30.2144374473186,9.3053268212217,10.1846610825005,6.4839788283887
1,-6.33041379997782,16.8945962760551,-8.46289773171369,13.4939804978466,22.4938801322687
1,-30.5237493341127,10.7988128439476,-24.8151405108208,13.6640536555303,18.6896374403993
1,0.0587030178923158,-8.77819779908433,-16.7499467421572,12.7774143048947,19.6269991502529
1,3.56701046269296,-1.64454906812036,-9.13867134628497,12.8219551434282,23.6054295769922
0,-11.1709234898702,37.8758848517331,-3.45767425608818,10.7215559056903,12.5664930963494
0,-6.46155006421731,-40.2101191304798,-1.10910074815434,10.3261491163444,10.0974424294954
1,0.0057106143475792,-31.0847057983189,20.4799790952622,11.8515599880086,18.7977556346376
1,34.6533009531071,-11.2116468927721,17.2155546004835,11.7849626229241,19.5959919216575
1,-3.90320843344049,19.8206982340555,-2.2589250131236,13.9607262522262,19.9744070633175
1,1.04717026656412,-37.9516670045974,-6.60394572504184,11.8793801063769,21.6697680293029
1,-33.6851397972069,-16.6809691360307,16.4564485056663,14.1238742570974,23.8370067081001
0,13.5759303297738,0.725060371375285,13.2022484283133,10.5284917285984,11.5227978488093
1,7.2227707306548,-2.68598018076447,-0.87280572514152,13.2684457684875,22.5400231646864
1,39.8842833910981,-11.4051401191538,-4.72835945165982,13.943734371471,18.5573368101027
0,-7.45903193070282,-18.9727614765239,-12.9404994022162,10.1504659194765,8.35163553175478
0,6.09442992570013,5.82258885892659,4.12790769059623,9.50227644563488,11.4053126984838
0,-0.452250339617446,-29.0911656952631,-7.89724496423039,10.0936760726282,9.94100995415434
1,-6.98905748654302,43.084818811238,32.8014124352102,14.0581448226789,22.6820144825678
1,7.55906672340837,9.5412719222819,43.5612094474333,13.242533357634,21.3152327843251
1,-9.21431669175912,-3.69072542440493,-17.2117344991003,14.1145333378741,22.7042810289374
0,-4.67535718031462,24.7178970822121,-13.912085798699,8.95075548487712,11.6241005808604
1,-6.52856657718333,-6.54117401828013,-14.3291050946994,11.4379533098944,17.6668221386281
1,-1.21727600269924,-9.34738263791437,-14.2123191716742,13.0306905451535,22.4492679858523
0,2.20930188730607,11.112852103031,4.34235119288124,11.3257692296299,9.86390517747893
0,-6.17060811353367,-0.172980971195215,2.43077215407232,8.58697974106786,6.51150676500559
1,-1.93053724106156,-20.245240343406,-8.03635185360493,12.028704172725,14.8524907596691
1,-8.05245804172257,9.41465173668278,15.2832240987162,12.835489999448,24.1792737040989
1,-1.72900806896093,-9.00529893369467,-50.5739253084346,11.5015821790188,16.5345008664466
0,-4.04582762542777,0.618969516397989,2.18181363257607,9.62184014427967,6.65031031703754
1,-7.70337130224202,-3.70710014522428,-19.8123508898071,13.7485125004497,20.4811027099392
0,-27.6355117793272,-2.14664253222417,-2.60556240469806,9.23169584804075,8.34957568251292
1,2.73095765178924,-22.3689008481455,-25.8419632366309,11.5149366679707,18.2108435495257
1,25.4332663056609,8.54699876693688,5.16625840102688,12.0450483682882,19.2571032329244
1,5.53391344752198,-17.0966806566984,26.6443996879416,15.4914785818195,26.0998880002046
1,22.4076452871524,-42.2493513804615,-8.76841137448214,12.1963585086845,20.2550416073924
1,-3.07880929188888,-7.86913297097614,-3.12565069084645,10.7604385277805,14.9040298723411
1,-1.93307248924984,0.263474448158686,24.2050037200554,13.0048336340314,22.0653736520231
1,-20.2485916074557,-6.35806191493748,8.97586666296261,14.1812907594543,24.6635935661331
0,8.79893717666327,2.55844172500425,-4.80325582092045,11.3402924149096,10.3792809051801
1,2.35105151214294,-42.3135064883935,-51.6915058239526,11.9506982438915,16.3999878668275
0,1.42688517880797,-16.6590462190105,3.98099980167181,11.1655722690187,12.336671002237
1,-59.3803316686961,24.6540200058666,3.05848856651892,13.5922189196357,21.7880343000546
1,12.8341070990595,-15.9573381991674,11.3981559930367,13.3951635794596,25.2113910867901
1,0.941374211606953,8.95788402618332,2.89464677729499,10.6872611104066,15.6129013575326
1,3.07883507051548,-30.6320658739643,-40.3923404562976,13.4923222658144,19.5451920017336
0,1.79007821376681,-20.8633994429854,-30.4525887055547,11.0834200460785,7.70802590251889
1,-8.59930039321354,-3.59250013268853,23.8359134536675,12.9126369343378,21.047030919362
0,22.2753381700358,-9.12792201273244,19.406727859019,11.566014331464,11.7775160252282
1,26.7879028805496,10.6767972529032,-16.3114438476152,14.0315888422897,18.9884737886565
1,27.1379960320578,-27.9632809255198,-26.2423149138901,14.1796261820656,24.6322456307829
1,-13.183723342192,-17.1126631052112,-18.751312763939,11.2605074474315,19.5063626430597
1,-0.848548600709614,-5.67315950378439,79.7074287113514,13.1892206674606,21.6564450900624
0,-8.48448189804191,8.44870510539936,1.91550382334338,10.5971154004271,11.5506179880327
0,12.0062721458537,7.34180135727485,-16.4970078326702,10.5263346233675,12.5187660797173
0,-1.03425564459278,7.3181234180902,-14.7221046503228,9.3405911219785,11.231123808047
1,6.14785033650059,-0.0775930650076902,-0.564473931542804,10.2476081385843,16.4251910620708
1,0.290372843510881,10.7085669528255,34.0458191390206,13.130307033431,23.3915522381763
0,16.3825780440168,-3.03130723382421,1.66857100141093,10.7305429293622,9.68207253472404
0,-0.26175833368647,-13.4235648183098,29.613090676071,11.7321815386993,11.7053544269158
1,-3.58625158031079,58.8059002431739,11.0753983274915,13.1486039809459,20.6993998408995
0,-4.8101201032135,-15.0414015789173,-4.16801557101595,8.5896752362197,9.66204609875247
0,0.740488457037984,-6.20984068144521,9.17158275716171,8.07910892216097,9.85247350081229
1,9.8077953536087,-16.3345075871144,-0.335102047189279,13.008917642,24.1230033245532
1,4.97931804621721,4.99368850452124,-7.08206024101212,12.1909227825659,17.773874384515
0,-20.7294799036272,-5.47096102154494,-37.5654182794818,9.15706741291697,8.38646473236135
0,-12.1143720651381,-8.56637778470638,-33.367332519277,10.5188504978006,12.4498343851662
1,-8.53656728257686,-23.8267769787224,-48.6062088816364,9.86746650411385,17.0963589541507
0,17.7132355052016,-0.739713268677137,8.73321038700313,11.2983499030445,12.5735655686015
1,26.7598451023202,-11.2138067441067,-46.108856701464,12.0505036538184,19.9317462528886
1,-28.1735678237646,8.95035833766754,-11.6774930537229,13.4200165310495,20.9402646281905
1,-1.91934054830934,-8.00066280662224,-8.16531617092612,12.9819527881369,18.0967099661108
0,-2.66170691368593,8.53651379189597,-4.32673662690172,9.96720566724112,11.37799046693
0,18.4329176739857,5.66730591434814,-6.44763351813195,10.4780365212504,11.1744053993284
1,-8.46464920063884,5.39784166329933,-44.4431996183646,10.8156374898999,18.5551512688717
0,-9.85947326365427,13.2333049487171,7.10365898120419,11.6558824675604,13.5485230661328
1,15.9594675975379,-15.141221981036,-14.7470183203241,13.5404510359906,19.5679609773592
0,7.92359986874351,83.7388825918974,-1.74536015536613,7.61865168698701,6.11568609019843
0,-3.30567935582045,3.2736099285541,10.3753902703444,8.7996596894595,10.3342944741129
0,-2.64744830362636,-18.3651229251185,-11.802306533616,10.7294287563723,11.4438515489804
1,0.524271761033187,14.4393200488983,-11.6878942437209,13.240880474196,19.2674723850189
0,-4.39307753427113,-2.18728265614195,-26.1124513769615,9.92615684395174,10.8513106796644
1,-2.15259992644439,-8.7992499795495,-55.4085556442645,13.3904290158797,22.1027171464168
0,11.20791979592,-17.5809764254061,13.0518201147919,9.82815394003845,11.6345231345484
1,-3.03356204201861,-8.08802092632141,-0.795789807655462,11.913738223363,19.3922389618515
0,0.302227112335258,5.67356102073931,-6.3567426692516,10.1469857862786,7.91781261844486
0,-3.58818658779127,-30.7909736197206,4.73838324333848,10.779658418378,10.5195842142853
1,0.237290752524463,10.3481678579062,-3.47713357724181,12.5345477731152,17.9117410812371
0,10.1998213525458,3.96625701506589,-1.67037020464157,10.0407228511015,12.4636954041818
1,-6.9802329164944,13.808826312472,-9.71713388688691,12.1761702673651,21.6564444614146
0,-2.98749760758018,-1.72003555164232,49.6756842102987,10.0037775974263,7.59198175453154
0,-0.210017497082103,19.7060921772728,-55.7195110274047,9.90454009510623,11.1850025887011
0,-26.2278841933858,-1.43691143955956,31.1893115427586,13.1031577823876,11.2882138106571
0,4.47737289411291,-14.062054204699,-10.6352986609134,9.08812320177923,9.71346965544648
0,26.5141399088685,-7.66443509290714,-0.784727617547164,11.152157261934,10.5700327145601
1,-7.30075388008093,21.4889467161347,37.6178597981669,13.2737195918655,19.4275849995598
1,14.5339837887354,-14.5446247097101,35.0966722573622,13.0526939398092,21.3502016117999
0,-5.63303096802264,6.48442314688795,45.3739542205474,11.198796224963,11.9301750460844
0,17.5621339964219,4.32311786371971,-43.7420613151074,9.14847234015341,10.2185235243225
1,3.97141671759186,-3.09935695158808,7.45786386629321,13.9097116953918,18.0814207387271
1,9.55339966809675,14.8467434547705,-7.16118069243328,12.1289796404409,18.6493221011196
1,-2.16189636454157,36.1827892799465,-1.09072676993784,13.840244696982,20.2394391802407
1,-25.1287805226047,-7.89216528522937,-5.69296779051901,11.6092369129928,19.1298392750713
0,16.0421429262889,27.624150562816,1.42995016547627,11.055225883861,13.1049210994545
1,-8.6111141323971,0.713556729501656,21.6317876925222,10.14230195296,15.6496957330543
1,16.1992130005417,-1.85810881578277,-39.668879712713,13.0967664692687,18.1038304368629
0,1.06020778133693,5.52064652702648,16.941670635702,10.702853922238,14.4278449005788
1,0.274379291022415,12.7912534398194,-27.7469294699596,11.8338105600753,21.9520365910275
1,-13.5276023085394,12.5763225391391,17.9661619193606,11.2450078434116,19.1494557194775
1,44.1811825846507,11.2126466728802,10.0449653383648,12.0782000774525,19.9394336166934
0,-2.16021441839965,-19.7474354274582,-19.61542723495,9.12059660636394,8.66860249722425
0,-2.13533799623132,17.3545030178277,-33.9867116422781,10.346739338733,12.4623552721594
0,16.1185563259409,-8.79558018584732,39.9721321178089,7.27348271352709,8.41461251429545
0,5.94287375697496,-20.3186572756345,0.454685978481499,9.39289781781611,7.90093196436083
1,10.9634765372383,-0.0495626249827228,35.2664008641205,12.3668445040184,21.5978078667996
0,-11.673706754673,12.3039412000247,-16.2284433003825,10.5016914615563,13.3109874486895
1,1.70596881830495,-0.748707665442547,5.01772838723928,13.2613288583671,19.3327028641619
1,-35.312651417657,-1.13427818198117,-59.7562918297887,13.6333964373533,19.3708111160364
1,10.1446642093313,-11.1317031693444,10.8326138886921,12.3095635712209,19.8677630791269
0,3.43440326383893,-1.64650139752586,13.6023141593809,11.7680157066868,6.5238606231062
0,11.4327641440145,23.9438491041454,-10.0694988203196,10.3354863722973,11.9335101622116
0,3.85593534787702,-52.2325307598016,28.6650095822785,10.9489200387432,9.71466493637111
0,-10.3433392206148,-12.2361404495379,8.32683647666514,10.0549926996588,11.2194004199853
0,2.159651372508,5.58090293956076,2.05483054572766,9.99387615874972,8.56957604875406
1,-7.31930376811428,-2.94860131478741,14.2285638042351,11.1205058648374,16.9551698771788
1,-19.589579249319,17.9538700644204,-49.111388223369,14.3065529350332,22.3021781690906
1,4.35464852939913,10.3152615702007,31.6876870512521,12.1945081013034,17.3404559986707
1,-2.68643702035365,25.5548514017397,5.61588784048455,13.4889464713004,21.4085229952817
1,4.19873037530587,-14.9879708612562,3.33280752122316,11.1809982669102,15.9748592002465
0,-6.39160575014281,31.5729908376792,22.1381673460408,11.0833298348333,12.4104474377773
0,-9.08210061604683,-12.5777068117173,40.5572398242289,11.8755233921454,16.1062472252354
1,-2.34835647378824,-18.9589242380063,40.3564065875666,14.5915129223624,24.1537044254585
0,-1.38403348122893,0.593672528964822,-4.41243075907658,11.6497325922056,9.88928462451159
1,-0.20754321212887,9.48281088544006,-7.01028806529127,13.1725884652977,20.5886314805884
0,5.34455657767374,12.9926166385083,14.646618963167,9.56506773757191,8.54702201129722
1,-1.52152687689547,-17.8829753945447,2.31453102381055,12.6151296363077,19.8953500804862
0,1.71370054431057,26.4674368244149,3.18832886570241,9.8120817174152,10.4590153179893
1,-0.695625667725722,-4.40632123434821,20.6159639405335,12.7705726141369,19.3706991175013
0,-13.9607134952136,15.4199002829277,0.589737955675377,10.5180722041618,12.5859886308867
0,-10.3577656699702,-10.9986960997064,-33.8099300986267,10.9856434731885,9.33138689785794
1,-9.5190109876602,-18.3463893020733,9.67527934552263,10.7911299365667,16.6948613714124
0,1.63413589408313,-30.7280097669794,13.7045376429403,10.6515265747714,9.86302393114316
0,15.5778299988404,-11.3028679557782,25.7250745207497,8.90982406702157,7.43778976514449
1,-12.3336113002919,-4.23035526647395,0.314284995902124,11.0200828808639,16.7833608141932
0,7.30609132005897,28.7570477115398,19.5880984611482,11.3988738577399,11.4030711509553
0,19.4350037260077,-5.28837620581362,-17.2419528613943,9.02420565443869,11.9452014528278
1,6.02193180857827,12.6704333711588,15.7207724047054,13.6375734263443,21.1978987104362
0,25.9409649687122,-10.6393980567458,-15.16602488285,10.0293549643445,10.3414350784587
1,0.8943080714508,0.237621176116033,21.5341093196717,12.2508338973643,16.7257597693485
0,6.04924899692043,10.9314305085249,9.41130416474478,10.2233998938587,7.26964190647169
0,-16.48834838228,17.1234255062892,4.10721961487915,9.53722081709559,8.99835585163638
1,-12.4856348474236,-4.74802492415073,14.1162657323616,11.0132025927714,16.7465993608086
0,4.90275104767178,-0.955892942498637,-0.436991988160392,10.3135208731225,9.12563940843585
1,-34.9075723320978,-12.4934257163118,-2.49935156397301,10.6454436769989,16.2133975445513
0,6.42949173031099,32.9963682976657,19.5944211526261,9.58868876344107,11.9704817730074
0,10.036299227407,-7.83651918313105,5.66643913364386,9.24406592154164,7.87394955493539
1,-0.109518715957403,2.84361692332087,13.2814061100514,14.022108237044,20.8373531490594
0,-14.2429279378988,0.295864455776777,2.68553191612321,10.5270509913509,10.3871976263857
0,1.01062505579539,19.1369686728448,21.4131957899872,9.39501627709264,12.8124906097964
1,22.3100955367069,-7.44240234686517,-27.2283625969001,14.1439234999092,23.7842541450026
0,3.67006467473633,-4.4251660850047,-27.731040208495,8.99237164441033,9.79546171454991
0,-6.64766908214692,6.10314197022779,-3.47728467534376,11.5860610148364,13.3549652463276
0,6.20676463388266,26.2063666461076,-10.5345596254853,10.97166437957,11.4970630405062
0,4.52160106253019,-9.71733452483583,-29.9915828048856,10.6464971474254,12.1956999325704
1,-0.434226989759512,61.2864809882681,-2.50956843959659,12.482785766783,19.2031714909973
1,-0.775008878802466,8.69155955191683,-4.07570013598601,12.5502243688347,20.1683383834643
0,6.80908189381097,10.0201180544424,22.3794179497303,10.3011702891593,10.2974756562528
1,22.1645299110879,14.6800124729773,27.4863801796544,14.4559039000732,22.6139925618012
1,-15.9498875480976,0.828999051062717,-1.37549774306666,12.4994789977235,18.4543447701969
1,-35.824996725917,-22.7084522895247,11.1753337187124,14.3558522524995,21.7893922421143
1,13.0350881235349,-5.05507404859975,21.9997580128299,12.2121467267025,20.7132174324908
0,-0.739395506938177,-2.87463653610786,17.9519664762112,10.472307573629,11.4903709366758
0,-0.954989861524893,0.537237906384498,-10.7056596343493,11.2590616373442,10.3435900316235
0,-4.07035314114365,-6.85679810643111,-4.78899222620936,11.515192312659,10.7231038166685
0,-2.30030352443472,0.284562522860809,24.2652160977911,9.69680297260838,12.3482121029241
0,-7.90166617376213,26.7977023408012,4.68749941311314,10.478435249383,8.38445159504122
0,13.016934662245,-7.44060028635265,10.6928693735624,10.7659222591921,10.9011466936175
1,-35.7389756504854,-1.61372254990544,4.25794677510493,13.3651222513482,22.3270832230126
0,4.52209714396121,-14.4475568690027,29.4101434615605,9.43546852270282,10.3307149321644
0,-0.2037303931033,-9.46236502154168,74.5226223997414,10.0157457071061,10.9443621820991
1,-13.5126222100243,-3.37306671685624,-2.77641855909272,10.308885841774,17.1053968307951
1,0.344932478309293,6.59709795679294,54.0682641967023,12.4895519889334,20.7683196698598
1,8.24218269245859,-0.0423092036333578,4.87347173391823,12.8054189029516,22.5828190617718
0,11.6340887607778,14.2347401339575,16.1753844783997,10.0110083924105,9.29419976684746
1,-1.7249890484877,7.63192571775854,-1.86395889873617,13.3624421484591,23.3723424711738
1,25.2424689769157,-9.69640781027656,1.3366329592161,11.7423594385494,17.9662685154295
0,-6.93702172759056,7.53297256720108,18.2596668295601,11.2080745772557,12.4854407110885
0,-2.81227925603564,-36.1084679996597,-7.26148927628949,9.76940089908779,7.29042006656281
1,1.86652363435253,-2.16868340969548,-10.756080676639,11.2057360811584,18.6181997755264
1,-0.511779867288836,-7.82011542171096,-25.4813969042099,12.5328432839182,19.4885494114443
1,12.7970948756902,-11.2023431649833,5.50740580288083,10.8656971599048,17.2771907685286
0,3.02230650704796,-4.55011569027581,-37.0368607338225,11.4643704893586,13.1466545758311
1,3.12576693912645,-37.3599622109461,-9.53967962984933,12.4339641450306,19.7041374297988
1,14.3074038871434,0.882081763550502,33.6901952213638,13.6703138589233,22.6455730638148
0,-6.1709482095611,1.58341188481485,16.8724612820683,9.99714778245823,9.99840525244931
0,9.53832272371509,34.7281808672502,-0.800952031034677,9.57663392191208,9.63630651974303
0,-6.59246139506307,-6.18904534825967,-46.1771705463816,10.1179967893561,11.0191199167511
1,23.6682580786664,-6.73083759797757,9.71390264743514,12.7136021203231,19.5782160828118
1,4.57694098781059,-0.182343722637209,9.09743713666709,11.6272801857232,16.1187111864984
0,16.814602400857,10.4184204133956,8.19983268034305,8.8526544940927,6.95224445589879
1,20.9147189527353,-5.71252362255773,1.55866236848049,11.2952708190138,17.6144974688661
0,-3.69084419348396,6.44865719532236,-5.44054712369667,8.99060735367929,11.3986170644317
1,1.85535043247784,-5.28381903168978,21.8076986753661,12.1567559788557,20.1065977292466
0,-11.9323662288626,0.588966348969242,7.44317564229907,10.5104308736053,14.0967742339498
0,2.93531262519136,-8.58066847886649,18.2408655725854,11.1294713171618,11.7806575182617
1,-0.8234974054142,-19.2531422604711,11.3412472923862,12.2043776416676,17.547509658633
1,27.5468013956687,-20.1956866527541,7.97283511337883,11.9489727404797,17.9801055176424
0,-14.766357370929,21.57534872718,14.5696341903922,8.8318858666497,9.60590609790431
1,-8.47103884619333,11.7458033527193,8.64988480173965,12.6604689908209,17.7011573152093
0,15.9973854050098,-29.6680375977292,19.0896194603883,10.015933231769,11.9133277618135
1,9.04503780327989,5.98535030539523,18.5562638301795,11.2779456100125,17.9571089293606
0,29.2781959144571,53.2935562018097,-23.6605810208631,10.9804000734982,12.5035302941464
0,3.49695211849889,38.8780839777574,-14.8931764977526,9.45102653698927,8.25366282050778
1,-3.34629121614419,8.94868587264649,-0.456377545798254,12.98834459979,21.0274347555232
0,6.42993913343076,14.7315293664705,-2.6711664511908,9.47743817282977,5.51415758555895
0,-8.23533768573898,2.76628084896349,-10.3674582161531,9.61881722436551,8.80656811777322
1,-10.2183340165173,-14.1107434539682,7.18501724348178,12.4395865340866,20.1396919715354
0,-29.5542289235321,42.8265059562577,6.46596406509595,10.9564856852286,10.5659861708436
0,-0.678854481260007,-11.2694233951406,-18.7645805099684,11.9557758231265,11.7499441304193
0,-10.8359261758899,-0.142038459449708,-18.0252732469286,12.2387268038201,12.842550755703
0,-1.60847124781839,0.0936789474807808,-22.7150281196151,9.0723232548565,9.18449126865827
0,1.99301470916624,-17.8941219447198,2.04510156697284,10.4629829588724,10.3713657267843
1,-6.32855020911625,-10.4360779322353,-10.8782683225411,11.4289871149629,14.854476393359
0,5.05578409059383,-10.3381890070581,-26.1736101027554,9.55846848282627,6.42398408830384
0,-9.99401210613007,-3.15060689668098,-11.9763705007511,10.836049160954,11.3417990459938
0,-8.78273267228737,3.11789354355108,2.90883234186075,9.85040351772289,9.93577003354668
1,1.70907793931161,6.53596824407897,2.94071223442588,11.9537690824068,18.4087678559322
1,-3.01754638787755,-35.3208379962044,-15.435801189855,13.2009665302469,20.0322470810798
0,-5.24593255010327,-1.95388104308327,52.3197138749976,9.56562780736647,11.3550035150936
0,9.12142087329942,4.85948445561512,6.72299504538528,11.6611614077136,8.89274897407703
0,31.6174018753228,-13.0959707983577,13.6044410914895,10.3682155612967,10.9225993045992
0,5.73871898363382,-29.0302334278861,3.46544404697709,10.8225162935424,10.1345767419197
0,8.9674719671518,-8.85550728714262,1.65350815917898,12.6209430940524,12.2091471145162
1,1.22576073338897,-2.58742660771718,-12.3601514298424,12.0297415478737,15.9816273971909
1,-4.00934562910147,21.9847858775464,-3.09192786422458,11.8493207377232,17.8561719397219
1,-32.7618529741491,-9.99759964708677,17.3667325455307,11.234412639982,16.551923845145
0,-1.36735236641673,-5.5109588329285,-1.02126514848597,9.47557216679094,8.76929447260071
1,-6.78320844924066,29.7090434433213,-28.5834316985704,13.3821623767186,20.490265184068
0,1.45963769477935,2.70293705361087,-33.1038736280582,8.97809053361721,7.95460715214203
0,-2.87671840172171,20.6297520329622,43.9188896147832,12.1597966725857,11.9152244370079
0,-8.03237502288979,-13.4750552914536,36.7108823537611,10.3494489537151,10.3712557978991
0,-6.58368874815469,4.34111237837287,-3.21222425270576,8.2398148938637,7.92555355573115
1,-5.91362120932753,-42.3956831092981,1.05097719206692,11.4389476773958,16.9380021683092
0,0.72557411654218,13.1363982759679,-11.2116794715312,8.83479658575978,6.85539297054065
0,-1.14762693731988,3.76605109165253,-1.40230943927985,10.7880318886412,9.57656265195216
1,3.92194120056286,-7.55912650848015,0.180795538399822,12.5242406556042,18.6853568379767
1,-2.46613078493374,22.7154508586754,-17.8140229156841,13.3366500488423,17.1507334796541
0,-0.55934512771679,-2.91452510076187,-13.145073111712,8.05335002095988,9.90558102624251
0,14.3390800819253,-47.3612383667003,6.25818364356856,11.6304461117409,9.53446456918946
1,2.94961826906682,8.15891541041341,-27.173012355292,12.061852160369,18.50701805881
0,-35.37447553295,-25.2009317747138,5.68041354872999,11.2543454469735,11.8232113718415
0,-11.9074264569944,36.6584725272339,50.2614050054289,12.0192163789932,13.7195861900159
1,-21.136756701832,15.0630132296187,-28.4635657436997,13.9935679258198,20.6879685368912
1,11.6179766091575,58.8815910015433,17.5684231996841,13.6983745276201,21.9202516371807
1,4.37334970804607,-0.218310080897211,-11.6031923232609,13.8422442591757,20.2356375527916
1,11.7402047551671,20.5626019964946,32.7336330806645,13.004877378373,23.5729443335804
0,-11.5712325651982,-3.68608150030646,32.9489014680112,10.0060264352106,11.5280807324421
0,-7.82060402707691,-10.2352441439041,-9.58800122302255,8.46142794063738,10.0314568127867
1,13.523987318909,1.83334625166822,-15.7720781493823,12.9344278744596,21.8014475548033
1,7.58110980985008,31.1125275651037,-21.7457618713748,13.796488846462,22.3616854892845
0,0.612023346041977,-6.6737512009831,57.5622688801367,10.1685039548293,8.9200396919029
1,0.568089574993694,33.1525744857275,3.05095007906133,11.6368815285102,15.0452242180739
0,-0.0380770332420156,7.69206471671873,-8.84319821956037,10.5050141814129,9.78142463678462
1,1.44717627809584,5.53529475105286,16.0494248733059,13.2079987051102,19.9443444899457
0,-3.45450230385912,-24.7805472787186,-40.4592590798674,12.0359160323638,11.2710630687354
1,11.5526385316926,35.9003613120373,-22.8974192391159,14.2026535669966,23.4964275972854
0,-14.6649149591488,-42.7276427013365,-4.09417346283696,12.0856552189981,12.3808006817812
0,4.34128289029769,-0.146984850434223,27.8660094642734,12.12059284758,9.98729939718101
1,-21.6460635897153,2.98760263361405,11.0595843616506,12.9830916159257,21.5757158569312
1,-7.61178727411071,1.58030970455011,-32.887780396064,11.6989070027313,21.8440486662953
1,14.2540406546917,4.72364202632438,29.1583847315714,13.3844937347612,23.7498705427142
1,3.78139220384704,-13.670436525196,22.8734807342201,12.596844529061,19.8505899107874
1,-35.888581469224,-16.913338792977,11.251543900761,13.6922825838069,21.9337559906175
1,-2.59750464342881,-13.8794538314034,16.587322849745,12.1242797201796,20.8433291179386
1,35.5329229443158,-1.66647922231593,-18.5553050308325,13.1668283246534,17.7925848152552
1,-3.65074697554046,13.1476179206985,-22.3289407390872,14.9207804740399,20.3430570833852
0,-0.794525752861962,22.0433580233046,-8.75398930301496,8.40598074685125,7.18912402740043
1,8.16289808868415,9.86455571365835,-16.5572874411526,11.1938249258387,16.6030024568748
0,1.71618111398077,-7.25218844970758,-1.59786376925516,9.85619860532798,5.26048101638665
0,-21.7794145688464,48.4313246560577,-4.76431966963503,10.8858533193138,10.5453116552192
1,-6.23650914595598,19.0128450342484,-5.7236621935826,12.009372478134,17.8750776559581
0,5.26500686871236,6.73126512375975,10.478592395674,10.3017408483135,11.722204117607
1,-6.39519945034211,-6.16836133543807,-23.1004344314557,11.1277613225177,18.4339700424679
0,12.4769667484711,24.1850553142479,-1.78820659431555,10.6396442375662,8.66555761071174
0,2.31175274031042,-13.3255627700316,-0.652681796559498,11.1570318494401,9.80091869138418
0,10.6414615098038,-4.46151510574683,-0.0981636467682414,9.66653394123462,9.39898983940689
1,15.0854644598492,-1.56769268798606,13.6147979705427,11.4505471175621,16.8532311653163
1,19.1507646408175,9.40213471646478,6.74979150013977,10.8792025910826,15.3816091349842
1,-14.7859558828345,39.9529516517963,7.62359981545026,14.4898113533854,20.2224473805398
0,1.02224162242565,-1.05969931743663,-1.79671692155243,10.3976188887968,11.399154889049
0,-14.2192992021617,-2.81823122197492,-9.59958260267707,8.7772640950682,9.64815262723791
1,-31.7429928036077,14.3412135166306,4.35579718329946,12.4960440758671,19.288743477358
0,6.60313624374103,-23.7882259274664,14.8421355908913,10.686382993912,13.0718286892075
1,-11.9624387326505,-4.25885415915601,-4.27893227988957,12.3059966661593,18.9204893664908
1,19.6285656165912,1.37364054979617,44.6538663862948,13.2489879053287,18.9603665812942
0,-4.96944570969768,-6.19339948451866,-16.5399186426291,10.0304041849299,10.0765223270042
1,-3.19714572021861,27.1408838531124,34.3861151214046,11.286750505296,18.6262273033094
1,12.0921323505127,4.67081337547937,-17.8843975716106,13.6530482423733,19.1954587739298
0,-32.6752620027842,-16.2219042506682,14.3959830481082,10.4548122530167,11.1958385504738
1,37.6680188272686,-3.38596980807756,-26.5431768773943,11.0649519085912,16.5272146468613
1,-31.791283932829,42.0675763049354,-1.32531845590834,13.8143819165987,21.0667998189106
1,12.1165247454046,15.8632443386705,7.50923334690595,13.0560295640701,18.6220837943975
1,-2.31029422456299,-50.1324066843984,-13.3770242968329,12.6525379869657,23.4839378000487
0,-10.2921689693144,19.8739906142555,-5.87037262588941,8.90254713255564,9.64853541831405
0,-9.37567087905135,-9.59479390463508,34.3682940227806,9.40769976037063,8.96508827220383
1,-2.6466560112097,18.1984505306799,-2.56848931220425,11.0672509901642,13.2956072064344
0,1.44550140687396,-15.122358258484,27.0247102415902,11.3322954021022,5.51502006030394
1,77.6093800716937,-0.59983842248642,-11.8303772937726,11.1165359532472,15.8839209237148
1,-49.6707747617518,-6.30231262843593,-40.2304362082446,13.5327746521404,20.7669022129802
0,5.46895553293896,-0.596524468274631,2.10538719929741,10.4926730422461,11.9286436552463
1,-49.7820369084414,-28.9944660219722,22.6165706458527,12.7533408020272,21.7070351829845
0,4.93732188661154,1.90884039141575,13.2610227995154,7.65518611627942,8.07272689704103
0,-2.1815884217567,-5.67114300659407,-22.1107308705174,11.0232454043683,9.27864261238144
1,14.041140178311,3.62468272076438,-21.0766748328072,12.1720972532972,19.9574882192076
0,16.5475205272984,24.2912807842825,34.0368395828194,11.6101687419321,9.18850833942383
0,-0.670449481952318,21.3388023305042,4.82268807746661,8.7876587743982,7.48150630124665
0,18.737749219417,40.7214891493632,32.0854097998419,11.2952834057557,16.1077860902318
1,7.94775743781358,-8.55636115292657,55.900772765131,12.9081180766239,18.9225194712084
0,2.45452703089204,2.24846091098137,3.32550701178011,10.5509186112805,10.6782644185638
0,5.58912251688838,-16.9858973178364,1.7705649259785,7.77553463779852,7.17455376145643
0,-14.0955574603416,-9.07838119102652,1.58142138926872,9.68398472457127,8.20294030671693
1,38.0883297597061,0.955435465695111,12.8810597535716,14.394151462676,26.2921016640267
1,1.59173001052258,-6.11710481795659,-39.3944403023156,11.9774288598345,19.217561279499
0,8.71906710217969,-17.8205750961316,13.593313159496,9.17642080627783,10.5239169611712
1,4.41596323959321,-13.2272023706685,7.56798990435575,10.8314654189573,16.6422931324015
1,4.11599593090601,-2.6701614295914,-18.8722724611474,13.2208071758556,20.2829750648569
1,1.6789110588873,6.43443838770684,9.43976359331792,11.6611473841638,16.918949292396
0,-1.68472475937605,0.00175637280394948,14.5326388896432,9.69985152399623,9.93832385889023
1,1.58626921311048,-40.9976570219437,14.7794569482012,12.5366763014177,18.6504657924511
0,-4.10755099947581,-7.75679083878171,-9.18170091615838,10.4806353008614,12.0076090244212
0,2.31277473729091,-14.7740454575855,-56.9823026403631,9.51477593199632,12.0253813781361
0,10.1584364906805,13.7175409343848,17.6002264468132,11.1747939873892,11.9327118965428
1,11.0454414190226,8.52638383684243,1.05016509178468,12.2606131400338,18.9648690896666
0,1.33246681850609,5.48390282465419,-48.091102037806,9.72437627420893,9.02048712797846
0,-2.06717976676232,-6.75217837487512,3.91460191269421,10.3027662303387,11.1650557773892
1,25.966105177886,0.517195979406442,36.4050480218291,13.595806395359,21.0571151840064
0,13.5586331510436,18.0568641103908,-13.7917121891495,9.52797879324785,10.4921664021396
0,6.20031619503703,7.63028838801814,-1.33063168170969,10.6264336139643,8.63964903143154
0,-3.49936112916332,12.2455589028551,-0.73505852677171,8.30570122887804,5.93347337817438
1,12.9481614650038,5.19550136607922,-16.2851729936866,12.3013031298731,18.333121691251
0,5.0327051360469,10.4521502241139,-14.58141859916,9.95251391832942,9.03270850441369
0,0.94876802276,3.48803990636009,-5.64716971842082,11.5199745145745,11.244224923301
0,-6.5173350671797,4.1413884788634,-46.2401135344716,10.6052795311171,11.8145492042824
0,-12.5708637190281,-33.0856998970118,-1.9200670386478,11.9094781226827,12.3977947157328
1,-1.65408263357847,4.6277684167038,-3.6442776118305,11.0301300864502,12.015790378623
0,19.6134613860513,14.0263881959569,5.92272948603231,10.6913998043092,9.2375167357414
1,-12.9802289586529,-30.8634585005078,-17.8380773746209,13.365915950031,18.513770016204
0,-0.346469484930657,-16.9024775911903,13.8148360861719,9.39073120158987,11.1638920065149
1,6.43994541125966,11.6662664089999,-6.09033548175236,11.3927307332703,18.1940788224485
0,11.5181040229692,-7.0847388776784,-18.6307642777671,11.1555243205922,11.2693117410895
1,45.4341512820736,-15.4212161088921,-11.2919626354217,14.9258723080034,23.6781326112265
1,5.11870312018108,3.6588076313218,-7.23158141830469,14.2364085528906,23.9926050994824
1,-19.8228736687518,18.1415845355888,-10.17246724862,11.9515862001776,21.0659931398912
1,22.9469815425182,-1.04527496069187,-6.95491011427294,13.3565724778052,20.8506644634263
1,-42.3362652558903,-8.94545874402532,-7.25705143671101,13.8103129155162,23.1333873427564
0,-2.00705600422689,13.0006217124572,-1.72201047890236,10.1207156361583,10.880215762791
1,-9.29191006585022,-9.30961080718208,2.90141009460765,12.0441041775238,22.5046269495055
0,-13.0213746558581,-0.472895355399797,-27.0274617219075,11.2049698254757,11.4570713039098
0,5.40508031925879,-2.10682278081588,-25.8949283543705,9.18471778884033,8.07523987900367
0,-11.7261116373654,5.30441941266973,3.98953852764333,11.0308724872855,8.69329756487155
1,-12.6433667652962,8.71476761159758,3.87371954462683,14.205153330631,24.1780100709961
0,7.5446731197273,11.0540824758781,-18.7433808490281,10.3437911747989,9.22067654502789
1,3.61706851528496,13.3055284709961,-5.96424009597309,13.7028111371972,24.3726273652448
1,-8.02508759282696,-2.18012415751825,-4.4399817818976,11.3078596253638,19.0043907053946
0,4.89053729838453,-15.0401551164578,10.7610816944564,9.86291575521578,8.78461958394776
0,-8.49911808124082,-15.1552792260063,-8.82834254011085,10.6587166864747,10.9389939113952
0,-3.51355675746668,-19.179186220478,28.9424924300571,12.5352058044053,10.8800615890806
0,-5.71904115978135,-7.99511429749093,-53.3721623702456,8.60132802518637,8.14953606279618
1,8.13032095686338,3.13539001836747,-31.8129358932981,12.5861138021148,19.4314648462677
1,2.28964268562674,16.0530874448321,-19.1185135764745,12.5121510807686,16.8770435833219
1,7.11237113546389,-5.3964829158587,-13.8884525538116,11.8879151389094,19.2999473949021
1,1.68729052242277,-2.21265341869145,41.744736327068,9.96784786813818,16.0510066255828
1,16.4824690636155,-28.623725097862,19.4806125528472,15.0717360814989,22.4877681893512
1,-2.2418217482322,-5.37021286914495,33.007295528359,9.98354801154425,16.5712307779688
1,-23.2161260948793,-16.6262062278982,17.2001872211685,15.5964428081968,22.9017164870743
0,4.84802766764294,42.5265495486986,-2.23890060018216,11.4184541230166,10.890441734066
1,0.052121646530063,6.00034903946814,-5.2072094691148,11.8786292023812,19.4795761156926
1,-11.0651007772951,-21.7663587752023,-4.63243240515548,11.0947065530247,18.3728467917239
1,-22.6271314372583,8.56826161240494,50.4877763384797,13.926651502751,21.9143362512286
0,-7.43617364422691,1.37072958052073,0.488933010841798,8.79973215839895,7.5650923743938
0,2.48871505231993,-12.4941348643571,13.727872176703,9.86620065046225,11.9541425243992
0,14.8257620696818,27.1868543930732,-2.77260089702435,10.4711069040877,10.0125625481116
1,30.2941404009888,25.1205099479977,1.84203536818473,11.0114167732779,18.058869731985
1,-3.8124649389951,8.45955865810342,7.99313164653332,14.6997416209818,23.0051468288562
1,3.71046377829683,36.3462862642056,24.0787307258896,11.5154766647902,21.482042144027
0,-2.52159907559696,32.8762652640322,-8.69585871963483,9.76921638185063,5.37032338148841
1,26.2325530756078,37.6218847627139,4.09423156533636,12.6767480956422,20.7256659897542
0,11.8529745199024,-0.990275923250534,3.65708756250859,10.4640156917147,8.88436127531748
0,-5.04435046423959,-6.68967596939289,4.47702149605176,7.68274351260427,8.79194151260496
0,0.357268413362419,-5.82094954390274,2.40333671160942,9.45746830943286,7.15856671433531
1,-5.77929666577066,8.35141626497106,6.41187560604257,13.9093809599514,24.4644672666912
0,7.58588295456623,9.3593166203463,26.4374785888627,9.84346813856054,12.7358834850052
0,1.0370685047255,7.87428457511254,13.2227502084922,10.5671593921311,9.55725205422031
1,11.9189787603485,8.76474877912766,-43.1883710831918,12.4767252349074,23.8468433549334
1,15.7023764265596,37.1286514554561,-30.1548488540517,13.0290789887145,19.5704142780047
1,-13.2047525224421,5.72550525331803,36.5835799661258,12.1136697248691,19.7100718409292
0,-8.64220103787859,-9.21584552270735,-4.45225535733027,10.093854580982,8.6201501793196
1,-20.9639468782259,-12.0798804007936,-27.8865365360859,11.842183916148,23.3280536592334
1,34.8730277117167,-6.24299266094499,30.829839779647,14.1803447304527,21.736461382465
1,8.09393209679529,15.5338419093821,-10.1479377771502,12.9678790672474,20.9381091422052
0,7.36290742456042,13.3432845874322,2.30418167545403,10.5678532557048,10.4160689227617
1,0.338385840080583,-1.78156147043811,64.08351745832,11.1849826972503,21.5502069092186
1,14.368996653493,11.792075449055,22.3081514205658,11.6666495725247,17.5125581054048
1,12.5537455658695,26.0723757199021,10.9584243745743,11.79202524619,21.4938167928244
1,-12.5575726791808,-0.806472994853578,36.727423831457,12.8684794116753,19.2854394146256
0,1.49282306825039,12.0698622461219,-0.226434922722714,11.274101046545,10.5068752684489
0,13.1789179772532,7.79170659895913,11.980142263808,12.3486052500886,12.8456964629224
0,-9.35038576730881,-34.8240833508892,0.188223805084011,9.93204719423721,10.2530915109562
0,-8.13459151899606,-3.80499892103758,5.92956722426896,10.6609882346344,7.95146312603003
0,4.99440583578937,11.0838886227465,-10.9640712514702,11.1970667245863,10.9819261639649
1,-0.38385694791844,-0.518037147443628,-3.91102285778005,12.9185579966303,17.497650950197
0,-13.0587456001524,9.85768499307747,7.77878087503247,11.3200732586341,11.8432943532516
1,10.9339926177447,-3.24789997323431,-8.56408074531433,11.4082225205006,18.15463594198
0,39.1910369018193,17.1229470228733,5.34614727307866,10.6167476091298,10.4536382565207
0,12.6973265144702,-45.5617754227506,65.6393997282189,11.288430885199,12.5678277977238
0,6.75510074217588,2.10166942470592,0.769529488958451,10.1483416194269,11.7063443243337
1,23.4498526459894,5.88337463703743,-49.1340342586327,13.5426442493187,20.3367571778167
0,-12.7491473259365,3.03797132540243,22.028578060821,11.1750379964288,11.4423657953009
0,-3.94317497545304,8.69240891997786,9.0877997606227,10.5798055979186,10.7609216824891
0,-1.78247070265523,-2.33713351612097,22.5733014174455,9.92602387789205,9.03914800782633
1,36.4425216992212,35.7105169543696,40.0883481758839,14.7658706934254,29.2374968429433
1,-3.26668679111452,-6.49550093887797,15.4954897650579,11.9686849305141,18.0365589990733
0,-13.9726923574524,-2.56212920828587,-30.4882735421132,12.6297689452507,11.4495097303338
1,2.14042798152852,57.5196941841511,8.9315979509605,14.0554000087094,22.2383520531956
0,-4.74998321418105,-0.658911035155655,-3.98540932955194,12.2872867733828,12.6103485640246
0,-6.55988094931632,-30.79259978361,-20.5745522950423,9.86382702615291,8.87454818812758
1,-31.0124311460776,3.20799576253914,-1.92744913055275,12.8555150647624,20.7707565736206
0,-4.53812036993057,14.6336542503124,20.1250275543744,11.0802955266603,10.5357880349604
1,-13.6861594895414,43.4340983797598,19.1341409805536,10.5302607535618,19.2329322109141
1,-5.43085644469022,27.6871181670116,28.3697672899295,12.178348132774,20.8470283523424
0,17.9236999187529,-22.3722086721948,-29.5770244936551,12.6133132777629,12.2576076317095
0,-2.07098235997815,-10.2030559628155,1.64091157561827,10.5694795914302,12.1129093368781
1,8.36542200780829,6.96666696595693,-13.4172376095625,12.0534464951327,19.6890428745738
0,14.7984911102786,-14.5847771702926,-1.08607735973851,10.8198904645909,8.53696769145711
1,-15.623918101978,-41.3404565199779,-28.3199899556558,13.4213213649527,22.1906369194835
1,5.22506716208533,5.35432003029097,-1.74857117506746,13.1072220390923,19.6339380239343
1,-3.28222479107119,5.3999317596232,-12.7597783742666,12.7983498514911,19.4689272589277
1,20.6976993095517,14.0428470265241,24.2988586610469,13.4015640491413,23.5316855043425
1,6.06170690056862,-8.01733662842968,4.28773976897268,13.1003670418492,18.3324848092875
0,8.36892999543762,1.18133521813053,7.15913641567331,11.8582316530989,13.0953230930305
1,-56.4114624332787,-42.1937099129633,14.5830874600464,14.9110698459232,20.0871033937645
1,21.2140217445457,6.57625627617555,1.90695161708058,11.142763162752,14.7320858175162
1,-12.6807673532102,39.858254453377,-10.2012537907186,13.5446541280794,20.4582734821198
0,5.13646125180186,-21.5346219129062,22.2616815738441,11.3104242772937,15.996402403009
0,-2.32646200848874,33.5427360663,-22.5341762339948,9.48745517753418,9.19959056661309
1,-1.41471696763727,-9.6001379219929,-25.8664985467116,12.3797281528761,25.0762380103695
0,-60.3559499322786,6.05844019386178,-6.6951889059661,9.11092958870689,5.36020569283545
0,2.26607382809819,-5.49519871844232,-35.63177417007,8.70923679260391,6.89037413910372
0,5.60714731523518,-9.46949091865138,-15.1575819721861,8.48896420416497,6.897376558532
0,-7.23477060534993,-16.0284310614551,-22.6667580138155,8.89484083185471,10.6743228293189
0,-10.9795016243039,-0.00757303882702077,8.60218278783519,8.35495396256758,9.58775358839269
1,-15.0346071446459,-15.8465960935187,11.867417637338,11.6936204345126,17.4889715466509
0,-20.6000479073623,-19.0244168759378,2.00469638175982,11.0525679079995,9.9399488586886
1,13.1896662549677,-9.95557809819783,4.09689938255116,11.0090767622375,18.9944628911517
1,2.40104866890963,-13.5021748011331,-5.28168778402225,12.5814316253845,19.853203205451
1,-1.82545460358704,-18.3425266458449,16.572798575166,13.3973091540347,18.2271493353433
0,16.0072506828902,-14.8463186135168,28.6543496778581,11.6899639626227,12.811598154863
1,-1.60233507167129,-58.6863646047741,18.5563122369011,12.27454625483,18.5568192516542
1,4.30332946926407,9.4679916778516,-7.27492550027531,13.0030051746851,24.1836373964626
1,-15.1830340144002,4.26523785842435,-10.4412610056097,12.9217538512404,21.6532399471852
0,4.4248869612202,-10.2431497816017,-12.9354901698758,11.5131950290712,10.2886542170037
0,-14.7658694926089,-9.68365397000643,5.4878742616602,11.4855420342753,12.7355387100705
1,10.6172251681457,-5.04712330721513,19.4617858376401,10.9833905866392,17.8134955375328
0,6.90030653278368,-3.37278588418233,11.6406542604896,10.2704177067115,13.3800533355523
1,-7.63812479512226,-2.13414256476999,0.8656921174274,14.7594133706144,20.8245769205574
1,0.0112957703342166,3.53320361176999,-0.370993614768024,12.9437587591527,19.4273157908442
1,-12.272045184436,10.5602683067511,30.3247537224401,12.7583234222748,19.6632902914226
1,1.6179224350151,10.3060331891325,-4.61562535928988,14.292012508571,20.8322966818601
1,43.0968600748247,-18.5783018654887,-49.1085117120792,13.5855100324957,17.8940069578831
0,-0.277003176433815,9.512728759922,16.1548439004461,9.75546915665684,10.0188469110061
1,-26.2878416951451,8.98450511123117,-30.2055605491035,12.3874170011483,22.3787237577645
0,13.6201578944623,-16.6814477914276,3.51640435244029,8.74866319344751,8.2398179746424
1,4.32985361929565,-3.2333047151938,-26.6222492284208,12.5307210532607,20.2060549567187
0,12.7109959149675,-36.1627089785354,-29.1880692960752,12.0881293168228,14.7928823402429
0,-16.003644012514,-7.6255308387683,4.19921262236741,10.453545487807,7.22003385694006
1,-37.7471518753172,1.98864694237749,-28.7379113463242,12.5408464400508,19.4292919947309
0,-2.246750046674,2.85677298275988,2.13889151367899,10.8404856405978,9.63967872947486
1,11.6151771965543,3.827323482362,-38.2224859127559,11.5788761273262,15.1126574156875
0,-5.1499069389939,-55.9892607972845,47.8333181127317,12.3806949674815,6.96293591840301
0,9.09174545151285,-5.80407926741374,15.5710393299187,9.29775730268585,10.0723317123372
0,-15.8112273729428,-34.4097253664358,-20.5827835940808,11.3903550260025,7.14759975659318
0,1.10007429170955,-2.04430821757111,33.7869533072906,10.281451960611,11.869822704311
1,-18.1326229482075,-21.4457803325814,38.1113445491722,14.9322929941153,24.3710763454966
0,11.8728887547674,1.27667339615348,-13.4234813592354,8.12476074559346,9.738311227355
1,4.79883303233267,-4.58926974346534,42.8215737212061,13.9528108009806,20.5845487741738
1,2.00791505018424,22.2219873790859,-6.17554346052653,12.4451465761439,18.7012290958797
1,8.99298530703024,5.48342237179873,-2.32209805748343,11.9299452987341,19.8429416196778
1,4.59992269764017,-30.7626912709813,36.9082948249501,14.1573529618303,20.2305098583729
1,56.4790423955507,-19.2098110282369,-23.0764858453259,13.3093577642781,23.0289233826814
0,5.2250766855936,5.59320261400496,-54.5498792969798,11.5955098425369,12.3688827981367
0,2.72413778174503,-2.64596725934219,-22.5921438488765,9.30621338847261,6.69247337478389
0,0.980116257609967,-16.3146764796079,-69.0048060348173,12.0209459556384,10.5427465899851
0,-5.36356097030481,-21.5346045232041,7.46549754888168,9.81916318005117,9.63944572710917
0,-3.48730163620564,2.82856092004339,-4.72083913362511,11.1581698323918,11.6085960358206
0,9.03346603254172,-10.155015104887,1.23124830414108,10.583434860626,11.6321103277302
0,4.22192651596493,-6.57763067163,-10.5857693034132,10.5971650888744,9.57832122271447
0,-56.1508470801333,25.7947207720772,-1.98488723806803,12.3578683374371,13.0486081226923
0,-3.49595712594812,12.0526204466428,-4.62101349544656,9.76118417014989,7.86272547025392
1,-8.82790847311752,0.597391265117096,2.29583602491962,12.331710355328,20.1685266039929
1,16.7503043331078,5.39054121032422,15.0161720020749,12.0177274026262,19.8646824797868
0,25.251712495988,13.0020669878709,-0.822101820673093,9.0877455641537,11.2341350805219
1,0.647660654190455,-8.16857497153874,-15.1467247220271,12.5183870528176,19.4619007618476
0,-6.55777420201123,-11.9234482270526,-13.148002351667,11.6744967766738,14.4599872381789
0,-1.54371129856358,20.8430044438988,-34.0789859569219,10.9749400771885,9.93320465323872
0,-8.65131754741509,-18.7755094971916,21.1225361514882,10.0316383155699,10.2398004123251
1,5.97767917085519,5.10260891560735,23.2820420433968,11.9574363976979,20.5388921206162
1,0.645255946278874,-3.21179201081843,-42.013014004346,11.6914685447654,18.6857967294869
1,13.8496074838002,-5.04437616742913,-0.649640926479918,11.0448899853124,18.2351901173913
1,10.032332471225,36.763795244157,-21.8779454772999,13.3016048122944,22.7822985585297
0,-1.83091974012091,57.2008763695286,29.3510426124431,11.0427150788398,7.22311526430253
1,4.63569311793552,4.19167784958633,28.235757840793,13.2458343694766,19.7388352636603
1,10.5503866758602,-1.8317912033892,-5.18249952809824,11.9608026684189,20.2230129225085
1,3.51106839319102,-22.2809107804583,-22.1853253884609,12.9933571866906,19.0074622608482
1,-6.16074539072691,-5.35499166534947,16.2821436143722,12.1619639946255,16.5731453112783
0,-3.77061794604651,-7.55549504256378,6.1094033546104,12.8192406053017,12.9509241784881
0,-4.82776739929985,1.96580027989073,-28.137182713193,10.3174764758342,11.5860789122919
0,-6.60132793233043,-9.82943177800527,0.598849821482716,11.2363316499851,14.2388125278561
0,-0.975886878447456,48.6258133978177,-12.0092347898066,9.99640883617189,11.21317016103
0,-2.55613462939017,-15.0702407280988,-41.5017468439251,10.8007243725085,9.737992055741
1,48.3723278600551,-27.8520855005824,-7.09641384314326,13.4007448187245,20.68728046182
0,-4.09297881158103,0.239266841301568,-48.1098796823597,10.7600316242751,11.9684114312542
0,-9.89999102253924,-7.03541661943225,-2.13214910103947,9.81839062877238,8.2013660832333
1,-4.12985622249314,-10.5549512619282,-8.7859476440313,12.8965192395869,18.6595278026224
1,-8.81283448540574,1.49410975032771,7.53113566342044,14.0268565838688,20.8875488958339
0,-5.11765934331394,16.9678654962884,-27.9353971915862,9.39001243782047,10.1296702133265
0,-22.0895999787403,3.92598378201233,10.0844579101887,11.5943099972451,10.6548516396313
0,-14.5026111412667,12.6072053471587,-6.95810041736079,11.5911805345041,10.8887950916161
1,-5.39074692740262,-4.03622195993107,43.866046577815,13.2621100499535,21.8935172497086
0,6.17074862303921,16.740777225409,45.0114975602809,10.1298074160835,11.1369384510295
0,-10.8131297017423,-5.93007652176609,3.82225590341439,10.1524920433666,8.95319188098267
1,12.1465134873213,0.654878014257537,-19.8652878531096,11.5841458238923,17.8199390018644
0,-6.12017680824663,24.7831323100323,16.4261738598259,8.53060185204944,12.0766620446828
0,5.99643556205742,7.17619410595599,-33.8760487321272,11.3304796300245,10.0313210580628
0,3.49466455832155,-0.71298509872845,8.0735149371475,9.09634358626937,9.29445027665489
0,4.84384002016451,-17.507681876676,-7.69632611007898,10.2424786071888,11.2868117261843
0,-4.6658429982729,-8.49930515965924,-64.2956405184008,10.3699093996992,9.96741276625718
1,10.5970194237204,8.66417153402127,16.055310730049,11.6283012389609,17.8025781895393
1,-12.3123005172996,6.1266687029523,4.49261330833842,9.79449258553294,16.9293578317876
0,-0.919911394804425,-31.9889510411317,-1.70371106446163,10.1583527156634,11.1422189527509
1,5.98689113925848,11.4880851454357,-0.232114696014162,11.8110211802685,18.5921312793947
0,-2.37802090302673,31.1411163632273,-5.25899924567447,8.99633385264136,13.3742622342499
0,14.7153538540093,-6.26016577327633,-5.56432024750744,10.7044327800235,11.4272155224405
0,0.277269767075155,-6.88222826407276,2.48446509721022,9.8295007196439,9.28173346616455
1,13.7630273086731,-57.754170734705,4.44284959513526,14.3990226699218,25.1962248519911
1,10.1958422780812,12.9407456173186,-20.2421165136262,11.8106144634766,18.0256150834553
0,31.461082098866,2.10034966709862,-48.694210180243,9.76201388463655,9.11676932138766
1,16.0283294160807,-0.394297209687124,-11.1392403563302,12.5361090767543,20.2161973577413
1,-16.7539656893121,-9.38238431404113,-29.4539849743076,12.6035218127378,19.3262402049181
0,-5.25901030004332,15.6141452253436,-1.08002183161066,11.1413768501392,12.7550422828427
0,1.55042914807235,28.7075671002646,-0.244927407685917,9.11411756240293,11.0722147823932
0,-4.2485028979122,0.38331561355379,11.8535358512692,9.20377624918488,8.4497287558
0,-2.90656367193124,6.20602166410364,-12.1829745556639,10.8401002856735,10.8055724336007
0,8.43663017615956,-1.74570434238363,-33.3263624861535,11.071373828591,10.2694239839888
0,5.01032753964603,-7.72964408043702,16.0424571725535,9.52924361414693,11.0751957725663
0,12.3763789025126,-28.1730431907991,-30.4700242187376,9.31021509085316,9.30119833745842
1,-6.09322656034131,-2.4022189542851,31.8846664421872,13.4996309718789,19.2386614559312
0,7.21531512889007,-12.9173736518856,-30.4194156927664,10.4032460265986,11.0298883363909
0,-13.2316019585168,-2.35850250274687,-7.55897923810703,8.29676788858807,8.76753640602224
0,-23.7988989302375,5.45498285462721,8.40630695861793,9.48166679235658,9.6064839028656
1,13.7326669612121,-13.6206372737895,13.6415681885093,11.7421810732927,18.2802626117939
0,-3.19379477630053,-5.21190660343432,-30.8685393938039,10.754762265285,10.6195274862554
1,7.85057190543807,-29.8276546819959,-30.5257363364598,13.60500606204,22.5673221348377
1,11.9947225950466,39.3745376064174,-57.1873937654054,12.914648559725,21.3540186178676
1,6.35953864482715,-7.56549201365951,-4.26348840758055,12.8520725511029,21.8784225170363
0,-20.8808671231954,17.5869099753607,13.2546756960823,11.8543770073312,11.38087364311
1,-4.76188125448376,33.8861265113868,0.167914270877203,13.3018434579113,18.9125467312808
0,9.06873197442718,7.8979889448299,9.34457216842825,10.5562481277694,12.9468485451588
0,-2.71582836383111,0.686499557716248,-11.3354470421602,8.34367408920508,8.47472080467115
0,-19.759212522328,-5.48114221147807,32.0428854099025,9.42953141534936,9.76137690830541
0,6.44121240017703,-9.69638831072201,6.86382785566562,9.74202336900216,11.0194311098836
0,1.4825441174481,-6.29910433125805,-20.5332949334286,9.52355021460967,11.2677681209077
1,13.1119779330616,7.5069038323415,-17.1281534166081,12.0372300284512,19.3547226746466
0,-12.7336519410703,2.20244244337818,-7.96493537462153,9.81478224740246,9.86764100072887
1,-2.90994357056634,-10.6427768029775,26.8124868366869,12.6650194843524,22.6072293773328
0,1.42352830579785,1.00249537789081,5.58749030141119,10.3561161624082,10.6525986166822
0,-13.2036019229897,-8.00433973057926,11.512669222391,11.2095881046382,10.5691166240202
1,1.17847081722378,-9.52237486216461,21.2417591488546,13.4119620796498,21.8198032542218
0,-12.6612081331166,15.6039188136169,35.3880734513883,11.3104358163857,13.7212554549243
0,1.4564947263256,-44.6206528620605,-7.98082765175518,10.5921951067689,16.2644470378219
1,0.224214087166532,6.45442103207421,-4.09176618805248,12.9126513478372,20.2678831631898
0,8.48655164596719,0.431491961583143,-6.74202437851398,8.24155610288558,7.76723648366653
0,-1.92146167403558,3.33897739109275,-2.79312476869695,11.6921262981227,13.2184248119473
0,-5.55544449434802,-29.2465062682258,-12.706797583114,9.25847565002999,7.56819460461042
0,-4.63528955144717,-2.56771647882068,5.91784001415273,10.4103915774939,11.4307820551866
1,16.9455069317081,-12.5719444055761,-13.8676497802785,13.6351499304713,22.8267181330672
0,-3.90704158835709,4.39826127871284,-28.4441766988025,11.7400332734369,9.58680553323579
1,-5.48653558505078,-6.90442788900953,7.40633819922966,11.3992643677447,15.2360291751194
0,8.28187829894645,-14.8833533473614,-9.79515527571634,11.4334895350392,12.3999561961778
1,-6.38344502244489,19.1120512557078,15.8128022340659,12.0084717793105,19.3821688661329
1,-14.9024191451313,-39.5340301021734,-2.19813721383283,12.6413222139418,18.4688008935127
0,8.631406416688,-1.09500950992381,-46.6052702336079,11.2423182582106,13.0829740648805
0,3.01849627773476,25.0373396442757,-8.5093719946109,10.690235883776,11.388015799603
1,-53.8577676879154,-27.6747316366315,-0.0467568896976547,11.9068555475059,17.8088929374339
1,-5.72195286052972,-4.47917481012634,1.96440791529372,12.873838179519,18.9471600418742
1,23.7885270753717,13.1392345540613,8.02328642783359,12.7464476961522,20.2684312100557
1,2.78686470529518,1.64575414436024,-6.60990987042491,11.5656794093234,19.8164776132775
1,13.4432182827416,-6.82135053777957,-20.5666367461987,11.7098367606072,17.3145584264734
1,-1.37462677173936,4.22121194666992,-14.4717977273829,14.2710066608176,19.4178952544957
0,-12.2885277016449,-48.6649901130642,7.12676121606372,11.4695286437342,11.7218484963416
0,-0.403799685575219,-3.76178568315848,-29.4396276246264,9.15066725581672,6.4159010172901
0,5.33865708536574,36.6216877917619,15.157173771049,11.4287640679981,14.7540294632658
0,4.00895507721317,4.78669576626192,17.5192862232163,7.18828413822544,6.75430498295994
0,27.342019370688,20.1339602306008,35.069019169382,8.68233417384195,9.29184476557985
1,-0.92920043825212,27.9294142306437,-13.2997057556767,14.427113484311,19.6285977029921
0,27.758300640362,-4.29063531763691,18.9613214968389,11.5498984050858,11.5871438367451
1,2.56269759046957,-18.1948948937126,5.49501913849401,13.3544385694576,20.6049820795373
0,4.38139038140323,12.5453265625726,-32.2814011389432,9.06360821337082,8.48446271003641
0,-16.2062940070654,-0.547265100114789,-11.0743718151658,8.81203160614335,10.3043119731615
0,6.29778428163543,-7.84624733054008,4.19985138421979,9.70301106369631,10.7157723129405
0,0.183274800390193,25.4744038995561,-3.39032325267355,9.35068851932785,9.85683817977319
0,-2.22995195604159,-1.56590852377874,-15.7533014905136,10.1411470923749,9.19376734542679
1,5.38847560200833,10.748660635931,-3.05718822739851,13.0724168063152,21.9620737358731
1,-1.09627694932709,-48.7575857807376,41.7629883107545,11.4959371334237,16.9513017311995
1,40.0527614439739,-8.80578465613112,34.4338814628723,13.7423757965347,23.0350142954074
1,-12.8489170404385,10.1191270726711,28.6166499447721,12.1554645213734,21.0745787948576
0,-5.73663058596267,44.515104700217,-5.99325105866648,10.3468701565887,13.233693880078
0,13.594988129342,34.8446512773384,41.2344693768376,8.66795665849677,12.3381143621433
1,-24.811115909086,4.62964659865709,-29.2858300446304,12.837496551506,17.180423930987
0,4.58175331989377,6.84874746788353,-14.664235841595,9.88845794672424,10.739103279982
0,0.431036513867294,-13.5676091412745,-1.55233372923101,10.1519579096498,11.3440906123965
0,-1.7335479967228,-9.21130936268766,-1.95308895229515,9.26968891131891,8.95505897966157
0,-15.513247464142,3.638058046615,52.7672682243881,9.83333787010682,7.97273505246538
0,7.64056037652152,13.9714463943512,53.648083546588,10.5957998783348,10.7525574642662
0,-7.13555275988753,10.7528757122916,13.7412015991869,7.78851089563889,8.59762162701717
0,0.0128686948111693,-28.6094562646524,-32.530920392265,10.2539455749194,11.0201955883768
0,8.45676334585438,2.76405241494642,26.0078711626993,11.6923727908116,7.88788580400878
0,-9.84865915089249,-0.305485466955569,-10.7304710158139,10.2376015642536,8.1118544424197
1,17.3011845731784,-0.866249241445458,10.4105200716872,10.9703753066081,15.439972921447
0,3.17666339820062,-49.250412013917,-1.18656602519075,10.4848629178585,11.6118454367984
0,10.3844357814201,-7.37930097593493,4.19388679100754,11.4844177054735,8.39718740924348
1,-2.09118184004624,1.26153656120519,22.2237915116168,13.7674559235201,20.9218482655256
0,-8.19934565500648,-0.472393039458069,34.2199657157453,11.7069550264216,9.75112453986589
0,-5.05552713182439,4.69243443146908,-5.09788031918691,8.47177728749429,8.36511749056933
0,-5.67783543205198,-7.48085150194107,-10.216921135545,9.25809903575597,10.0418291172087
0,-0.378334761608168,81.7926291333668,35.5490741791326,10.0705380953708,8.37880277498157
0,5.98058999343878,0.892869504131428,-3.3346079503353,10.8911760593481,11.7704174806475
0,10.4045007140891,4.3511978214104,4.00450155325969,10.1481146142705,9.08762779687197
1,-39.2346575031175,-22.1332924900825,-11.3491635514979,11.9301563710555,14.2188339842939
0,9.17622201662325,7.90560344581265,-11.8164796308327,11.5257503349696,11.7510301768202
0,-4.28527676720167,-2.86950142859702,-38.7525138789283,9.96481016965733,10.6411268732259
1,-0.0705365418155271,-10.329779958623,0.885017394325223,12.4283698360407,20.4423097088057
0,4.67703930271642,29.9018396177185,25.8109707869049,10.8307667771614,9.74968164689994
0,-31.6236944718024,-4.42381568287103,-2.89271100538851,9.96141203489788,7.41000864823563
0,-1.07175469632742,-22.0484872489205,-4.69733487625399,10.7509376570378,11.9434582216552
0,-15.5522745351552,-38.9260850119103,1.37514598835033,11.5663486535209,10.7962072676047
1,8.98946363755404,-44.4536969218499,12.7399866198923,12.5302570212295,16.1472335871335
1,12.6676189352779,11.0245896766111,15.8754099124206,11.8545546868758,17.521197930064
0,-1.42819278311995,-13.5700569502184,-8.14268098580579,8.83016928580686,7.66917382622867
0,-9.29738849235225,-13.5109588264136,42.8379870462909,7.99812993280614,6.44130149549076
0,30.6622693537273,-2.36318447281392,26.0656897865831,11.63018385476,13.9414500253323
0,4.25041703831789,3.63629638656539,4.62209706046451,11.9805068923094,12.5602329475425
0,1.99388489040932,-3.07610046589092,33.2878913676109,10.1961040310525,11.7154923552283
1,0.0435044569541262,8.91878496011391,10.6269269237153,12.2760209404562,21.2147889177383
1,12.0309073055032,7.49815033011085,-7.43677054122061,11.9387076012462,19.1221768181551
0,8.13501173232031,-0.483222504151098,12.2167770590327,9.2799744226355,8.46462958208336
0,3.09398375028721,3.02309403333078,-13.4825995965166,10.3731778907382,9.30702602317167
0,-0.170199551656938,52.8968937388796,-7.34543351494345,9.36716307058211,11.2608615353005
0,7.55814811274975,2.24944802293883,51.3149755670224,12.0454434560004,12.2574437111505
1,-19.18275044374,45.3966020512749,8.28911083098312,13.5007016748176,22.3797416084396
1,-10.2414190507811,20.4744949627279,4.80993030689632,13.0479087346683,25.166377455489
1,10.2152608736647,-10.8764151947859,13.8005650266162,10.4947054448551,18.4904230769092
0,-5.88134485277376,-20.8630656969831,-8.76150313275934,7.04441824952625,7.80215041160444
0,42.9399287459452,10.2480466685833,-23.8754981913464,10.5396332594794,12.143878744958
1,-37.2261392846254,1.24432207745147,6.43121558227959,14.7070370777152,22.7699804125064
1,-0.737836165791652,41.8345583324758,-16.6376227235933,13.5240791973878,24.5958020188217
0,17.8357758416609,13.8261651972547,-0.556052272285517,10.7341488098177,11.5092429152269
1,60.6251959415663,0.506233051303911,30.4500170084982,14.5119606902604,24.6837793645901
0,-5.95567737935368,-52.9553307010089,-21.1759651923431,9.06499416604868,8.01651767077787
1,1.35969401858869,-21.3544422869491,20.6288471915338,13.231792425396,20.715938270324
0,-2.29870354682365,11.5667204686786,-0.790516549655106,11.4093007371503,11.2046692010666
0,-5.81816180275557,27.1393360216182,-11.0918686680429,12.123129118184,11.2095764813122
1,15.7241658093889,22.7031656904103,-5.43951721125341,12.4994500784717,16.9097805817765
1,-26.6544283369437,4.20020451416527,7.46458910768519,12.3082232930487,18.9835161759221
0,-4.37944257809423,19.4738625796,3.92604608358462,11.5793343966429,12.2452791698786
1,-19.4652569019288,20.8258266743708,27.4527296207132,13.212823545557,19.88312853888
1,8.46880160208892,-25.7566555000185,26.1990139637562,12.4018947858917,18.7101378690057
0,2.00312118825558,-22.6290931472281,-31.629685033299,9.35536577969517,10.4322682481285
1,10.8053161233769,-14.2842739187007,23.3315783364363,12.1181777638593,18.8034625149833
0,15.1008708305091,-18.923243390756,-12.0173739736277,11.5985225876764,9.33817561414082
0,-13.1407321276662,48.3185528026786,-9.85856682715711,8.24765672692859,6.97604171929171
1,11.9342755243595,-0.149639154995157,5.85059040626714,12.1460509166973,20.9089104577953
1,8.45344742973078,-11.0948246171115,-35.7640637919365,13.9656212648412,25.4421918372985
0,-4.94716870496268,13.3153456099051,-9.76771789574815,9.38757412918588,11.2929763456939
1,6.67457901411088,-9.58150504341537,6.8202385987963,13.7085551300297,24.0737260212107
0,-0.657654764409996,-50.7448301317009,-5.40179959401463,12.9811999799566,13.6623400444494
0,-6.28946210752576,-5.87320399756512,-10.9785071036929,9.00645945273061,11.4335567517389
1,11.496556515951,-3.39276701971426,-14.8620875945714,12.2496472186188,21.6814992215034
1,-6.16195476910831,7.54928357011297,2.85449816141911,11.270732939738,18.2396569487718
1,3.38776571770425,-41.4736012666826,29.3289104254932,12.0144379704178,19.9779872639207
0,-17.5544466066045,-53.8278989004982,4.97651155012214,11.6910155054001,11.8710424138206
1,0.828998368992934,36.7579245764753,11.6476013710582,13.105193908232,18.8996222750948
1,-4.41696189763184,7.21213128590479,-16.0691809560201,12.911335864791,21.7803534000491
0,-7.92839386254746,-2.12454351984495,-3.33007492318819,9.28435222591751,10.3485890576344
0,-10.4659698832046,25.1976620009184,-17.1995748473104,10.2519669916636,8.03456786310912
0,3.5707476876907,19.0190041799777,-0.375972002651345,10.5578433662072,10.0262563214134
0,-9.51569054493592,3.94521819566823,-9.00461958915742,8.80585410026454,6.06406344567842
0,-4.16172834681725,6.93684858658722,19.3959194150965,10.9756956318046,10.8977771349812
1,10.5311650938308,21.7212953900764,8.14362802296646,12.8201938867274,20.2350932490597
1,-3.26549450638377,-8.31374487861687,22.5339267094437,10.9824942080343,15.0162591109404
1,-3.84673765793714,-0.947559164210294,-5.78677638496957,13.3890631979849,21.5155325004176
0,8.0137856143264,-2.78993447032271,-1.03144790375071,11.0618006462017,10.3278146969098
1,6.88119924476726,-11.3468124259142,5.41583135458184,12.465837217096,20.1619499883884
1,8.87492362276017,16.9244670410025,21.8286570849471,13.8490822281417,18.9204147918077
1,5.47872599727209,6.49954591768313,-19.170643795441,13.0235862767331,22.6611964390784
0,-6.93016730176936,-4.15955728506679,-35.1055746629642,9.77223111667089,9.30103088992557
0,-36.8974381696081,1.11820622126095,2.14584764139618,9.77475964697983,10.1268854312688
1,-12.0917396513793,4.70470044833186,-25.8997524982277,13.4560124109394,19.9367985996671
1,5.15107188327547,20.6702753218133,23.092895828594,11.7544885218113,17.2333904844477
0,-1.34367894694651,-0.0222282199338141,-26.0908450643239,11.4437839297051,11.7720609342648
1,-2.27299727299368,16.700018499263,13.6069426949741,13.2228955123497,23.9054699474158
1,-8.94400134312931,-19.7985580190164,-6.04246180745075,12.8462533872478,17.2845220591552
1,-9.96656307162411,6.0941522687497,-2.69814605538409,11.1314963047421,17.0014733601801
0,-1.66706106859217,-37.5766604700285,6.13619571006007,9.45506023837418,10.8172384043189
0,-2.51086680463796,3.63576978310706,-9.45648592327398,9.23743275036973,10.7223855103127
0,9.97956154456217,-1.34305861347605,-2.572621018525,10.9337105061651,11.2601958067433
1,24.9887817455963,19.3174666322392,-10.7847823645415,13.7997366042198,18.949536071929
0,-11.369125028324,3.71205876855591,-2.26434034011564,9.64758905527309,10.0192221548525
1,5.42059588572305,-5.17125138306501,-7.82641349005919,9.10915042551215,14.3763767848116
0,-14.1652420237776,-10.6308253096755,44.9793570955552,10.4099452641734,11.1092519753132
0,6.38916297495752,-15.368423330728,19.2225954486983,11.4454917816548,12.9557448195349
0,8.27632799910881,2.91945239000853,4.57515606539534,9.8656305963543,8.59772375403636
0,-0.263011201887365,-4.70134012838648,12.4082054335348,9.67017058342311,7.74832424265332
1,-1.79729589612377,-5.39196411392508,-12.4530976355251,11.0482327579204,18.9749977466463
0,-7.02066697854933,-17.8004609697094,11.7485787072353,11.1546979243773,10.7419898581275
0,-6.13314229528301,39.3678712837058,-8.09854718587689,12.6216207960803,13.3888131720709
1,31.1875512274044,-0.414411454302714,21.6335684861951,14.0537039013698,23.0620301755846
0,18.7848589374046,-7.49671674158095,1.36933031970916,10.2103809852729,9.04663616585835
1,-2.90678296752057,-7.00788442454325,-6.60743623390917,12.2314932176312,20.1015120754499
0,18.9430083112547,-49.3929125312332,-27.1510245979906,10.1538311440206,7.87297325112952
1,2.90970119621162,-25.645477030593,-2.42818930291915,12.0819282902384,18.6158999664003
1,18.3426982734252,1.90115572579087,4.20041135034403,12.7581432047236,19.7810422999505
1,-4.73652551394449,-8.61757185291226,-19.3821011226305,14.2596020876615,23.5847850147979
0,3.14079677331324,-29.0263369842167,-1.54887531418671,9.28769061360273,9.53469211517384
0,-3.64379821840987,13.5337035360904,13.5952814203028,10.0895003251279,14.1129963730206
0,-43.0162528334228,-16.6977773997687,-7.00725542476357,8.85983648177837,8.35558095430448
0,6.08915984008981,-21.4479606580331,-25.8435811620225,11.3913546853019,12.7676229700571
1,8.95416990448789,-8.39258821926288,-21.3966043559418,12.869873021151,19.4963618666698
0,28.6967984811669,5.59376616355121,-6.47811706876649,13.392478505624,15.0519841040331
1,-20.9765349289938,17.9265717316173,50.2508925547621,13.1037372091302,20.4047822031677
0,-5.15494320084841,6.66482689919702,0.415092158447986,9.88794972091872,9.82804442541201
0,-0.229878457772018,-10.4865918136239,-5.84271349219092,9.82936922868019,10.4116850279968
1,-10.8405941371088,-3.82100926664489,-20.012183566302,12.2561897780621,20.9980163783183
1,23.0643723228151,9.10469654530236,-31.0036185993913,13.49460864048,20.551661461982
0,-6.63975768007959,7.44239670984169,-42.6936371293641,10.1333319370143,7.20625049341979
1,10.7409722067333,14.1656454991845,-10.3210046807569,12.8568410618041,20.0487879391999
0,16.252626225226,-49.7065477864385,2.65164061438942,10.9574968871818,11.5075275867442
0,11.546373922424,14.9937252088866,-32.3183077419779,10.7374105203668,13.4251966506953
0,-8.12657311428349,14.2621494681987,19.0250632532614,9.99290955911475,6.39394074814425
0,-14.2709706688286,47.5327279505973,-16.8167274476226,10.5058340951912,13.1581326285574
0,4.57625676820062,25.3575191163829,12.458536530922,11.4509615891304,11.3886455003205
0,2.82999600750375,-2.18972862716531,14.1771864525884,9.7769392179324,9.60661769837084
0,2.60087298794287,38.4221204624939,-47.6838856620681,9.90983518476851,10.4780769445772
0,13.0023736369872,-14.4981831784442,-7.02031861225215,11.0249098907904,7.65650497735144
0,3.48277420140262,17.9892504886591,-11.2512025505105,9.1109760437569,8.45967539786399
1,-19.8113504337057,-6.50061328690638,-2.14544696710367,15.3782010385392,27.4397125317236
1,8.42409041083228,2.08709364528155,-1.13560278531902,12.6303289227256,21.5272636698532
0,-24.1889885816829,-13.6719285680678,8.0704975548582,9.53536038144427,9.89810033573956
1,-23.4826958073376,24.0154160519417,-1.69567081253272,12.7016033164257,23.4751086670418
0,8.96654799374611,18.0011149984363,17.0578840101693,9.98816800764353,10.8324656073213
1,-11.8819315975034,3.78440892405382,0.825508487576805,14.3992494917464,21.6998161731426
1,-3.02714851914026,13.5581149855279,-8.24165274772665,9.8823134336079,15.546042440444
1,-10.3493406972815,11.0047788825637,15.6772216881416,10.8129085752855,18.7800389392969
0,0.578541615310535,0.859523325166355,1.84562180993551,10.5482921433604,11.0484133871847
0,2.37759546361201,2.29147199293033,-3.26784184897947,10.6130210706949,14.294110845708
0,1.83236700773135,30.8103809911686,-15.7548185022653,10.8804264857109,9.04320717817905
0,16.0835371746941,27.5452285505421,3.52308383680307,10.6244424004983,11.5118353655738
1,4.93622925759539,27.3734206846788,-5.56384862654789,14.1276571804352,17.4908000004882
1,15.4977531577098,-2.20776478434988,-6.65883431537454,10.4692645965784,17.58468772035
1,25.1635279237249,14.763858023065,-18.1896434221353,11.0664209319019,14.4332084446833
1,-12.2829830605115,8.29000228106552,1.33413937759473,13.0887455979503,22.1287401833309
0,5.69957340973306,-48.1898052093811,37.5827446064533,10.9959872990676,14.6038153498232
1,17.9996650790828,2.11380237236736,-12.4274332166681,12.7090261274755,18.390784270602
0,8.45791692431864,14.6586172964879,5.15145519191902,8.03723723380053,9.78829731793279
0,-5.52326562485478,75.1146181019225,22.6779711880727,9.35051734199604,7.41198884020509
0,-2.61767871523073,-26.8234421928321,-10.7828013112471,10.0746228234972,7.7096273683071
0,2.18232787347122,-5.19597034773581,-6.04433125246854,9.88902026627371,10.6110033802122
0,-0.512362087841114,-4.13972911053087,0.425389595752978,9.98911732659193,9.54911857908858
1,-5.79431332407926,7.01029829938936,7.16057277008075,11.363477727555,18.1195249820918
1,1.73583948737204,11.1439572765893,-36.1618690323556,11.1799142175157,15.9306640207909
0,4.92391749411483,8.8216136213076,7.25705629260628,9.26404819367298,10.2425325144207
0,14.0630382052981,-7.9205239469577,-1.39667146726205,9.63591456378182,9.88157640133911
1,-1.3228563915602,14.1340311106653,-18.3122028767856,11.2132399091724,20.1093860914891
1,10.0686286467808,-35.0952632058429,-34.307495053354,12.2682238326689,22.9941765378873
0,0.111406912515654,-9.81217540153445,48.5436031247967,9.99150369209742,10.1687714390445
0,2.17596117133671,-2.21144452135912,-2.94068242788324,11.1240728070174,11.0152350906506
1,13.8596731799577,6.45005783433381,45.2473859148783,13.0991641960801,21.6752425475106
1,-19.2234889009873,-36.3029380003266,0.630980457871299,14.0264333944699,20.9529167592698
1,-6.53179002751114,64.9912338650429,-6.63329922405066,11.7220851927806,19.6898372840097
1,-24.9872312062913,24.9284852372859,-2.77080667401196,14.0672002163973,22.7481091283454
1,-49.39583854291,6.5818305817031,1.90084330108112,11.9697837683179,19.5665238916786
0,-0.0652489580828266,-6.49230081507732,15.0052513446469,9.18275684384326,9.02712765701575
1,3.79519232479055,-22.9175156423161,-7.28701003249099,12.5098918369678,22.6152699317351
1,-5.06250670308734,-19.2552245672478,18.671550688329,12.9479301265318,20.2944998284297
1,8.57833443179779,12.9968274340572,15.181148268644,12.914189284036,16.5948754462829
1,-6.14894957116075,-9.21076292061984,52.2725881641354,12.3504008735793,18.7975325576326
1,4.42936883742536,2.57916904361908,4.20187724938377,13.0650355084867,18.7995790615095
0,10.1161033560698,3.25257192206849,8.09563670799704,9.44863765100997,11.3473944414334
1,-1.26598028562717,11.8286733430368,58.888379153769,10.8896976838892,17.1367770002562
0,-17.2691746014125,7.79709445681561,-26.5891965071674,10.9018781017479,12.4066564895374
1,-24.8119194895274,-2.17702610057478,-2.15301850597284,13.1996285355555,19.7310887429536
1,10.9181364233731,-5.01990452163959,7.30881531251391,11.9777257635676,18.6767699567546
1,32.2343715290635,48.1952070135656,-11.3168813021911,12.5147512542136,21.961281019327
0,3.8437316409004,-6.87990317138257,-3.05072978507057,10.7108389358762,8.06126700125307
1,-0.763716845695631,-31.9147878145788,29.9108235112785,12.1316149272056,17.6611495978852
1,-15.4721901163158,3.90980116871039,-2.49193841625787,12.4875355123901,19.3207298469259
0,-6.33529725620183,-5.63559816088214,8.76019542916492,10.5924651727446,9.59207530026713
0,-12.5324546042576,10.6960742170664,-15.9101229886918,10.1934330038024,9.61370777662547
0,2.54474016692266,20.4576355383807,6.10647562369939,11.3739630636662,13.1338489427403
0,4.57498830022553,8.40792966807074,1.51958712456295,10.9777725208368,11.0403258881991
0,-2.01098186195646,-0.476600126136061,-9.60561450253696,9.5282750844067,9.04208761708199
0,18.1006089622468,15.0463804067404,-12.0299775053561,11.2039929731662,10.5467252026061
1,-3.04425042868638,7.80722550693105,-3.68019816463963,11.6004073748683,19.0655190376357
1,-11.6577505891363,-16.4283703732436,-19.6427258785668,13.6962556474937,17.8416770112757
0,10.9433480088616,11.979502265349,17.2049807813529,11.6600163336976,11.2447980008455
0,-10.006917607089,-39.8294426451719,-9.18467758933044,8.60750590626363,9.29377152139581
1,-17.9803877244174,6.83689341233801,3.98445751571169,11.2877981744944,16.3120418269221
1,1.84771935347397,-4.64436026350999,17.0515337316853,12.5097335760633,22.6804533361965
1,-1.38740855389598,-3.51011802725389,39.2715121589506,11.0559947781337,18.9017293436471
1,1.30626830414402,-34.436193554865,41.3283535240242,13.093430352543,20.449939284372
1,13.0952428458345,-4.54421004412754,-14.7974143720749,11.6839490295331,17.28978858959
0,-4.24947875173447,-19.7308044060339,-11.0991684756347,9.91950642048096,9.34658446695754
1,8.3753762230733,-4.81537396558695,-35.1385359506659,11.863045827522,19.0388460618974
0,10.7913232696991,-10.1504944889861,50.2284470234097,9.44419895047363,11.5869374673748
1,10.7949991461512,-2.49250856766973,3.364114398344,12.2667343200265,19.6616672317022
1,-20.2878100703481,15.1043217816616,13.2717945450113,14.4714587550086,24.6020733675271
0,1.27023790156298,19.6277311024181,2.47044067394254,10.7206082164532,11.2292547653454
0,2.53453063833358,-1.31216940984602,26.394562773228,10.5481049229406,9.70186477618131
0,-16.3792517914601,18.1530495532026,-7.44531581124007,9.28912585941451,9.53028853043909
1,5.03088551347895,12.0514708580117,-2.82796302132463,12.3306101699092,16.4209455764713
0,-15.3784322476945,-14.5611212679623,29.3964664958183,9.28315625476487,6.18190469492798
0,5.93934212231732,-6.74545131418416,-2.87341466259522,11.0246681584336,11.7178090506396
1,7.56376353930936,-7.79909960671541,-7.35602965857376,12.4957072524687,19.547634457071
1,-1.80092192838262,60.3995913297913,2.01423047614229,12.9615060721834,17.1423709839351
1,5.01895435264523,4.84049246345177,7.24250612992367,12.5173867428392,20.8122937247735
0,11.2714566517587,-17.5533396645737,7.28222003267224,12.9518738119047,9.24190467257875
1,-2.59380837942978,-4.02245474230499,17.2069487984273,12.6191892722518,20.2691551357835
1,14.7919452738729,-1.32707996041683,-5.20145917062592,12.6709330344128,20.4855161167317
1,17.6146389526708,-9.62845019990432,-6.19525994220697,12.1262917416184,20.6805346646422
1,-1.36912223176868,12.1174686653083,10.3021368265924,13.6514897558187,19.7700190991099
0,-1.22406139516091,-4.82172643020163,-39.8119333375612,8.96156966510547,8.63627786650082
0,6.14816780050159,24.3781129024684,-11.4692983609727,10.3385555021957,10.2208993622319
0,7.99965760096572,0.364949464654346,17.0728249977729,10.8872918527397,11.7416690632228
0,-11.3610559133484,-4.7836752076155,-20.1479040567045,10.6970059601006,10.9884452908644
1,-5.34941660494946,38.923610079186,-24.4367353261638,14.220570494692,22.8216483978479
0,-4.23386336009133,18.0425554849888,1.02527951554322,11.737700734963,11.9783779282027
1,-45.8715797896861,-0.519174375314027,-14.6086302267745,11.5190767812584,17.5688068054919
1,6.13150775476288,32.3106204537586,-6.60605160442942,15.3937828764992,24.9264227820647
0,-4.1583594919461,-14.6450413438656,42.3916805474738,9.66726647481975,9.99786461559565
0,-3.06142549838589,-32.5035495058258,15.6259940669413,8.38440284040618,7.30608175566758
1,-7.52002522332388,14.4388762890481,-79.859002434283,13.3809371421902,20.5982715865859
0,-41.9902913426837,1.39639009933398,-12.0141509944804,11.4804537559482,13.231474571882
0,15.2996648065836,20.0012136065964,16.1120285061465,8.84552657044631,8.31477237966396
0,-20.6000726839424,3.03916506998467,18.9188635905186,9.88000361152844,8.68261622759125
0,7.75963931244458,31.0993753534859,-10.7197154010782,10.2661814597394,11.6466609606749
0,-0.145488901520148,-15.4775982442528,17.4828860697956,11.2300378089338,9.46743037369578
0,28.4936718637259,-10.7181555062899,0.615370023641874,11.718336566537,10.0225042741961
0,-17.8066989131965,-2.25707099961285,-10.1284617079999,9.19566307838727,8.02517158323463
1,3.2684616403039,-15.3548776012753,22.3932060266446,12.4556660022228,19.3663977394759
0,6.51276596119605,-19.2277982524311,1.36240513862927,10.2317127474465,10.6690415702548
1,15.2726134719595,18.6508800664768,13.1635510410485,12.3952853997745,20.7307338246537
1,-7.54693736060978,-3.61944893724905,8.9088026930653,12.4488638052949,20.1198539787066
1,-32.9226786961678,19.8973333801471,1.54008521187436,14.455805676225,22.8900149778948
1,5.62596249242571,1.92059469069205,14.0704838180041,13.5990464469262,20.8145499894152
1,-2.11948832126489,1.50477568597568,62.2878196765232,11.7370976401051,17.8193636093725
0,4.90775000593509,-35.4707342791032,-36.9386973894572,11.8998226997132,12.4675761923807
1,-4.83968402581964,-11.4819432780836,36.1886975826327,12.5263023119984,16.6592971364102
1,-20.0548312881045,5.50233749081715,-1.17970527446677,13.5439242119963,21.3738321711259
1,71.529898494615,6.6284961147932,-5.58669644153818,12.5506789973057,21.5062176800532
1,5.43759375534617,-16.6210361002089,26.7266825096376,13.7538251073229,21.9423953850819
1,-17.90503686922,-5.26505422883255,-4.34185577774944,11.2964326621494,17.5962003682451
1,15.7681711892331,-1.78191529526575,-7.49312706041455,10.7825767121355,16.1902427732082
0,4.7709308338579,-5.2320681124932,0.472692745665948,12.2123127542826,12.7688054907383
1,5.08705707464918,-3.02630663186456,20.9367421461352,13.5592359071337,19.0851373298908
1,-6.41370077771786,-1.50438055665324,-0.0987357190143847,14.8566119986313,23.8286036212044
0,17.8044905297423,14.5159590370702,22.3092899708098,10.8337070490643,9.82494674380709
0,-4.78038539308347,-1.9730603861355,31.5928655326985,10.1337135605806,9.571701466637
1,7.31485150999875,2.49011194803539,7.35518555132442,14.3685793731164,26.2732507448264
0,-30.035915565933,16.4967613542416,-25.4776403610496,11.944103835378,16.7613328527624
1,-14.6736640350242,8.42843866755006,-24.0116349979978,12.2385709840624,20.075944944679
1,10.1653844287713,4.47922125343758,17.8320826887965,12.2209578791359,19.5925762334263
1,-4.84486282805752,41.7836324691628,-23.3068854954551,11.0027355665766,18.0878037069562
1,19.1378207891214,-22.9690873596709,-18.920907879486,12.2710962922435,20.7123512274676
1,-48.1711143795659,-2.34264996272652,0.826691612591709,12.0189260293572,19.1561252469597
1,0.747178785935083,1.41158180342919,33.1353162086619,11.7826340521845,19.0812460146387
1,-9.26183921324559,19.9587375933264,-9.72985199150611,12.2285632404873,21.8861214058948
0,6.39716377982864,-3.08001252618832,-8.74886981062036,10.5912329249,9.21143973154679
0,17.9822873375108,0.278756564892155,5.37257703272188,9.74075391029324,12.1938488117397
1,-4.89663929698178,22.8925009816942,19.7141218485886,13.0006318512758,19.3242953486492
0,1.58355150614458,-1.33473247929773,18.9658578493083,8.40577036741118,9.18791231531902
1,-5.55221219508089,-13.3427309271442,-26.1080795151986,11.4175730436445,18.6571373249628
1,-8.14669288037424,-18.2755275532688,4.01223524438592,12.5866348788683,18.2722228615248
0,15.2572171302748,46.3169632100987,7.77578108847676,11.5668423796012,14.4962914762799
1,-0.56842032122036,-18.2469694535385,12.2806587343017,14.0105299430577,23.9596550291255
1,9.77783987703146,-6.11431318534852,45.6380416018767,10.8573865023765,18.4313302516648
1,-7.52267344879808,-13.4839865931387,31.6666961620641,12.5554936235454,20.474402447302
0,-0.744876916504235,-0.960646769362987,30.4437360442047,10.6838999083106,9.26976041918827
0,-3.05479510799693,-19.6344775383403,2.97139870997267,10.6963322189782,9.46296249160931
0,-7.34223222251373,-7.94552204341764,-1.78604770101721,10.7755003132758,10.8537045171024
0,-6.47950883090425,-22.5665612958797,7.42595472584445,9.04477029394502,8.71298822675199
0,13.1282348838303,-14.1182853299677,24.7312632867079,10.9793391630143,12.5574594727732
0,6.79985400276945,13.3239117139968,-1.84486815055126,11.6590986329492,13.1166935566164
1,5.01918541680115,-1.61400344094147,41.8341195358694,13.0146366268511,21.8844447660991
0,-4.53779867714247,-18.6659400415777,-46.5807345827329,10.2547795009269,11.0364051742973
1,2.62611271753605,41.8380813436092,17.2201601265745,12.3676886426224,23.0063121528535
0,12.1995042990275,-11.7226107851694,6.12478802467377,8.35243122448642,10.1883046678605
0,33.554690734093,17.1318325213584,21.1615143283909,9.23257546379477,7.96167259228027
0,-9.03755671452572,-5.62559515466269,-16.926708320459,9.91649673571008,9.55095066173654
0,-3.23856199587528,-0.306930468273982,-16.2662389152094,10.2095071368914,8.78291357600833
0,-3.29439120225821,-17.4541368459022,7.43154135053893,10.3220529419946,5.87261665495757
0,60.078511624075,20.7145907801755,1.36656925654185,10.2543767145381,12.3648953697889
1,11.8650393982541,11.5822696648476,2.65386583308511,13.218389660567,20.8507739424393
1,4.64760899610171,3.54772777495151,-4.57638586657886,13.5515975785267,19.6439908778185
0,2.7092872948208,-10.5591456124579,53.4656242486914,10.328255035834,9.21864807377914
1,-9.6637930325988,-3.94288429586313,-2.43994164064692,11.0635875975448,15.6915564376867
0,0.951527857441516,3.54734545021917,11.4158765697498,11.6770580286148,11.8082404672062
0,-3.37230202448762,2.06733162927328,-30.3865876344589,8.69964070705411,8.32751124254881
1,6.18281283157993,-38.6736596487125,3.25869764013844,12.4775363735776,21.8194760046389
1,6.4205251611724,24.8770314012756,-6.13417577480861,14.6749470567416,22.8750139505414
0,11.0263050510179,-3.44885899959252,-25.8236971033947,10.2982235907654,11.6387556774653
0,27.3940416426326,-9.61565756496393,7.45966966092878,10.9164434148462,9.65450108136278
1,27.6321220903068,1.43158905301163,8.00986185005392,12.6489274277532,22.2840386537093
0,2.12076308245367,8.64495886638717,-0.0662216621700671,10.4446525138614,8.72259768944832
1,-42.4557384131723,22.7810544746272,-3.74525616424579,14.0522710413487,25.2857404643347
0,0.882275175524246,35.121055684135,-9.50677005122609,11.6889183783555,12.5858324319084
0,4.63450036770332,-3.38424834471125,4.85833307825655,9.84386717594055,10.6039180411674
0,2.51263292808081,-8.6582771680711,15.620386269886,9.41233696642535,8.62759345589553
1,-7.63345233169613,10.1799858439656,-28.7071191139672,12.8191770225832,22.9182486799182
0,-6.0685126377917,-31.7589087561148,-29.4318771865692,9.65787361342536,8.53948795548507
1,2.9268976593288,-4.21389085571135,12.4940168713737,13.0885407141613,21.656872559562
1,27.599876077663,2.64142220481595,-17.9654896753217,12.3385800261846,17.5007604542408
1,-10.1949187714469,15.0187298000099,19.8351687581011,12.2073113363988,17.8934166865974
1,-3.47773264883228,0.116099928749579,8.85588869143293,12.3998246787133,19.8839505652685
0,-14.8480430011253,11.9021087468683,-12.3973745363755,10.9640491621673,11.4183897549262
1,1.32537457390097,-3.8100034765466,21.4700928805855,11.6053357559247,18.0870145270226
1,5.66229579947291,2.08476294139455,-16.122420611411,12.5102838710868,20.6095683781002
1,-38.3611745333832,-4.33650760590601,-28.8973556348508,13.0229148944599,20.2222727003605
0,-6.98348835402072,-6.86868696385068,-31.9670439962859,9.04306211779321,6.73000254531994
1,12.928744669019,-27.3411641587691,-16.7243582036953,11.6158694084249,20.3908055333776
1,29.2501440700496,1.44426411869609,-11.9286794361146,12.7173130526543,22.6618813048846
1,22.2151219022286,-6.77529583038583,36.5145923302591,13.1631861215825,22.3656484909561
0,-20.9321741389888,-1.89768193709189,-20.3361072470901,12.147169556268,12.3217916748738
0,-0.538020259054329,55.3052344982489,4.80953090440321,9.02183042558287,9.33461365196004
0,12.8007165704751,3.77570174189509,-13.8554112839505,9.24031810936457,8.87230707162495
0,-2.13425405191084,10.2002260039094,-10.0290862871492,11.025139967249,10.9139519737379
0,26.0399706007019,-2.62837945597617,-10.7982176234739,10.3955696836597,10.2110092980439
1,6.54145321534837,-3.2781503932008,-14.6265415393652,12.3015940321597,19.5776737381528
1,-12.3565469482185,12.7616917523884,-6.5071929543247,12.1653691132596,19.4724136634306
1,4.61131762234307,7.14534191101361,-16.4834115696745,11.5171947634685,18.5633954434634
1,4.71320579609237,-4.8736759714424,3.22875386298103,11.8974340738151,20.8756077172989
0,1.21289035022683,-30.9711735896012,36.0597099891815,11.6622858814676,8.89090225193895
1,6.09222212933547,-3.57572777870014,15.8708321574901,12.01052607472,21.0450979860374
0,-3.66231871460342,19.9615618349555,32.5012452033954,9.12479381216527,9.88592625216466
1,-5.31649173205002,-17.925501056135,19.5176717877194,12.2748756278116,18.3553909809494
1,-18.2300093025224,-7.20129617554764,-1.77578151473746,10.0504501931562,18.689690482591
0,-26.4130721250051,8.17953695811354,49.6916209317866,11.8161449930987,14.9139932483192
1,-4.22791013124341,-10.549198575933,0.250484289819247,12.56879443533,22.274516807115
1,-13.7848808220507,5.55989435534873,-4.05298646728254,11.7753070265403,20.0698373315479
0,-3.93613025765969,-6.40375755629771,-9.1910446657166,10.0253458440049,12.7518868473322
0,-12.6221789444283,-2.47885304746743,-13.5139262548856,9.27295981409983,8.51874903782707
0,-0.763513224597197,1.98990558742702,4.15477422076146,9.29403091506407,9.68053588122984
1,1.31297591838079,5.54958361093633,8.47004007723625,10.7606490128842,16.4868750326655
1,-27.1807655372868,-3.81042091543328,20.8939960569466,13.8459373910952,23.2601710204482
1,-6.16776668069222,-28.2116247257031,-14.5741071961166,13.213415905664,22.1428569459347
0,-8.79505228711169,49.5928804886897,4.13785764828496,11.9420134874019,11.3016499928663
0,14.1568294825706,-0.614772324524696,15.6476110133344,8.55702740784649,5.33330487953084
1,-2.52562021299038,-8.44220483778885,51.2586194528651,12.6893259235473,18.1828186969481
0,-3.88664402743335,-19.4982861200452,-0.452589488990464,10.9853015793406,11.2386754181225
1,-16.0260956056234,1.19937584014114,4.80673803367885,12.6661991782344,19.4923646040451
0,6.32852603280452,26.8003432057835,2.53434220483874,8.97339751291713,9.61816074915303
1,-7.47182971915475,8.78617132202729,3.83276085700181,11.5115648758425,18.1083614107133
1,-5.38149972097853,9.46808374445767,-6.32391035849818,13.0535729449871,19.9839323482681
0,0.781054837240296,-7.31025166959224,-22.4779099307662,10.7310115070808,10.7539601552257
1,2.80255349678056,-2.73890839575624,2.41096425426582,10.5685144711572,17.135643300407
0,43.81536072788,-4.29185564833643,15.9153234765571,6.99954875422308,4.18506493498136
1,-1.1379484411402,-20.347131522757,-10.9054166285826,12.2680218663728,14.8397017989702
1,-10.5423559149581,-13.9710938333002,2.67438935689841,10.1648877071543,17.7656400770522
0,-14.0313156750249,6.38955325935503,-29.598847272484,9.00850066508654,8.7532691201231
0,13.8091910075611,4.96199031642223,-24.4300715206748,10.8395094793307,11.3640844120941
1,-0.807338738449127,-10.5084973328204,-22.9774711387868,12.4045819305105,21.5587206077045
1,2.61760608117057,-10.4389168320801,-7.0291331819973,13.3276666172881,21.4991024050346
0,-14.7630691986842,38.7830066221123,0.396928364106862,10.7692703396337,11.9917295097654
0,21.2056798970292,5.19535209682458,31.1667640062726,9.92221025516888,10.2597668824442
0,-2.6064555856999,20.4599076343187,1.05365525487243,10.5115801820592,9.54388898935666
0,8.30610037006292,1.10627447257755,-11.8505258375175,10.1834875323933,11.5559896596431
0,5.51953329736334,-1.01210147372991,-20.1818499393539,10.9509289862389,10.5388856323795
0,-4.67053098056257,2.68194277627436,-3.88758428169319,10.9016392302361,9.30350762038369
1,-12.7127010321481,-56.5137147198492,-41.5242757737164,13.6766763684135,20.6548426380105
1,38.4366616072556,30.1411572010791,-43.9387447662472,13.038958416375,20.9900934072468
1,-4.77428964615472,-16.5420041475669,-2.688883637354,11.1669126956512,17.7752481395374
0,-9.68143118559994,-2.61721678276079,-7.00669842350022,10.1901834203513,11.1907435812274
0,0.571393330921235,-5.31725592973062,-23.5757262498229,11.9464059345409,11.1678879339735
0,-5.20481260168245,5.97877668705055,5.22603754180672,10.9890920614159,12.2737515210359
0,11.5620858145308,-9.66135879161085,-5.89059746671944,10.3895392302493,11.5743393267329
1,-6.86101342664549,-8.31675220158755,21.6096326420554,11.4951797155258,19.9863269517527
1,-0.703394679277452,-13.7596599701942,2.44186752091132,11.6124700050479,17.8408241629198
1,2.18339569351306,28.2877636110394,53.7610979633248,13.1804011854536,15.0615283999643
0,-1.76091017640975,2.86777512654984,-6.96376046795524,9.55922504944725,9.13446758937608
1,3.62331089323848,-0.470445840982777,-21.8814506520289,11.1652517119142,17.0171960878317
1,-2.42698626204037,6.61499766905021,-19.4075200293517,12.6375317468289,20.804639767763
0,-0.180903915145879,-3.836582306702,1.78205746414715,10.6583521476442,9.55811187759565
1,-1.2453727633506,14.1872178446907,24.3182372023425,14.2808124012608,23.2820965832519
0,4.42735588699184,2.89643761305704,52.2908086716143,9.74828572413645,10.1588163728743
1,-2.12031271807572,47.0305384728958,32.7702252795394,12.2337211147591,20.7336701030026
0,-10.7511511370955,-44.4103475582959,-15.8680643252175,10.0187602581711,8.45951830265183
0,-4.65781917959792,13.6122008988043,6.54461615846687,9.23971629721272,10.718280744571
1,-3.24540791864155,-33.6448039808089,14.4076371098971,13.9824981553483,23.8742379360435
0,-1.74689365829542,10.5328897300236,-35.8005065729481,8.4217594210255,7.08743352794873
1,-2.74110389001987,14.8680704307127,-53.6022296519426,11.0590739574656,17.5939124466533
0,-9.65947975232544,-20.3925816764777,-2.93654755034155,8.01635585418326,8.07982480368631
1,13.598538069653,14.2884278237514,16.601363705066,11.9997075445577,19.8431470838254
0,-32.7758373220353,-4.30199391257061,-14.4884199235809,10.3618594801049,15.2188401303009
1,-3.9044744302031,12.2138570230718,-30.5659009934623,11.7653096829371,18.2697805870427
0,-15.7578420622791,6.57338846546241,-2.21299205424541,10.2935583533993,7.43522379584502
1,-8.56309634838033,0.140725729643481,44.5357831442037,11.5710555245734,20.2888931584415
1,-2.19618993560096,-2.11475847995356,17.1647179233908,13.0912356185026,21.4498529289923
0,6.69198854347215,7.91338214460303,-4.60746862704604,9.8044024993225,9.20059859805983
1,23.2721822357195,-0.923915729176666,19.9340244158308,11.3513872872555,17.9372233400953
0,-1.78880477686159,-40.64469881906,-2.23528427754691,10.2570965151761,11.276018621919
1,32.1714145575648,-14.5318023381977,15.4495783546369,13.672628794588,18.2685206036449
0,4.88403091786888,-1.04009206145702,-5.37443799539686,9.05883128303517,8.36839952753933
0,4.60958962771402,-8.35286118001277,3.95565817208459,8.21665276546977,9.07524324968305
0,1.4024603824078,3.14519652211346,7.94798816688529,11.289531302059,9.68906546967031
1,10.5922927727772,8.68952998126541,-8.51565167458043,10.9326766920811,17.6844201543904
0,11.7860897596719,30.0716996714095,5.39176589445328,9.17010593079551,10.7800649557535
1,15.0996990408128,6.02503771187748,-10.0417670655729,12.1746533611354,17.5358087382905
1,21.7398616265204,-35.709479050842,24.5799276192964,14.3708676011413,23.987527072291
0,-4.70996827675286,0.410321105893729,4.85202995459596,10.0082885777708,9.99371864187214
0,-4.1899046033323,-19.1849190369336,-14.8384881797337,11.3688434749847,10.7969294708789
0,-8.21595385662754,6.41268391473202,11.0811980159873,11.1065632655997,10.3137191083971
1,-1.54589038141391,26.8770203853251,-4.20925292173963,12.8695764610453,22.3684987761327
0,-1.93683451231713,2.49586242053924,-4.1334949122878,11.5180229347419,2.06239416949104
1,15.7448278374636,13.1145429708406,-16.9810722617339,13.7656859671782,20.9829782654672
1,-21.7485146504184,-1.76392049972625,2.2256495483315,12.2385396354902,18.4943383807424
0,9.2165286255474,-5.33911296667694,-35.8606937116644,9.40702366719501,9.1940182343576
1,13.1761560612111,2.37676760935442,-4.47731792752657,13.397161174437,20.4225895183482
0,-12.5941274825931,-16.0942753618904,15.4095331464363,10.1531504367873,10.0162599323499
0,4.5735513075693,2.70198063070199,3.6436550018226,10.3566467005236,9.10175898589669
0,-4.7440492283976,1.34758226612272,-25.7517289595368,8.35657038005279,6.50314767017819
1,-10.9975857845958,39.5516327634572,10.586484795266,12.3460827606565,19.3018651228102
1,-9.62117131042254,7.2109251002734,34.3281866673124,11.6092096544402,19.693659744958
0,-6.49938106276899,16.8269434332001,1.24437650524908,9.86028418018902,9.45903908092945
1,8.89986558415397,-1.94597921714423,-30.937595497329,11.3646153060184,21.0849423982823
0,-1.43181774236825,6.40742136817266,43.4736253866885,9.89677919274547,11.3597000361836
0,5.23508333899473,16.2992110731839,-22.5037845089972,9.84411474440587,9.37633446112699
0,1.94159302070602,-3.2923452462269,8.19498694074731,11.0100305651685,11.0538913840175
1,-15.2518724592382,6.57702155943459,19.0599761521893,10.8528145353339,16.4934964691982
1,-10.8996602806817,-7.57993767072508,-26.5988656831085,12.235137266678,18.1898362472483
1,13.0655542724303,18.9339655895264,41.5860738285966,11.2770341587123,15.9899484235815
1,-19.5490729300733,24.1687947068658,47.6944221006597,12.3522637228306,19.7432490722768
0,-8.81787846351281,-11.1097606980943,57.4391360221641,10.3772395714888,9.53383223872831
0,-25.1074686986415,30.3803401692992,-11.5929410110635,11.9448285044238,10.8138069393094
0,-11.3771850817655,-5.50236447368394,1.11452817821903,11.3547192344254,15.5770304450331
0,0.655357332626004,-7.12300016684322,-7.44638486978662,11.5037583631804,12.2823384033609
1,-0.0845751582256164,-2.13579831516733,-15.7002789836065,11.9450719628239,19.5742892952092
0,-0.586116380736592,8.13519159097569,17.7110921335126,9.87858560305643,10.7793868372553
1,-33.858997055858,-14.4216760287276,12.2544969155003,14.6331146801235,21.4696115556092
0,-1.12214412363499,42.3170796388478,25.0413182357778,11.22156935835,13.9464477358598
1,8.26843549355649,15.7408574180017,26.44466395957,12.6645265929662,19.9786159589816
1,2.5684477626581,12.7675655254877,41.6297481799816,11.6295181872965,21.6041425550115
0,-18.0322221760737,-4.75390139203181,5.46332722034004,9.66577549236924,9.67737967951596
1,0.821929345964761,-25.8880631208877,41.3939541193015,12.7876210731555,23.5498841241507
0,2.74993827223051,23.1231107724047,-5.92327340262942,10.0012536413572,10.113068548383
1,6.63180677770609,1.25441211415687,-1.94695675512032,11.062945728428,18.5185775010371
1,14.6950793949176,-23.6726869028512,0.0971314781099694,12.171005328078,19.2420645187166
0,8.16127705542061,14.9582479167335,-21.084418313987,9.10318181328702,6.96591077610644
1,-33.9227000014659,-3.89029607242911,1.21737230820688,13.5313222026615,21.6829789214398
1,7.19421006545174,-16.9609023591971,-5.51190020668519,14.4021135907093,25.8125938531794
0,4.70220623147238,-22.5913923105864,2.47715964786139,11.0235290351078,9.69921443461166
1,69.6764241679101,-0.127879701136257,-2.51405873727588,12.4089980442694,18.5405360425104
1,-7.78779831847359,-3.01968620857694,-36.5451779918396,13.504361977718,21.4582512689841
1,-10.0378692317516,-0.0959613825535282,4.96816498499104,12.1357770693887,18.8251927045545
0,-3.33283051495391,-3.77209755356998,2.21484186048799,11.1484088786231,7.5482304016031
0,42.1224491378,6.49184415891782,-23.2281802983473,10.9787214122239,9.60637990956491
1,2.06659586620161,10.5096700683777,33.3193902031664,14.3565641974614,28.5209472807878
0,-30.4658279183512,-8.89510050315236,21.1482310541547,10.7840073190667,8.05459753706988
1,36.9062961856013,-0.496901450713784,13.0991942956739,11.412453473589,19.4012952391777
0,1.99744547619528,24.5745637389747,-14.8651827326922,10.7809192831715,6.86469451094658
1,10.7309019847615,13.1199546244002,-9.8151664424941,13.1489323909006,18.6732063576547
1,-6.6190044575438,7.94377885053972,-15.3146058389358,12.8880717233915,21.9911214264548
0,13.8497157199151,1.94910214386817,21.692320987006,10.2701342067514,11.1085955485548
1,2.31490305897037,12.2396002541362,-11.8786257898054,12.583687411635,18.4471066647327
1,-3.73590474084554,10.734757776311,5.76952985333763,12.697316767131,18.1459937783875
0,-0.50204749024134,4.66640403691662,-6.23287713707503,10.6768989650108,12.3205012364302
1,-4.64611915454102,-34.0993151465235,-3.66353739807087,12.5612468411154,20.1947958296141
1,7.69071893894028,11.7188133999403,-4.59016228226565,13.2070947568832,18.7893710957836
1,30.7785867434577,-0.851973077670994,-8.02664378462176,13.9978073761338,24.8704884667923
1,-12.0208751555827,-3.8503738771077,6.77699391532345,12.1468319977136,18.8967591635957
1,-76.4949358254914,-3.37565827873552,-26.0011496200413,12.010616756939,19.6238927425707
1,2.87583373974341,-25.8772773191634,-7.42692585206455,13.7909103926813,23.4515502850843
1,5.6918162624094,-16.0087600746082,16.6930683565614,12.3680448120878,19.1412520337629
1,2.25217698689976,20.2789446774459,-18.0437403072617,12.4101468048091,18.546091101202
1,-8.04881286040576,8.4520296612787,-31.2433880941306,11.2557127728512,19.2362070996389
1,0.0728848746269977,0.238413603191555,-1.42608674244938,12.3374723136919,17.5949423312821
0,-14.4444166304822,14.0923407861872,-13.6280843971658,11.8292741058191,11.2958397468202
0,0.236283597516463,-4.04499299101999,-9.77737365916021,11.077475090158,10.5120091789592
1,-31.3982190174182,-16.5891954930108,34.1464063054732,15.3402346552539,23.5956785020269
1,-5.93920327157052,-1.16506181305015,-5.24287431072046,11.6132778182472,18.2233303064578
0,15.5185480140183,0.164294657314228,39.0451610887156,10.6551051271425,10.6141661475842
1,-10.9982944481167,5.52686639000255,-39.7923362737068,11.7344773605468,17.6675615645481
1,-3.29953259373475,55.4731654419848,-50.3312411640643,14.3641804660959,19.5103665580686
1,-1.781502025011,11.363103560477,33.949095925959,12.2839524741943,17.6630221728044
0,24.3178887839328,9.44932890395147,33.0911695433239,10.6771213859024,11.9644939289626
1,-5.18874504871567,-8.24139793217682,-7.77380568277214,11.1583503937408,17.9104238454031
1,-30.0183578533373,-19.5252039958665,25.9165262429761,13.7714402822645,23.5647699252959
1,-54.6264766690187,10.4933997347388,-10.2533708114413,11.7843106975154,19.3100113842515
1,-1.77959611137527,-13.5178232555733,14.7518260180621,11.3097854796346,18.5179079616647
0,-0.421654416351622,-0.877370896690952,-37.413454468072,9.34299572111075,9.77844667731419
1,14.5591966411792,-0.191223557366972,-1.73302590281036,12.1861648111177,18.597050012852
1,2.48919587756254,36.9934119511533,12.1930400789734,13.3871448710133,24.3496440467696
1,-11.2631273589372,34.2901621246399,-30.3490048610054,13.3323248738593,23.7732183118745
0,-2.63734462636558,4.00007425534057,-53.4093987611754,10.4054327743762,10.7722979309265
0,-3.16260045947455,-1.76525770886118,11.2400701205586,10.424437611912,9.62658970880103
0,1.63508128537021,-13.2902273256224,0.188308630179005,10.3884141004904,11.6191795563767
1,-10.4268910544044,-7.35415501847667,-25.0313414341967,10.1152153426516,16.3094433080137
0,-6.67551348289094,5.20990845170615,36.2151640531111,11.4767150380436,11.9807033690471
0,3.05625543683271,2.08745879770025,1.71018532992207,8.25770680640077,8.54764254902361
1,0.64228978026075,-3.79084275879294,32.1939624162653,14.1511063065373,24.0392141712361
1,-11.9793584696763,26.3778432757846,-5.34566108865636,14.8677020704235,22.0270968473615
0,12.9938312700865,-0.753387877514034,9.24867704327235,10.4529443212574,9.85503125511976
1,-13.0512574881704,-31.6935211200201,-38.9926451782518,13.4206932927939,23.5288436266891
1,-22.8971603098913,-3.46036531930859,5.58263429109989,12.8612949458724,19.4533850374787
1,-2.91022642925687,-12.1605249303475,19.2929033243259,11.4295499208373,19.253620463369
1,-4.62263897117222,11.6967358325302,-10.239774627082,13.0280040233621,20.505474197935
1,13.5487379570862,5.78182848007717,-7.88795361828902,11.4212898720916,18.7477372415199
1,1.72479541372922,-9.63199539802364,32.3454398673128,12.3994004819648,20.18213891314
0,-28.8955343931576,-0.66364348149742,-5.22193515323262,9.6392701711613,9.97579204056124
0,-9.12442759264592,50.8972753577965,-18.7253657665443,10.1808850436708,4.91453525900356
0,-12.3640098681586,6.79208793851611,20.1824811126424,10.5585964777548,10.677349450746
1,-6.90652101017301,19.2575509586063,-45.2543598419791,15.2379832648532,18.7491381319256
0,-9.57930571176819,-33.236878923193,-10.4635918726591,10.3728741682129,14.6077496461861
1,-3.40678105308074,23.6905345599839,62.615016180015,10.9353452491597,12.7123726489323
1,0.702895402981202,-0.364039526431741,33.5944037174173,13.4204147610284,23.8136251263658
1,-9.8903506314932,-4.24437585049789,-39.4020675609165,12.3477400106607,17.923601045621
1,8.82095151205165,17.4533197160219,16.7994046418686,12.3785791158512,18.8712336529167
1,9.55861677420772,-12.2097154925894,-10.0734539706146,12.7230455874769,17.4027420413022
1,0.839104063092346,-12.8471039204887,-21.0037193657184,12.8012349469993,20.1021234614789
1,-20.0557744216222,2.72447223783796,48.2382730212453,11.7294071552589,21.3049061795519
0,1.92711082117994,-3.49434667842886,3.46093360352204,9.95842470957408,9.0528343699981
0,-22.0031382443824,-1.40745686972912,3.87428348483015,11.0790195530349,10.6779661840729
0,13.4535257164299,-8.09617808227812,-12.269982291889,10.3907660932938,12.2308761677889
0,7.87591713606534,23.4842491039878,-18.0301850131886,13.1976828504194,13.8723059981853
1,14.8335366971591,7.23525740152101,-1.52005086254534,12.1951309865117,21.890182362086
0,16.1518735532999,20.9381691774524,1.69037150498463,11.5261737616512,11.0815492075735
1,6.14244928537628,-17.0208822566123,-8.59939574348418,12.3150863087013,21.2385305319668
1,2.57747783670727,24.4734039989017,-0.480872009743788,12.4792907301015,22.0581611633143
1,13.620528767516,-7.57523467072862,-31.5261835223651,11.1462823723192,17.9648470152813
0,15.9428390386866,12.4566438123821,-10.9288644286513,10.9018369270369,15.4859838565275
1,14.9834374851811,-19.0151160014917,-36.1451536870165,11.163859322051,13.9504028828876
1,18.9280284365862,9.03159712584974,-10.1570984144706,12.90277871441,20.3616470135174
0,0.470508648309663,5.03114559172348,-6.24267367209151,9.30795024372754,9.93993827401307
1,1.7341664193297,-1.14160064066546,-17.405499948772,11.5742425188765,16.0444661023554
0,-0.682984292203001,-13.57232281245,-0.111266164308359,10.2502065958659,10.8289257726529
0,27.944830899778,4.02084641480062,5.3733660099903,9.57336456122138,9.32104498983561
1,4.39979484988043,-5.26472525061578,7.83422654988225,12.2995149265534,17.2668048854137
1,4.59458999556825,15.6524486172648,12.5804915751116,13.2814491566147,24.1245552336364
1,3.15165689168014,7.42929365175879,-66.4012149450074,12.3405330765744,19.8116329611617
0,-0.583650550922083,-3.90865298840513,6.15238243982833,10.2430008067547,14.3392962005882
1,11.8664329830137,22.3763342828623,-4.34178049698501,12.999137746064,18.1398185278554
1,-18.1772743864551,-17.365603184066,18.5666571216676,13.1150679306944,21.7175753231253
1,-21.5967743519392,7.83625463661249,-26.739814746332,11.5694846900396,18.8757064908993
0,0.58666512889172,34.2177318962652,46.910406172169,10.4151940364671,9.42451694650769
1,-10.0909549401677,23.7076851386768,-3.85401002619793,12.5027866944519,19.6956130456866
1,-0.443136169984559,-10.8978801576097,-10.6680284504638,12.0620474543918,19.3739164961942
1,18.6543230248075,-5.35734447948935,2.54459695177301,11.6588820068204,20.8286432860791
1,-3.30958929669619,-10.0990990455163,15.1498491890246,13.6511872293874,20.4330792090808
0,-8.4999977497254,-2.06977082565612,14.5493172535692,9.40353175682961,10.3347115612959
1,-49.0532064249626,4.09149766701659,4.80140158526748,12.9369202986612,20.3290541963208
0,-6.52135204830043,-21.264866664963,22.6632547828065,11.1374562275482,16.0079516619684
0,5.53147819639524,1.36316067996541,-32.5609250638128,10.1714407632694,11.9851475856087
1,1.04676286330187,6.42983623238453,7.09058923484805,13.0552340153946,21.1240464888721
1,-19.4454576073638,-43.9185335918053,27.1927382078797,12.9140064390166,20.1572479938551
1,15.4516294820082,-15.613980483089,-27.1209229830945,13.0700039107956,16.1593406846721
1,1.20271901718196,-7.54819972738162,59.6298877790799,10.3693845341352,16.6457482887587
0,-4.69701864965358,0.384137603694858,-12.7185965592901,10.8348269910665,12.5746380451845
0,9.81510174895779,14.1732201900646,4.32452083264942,13.2314051664551,14.0492395106917
1,-5.99700977139092,7.90818512232144,48.5619235622554,12.0168799630981,19.2494960572654
1,18.1302399919732,-2.57298706114217,-11.2682035907455,13.5119411307708,21.577620613931
0,-6.38812218200678,-33.5352594826994,33.0990851543375,11.2735029742786,9.94407116835224
1,-8.62573821042947,2.56009882750093,9.66584090748899,12.1857971955463,18.8905777453292
0,6.36874216038593,-10.7115537463765,-14.7471119372583,11.6145638978996,13.4093546919545
1,-9.73810401661215,11.9838042058698,-35.6577479987629,13.2049468923826,18.3808646911176
1,9.09064359604577,36.6942899686473,15.2123160120717,13.1731783368827,18.1406234970159
0,2.14068783851008,-21.4763743067661,-9.9992307433534,9.50520836753296,14.0409969564148
0,5.20483989166495,-3.54928031028837,1.96713097195694,11.3203600038615,11.5092250729989
1,16.3769324380143,-5.65255328422293,-2.47096704994545,12.8600380093987,20.782529596671
1,11.031884616415,-15.2466736427373,42.915497930744,12.0467907320259,20.8190947416691
0,8.06125055581729,-4.53194004170406,-8.66465571892605,8.68880250752131,6.90930328816026
0,-7.82673462304385,8.23174470549685,-3.68254494168745,9.47761659475268,10.1509387006038
0,22.9117548374543,1.99553018823366,0.105604747975168,10.398830496131,9.7638504782205
1,31.4045530763958,2.53861269739311,-12.7908485066818,11.4442748087545,18.6712173602851
0,1.6633052862048,7.27050355582823,7.60680511422431,10.9459093672278,9.44831758461326
0,9.89342060814815,9.48084107601212,5.36416234891622,8.48036683180466,12.5397926406857
1,-2.38844930029598,2.16282741366518,1.28928383664594,11.3163175579128,18.311780159809
1,30.8239330242441,4.77144393340641,42.8479534085751,13.348915169831,21.2212480572953
1,7.54196074500947,6.36935134302138,5.8886555367278,11.5123720791946,17.5053972970631
1,15.2315431678999,7.44509603807227,34.5436564987088,11.113573631324,15.8144075390773
0,-16.0535666918718,13.1361861063129,-12.7257076506714,10.4178546960061,12.760178443315
0,-1.94931599618432,14.7428690645206,1.52429135301127,9.26508928607178,9.4337599254207
1,12.0373521877249,2.40443009239429,43.6855400368805,11.5800463688029,19.412124829126
1,13.9128759692758,-4.54749135800609,53.639660509425,9.62997487541429,17.9961681083439
0,9.16015761304365,3.87039297559179,-37.8402011805493,10.2533082923253,13.1125500603959
0,-3.29438795774643,-17.0941778256006,-16.1115920987754,10.8455452603313,11.9985117042567
1,8.77787602065176,-28.6530441519343,5.55621538289144,13.8413334780269,20.8700159223227
0,3.12923250949052,29.6393191654574,-8.13798551952806,10.4405709735691,11.0423051202998
1,-2.9708621904829,12.6720065145319,-11.7065803044726,11.9294905957765,19.8398968923151
1,16.3222248779342,-5.48194261210667,11.3810844120676,10.3375488656528,16.4765087658944
1,-22.4567137470416,2.78626409041508,3.73826994740701,12.9050094651152,20.2443122464933
0,-5.15213945406905,-10.3347411856828,-18.934615147759,9.80820598333458,12.7320830252659
0,26.0405583107165,14.820715962435,18.4160947240585,9.70328624478674,10.9990762046151
0,-10.4712550138397,-12.1542455283579,31.9131476152081,10.8563155469807,10.6730322459941
1,7.07286018828017,-5.62459551168538,43.7280289067629,10.5327231169059,15.1541440914651
0,2.28159464555341,-9.56235313268249,10.0213528585103,10.7834309547626,8.22393354655418
0,-12.1889881531913,-39.5141278058053,8.31849510991667,12.2085834780366,11.8409717712096
0,-2.50106497062072,-11.1424570179926,9.18338389380455,9.92648890269706,9.1546050429313
1,43.39346948336,-5.48695565909661,16.9823873844726,11.7860659423221,19.4829972857913
1,25.8429008549735,4.62332268083965,-22.8899122545881,12.2675546225243,19.7868302422119
1,-2.3037205069265,-15.3701184723167,-42.9309017455778,13.2961279007181,24.1071152584292
0,19.8725540409605,4.71564057484062,-21.3581285609342,8.87668462860566,8.49807939822456
0,32.9740677163228,-19.6476844037128,4.75475850016163,11.4273729457804,7.62406504177589
1,-5.1290592573394,7.50137534138711,-21.8947781867483,13.045447720985,19.0165534944337
1,-6.68841210242758,1.44393039267091,34.1127381474589,13.5379678609201,19.5252848453874
0,-2.89701443315676,31.4433529113567,21.4892205187408,11.4446710252319,12.2750111042431
1,-13.202102127565,38.9946786319329,-27.007210923879,11.3593310099785,19.238366131047
0,-10.7431682100372,-29.1448799258888,2.93354344956951,12.0827081022531,11.9546454206564
0,10.0964395683668,-5.27496220135889,-18.669608212868,9.94736337825942,8.21348151651639
1,-9.66112988284866,-11.9795249184883,11.6293538563229,11.0430421663311,16.9385565820462
0,-5.74880525806606,21.4276222828651,45.4727003303516,9.53897909290278,7.28164455457211
1,-61.2043455411771,11.4346457778704,-22.4503718793455,12.6454942607946,19.2427379023919
1,18.3802036785752,4.73126231808331,10.4307336329484,11.5171341804619,16.586188560109
1,-29.7939988077063,19.439249069757,10.4619076918429,14.2653610330023,22.0351883424421
1,-11.4241342268978,32.0661787940719,-1.94334396426769,12.4078105566822,19.6270932996137
0,-6.42193747829808,-5.53598224309415,12.9741040046807,12.076200800159,10.8043117776489
0,-16.8771221505117,-15.2021361484672,19.6412368671458,11.6602538762026,9.06996422067537
1,4.39459357144935,-5.15792667633167,35.9357793482852,13.6006763937703,21.021141579335
1,-7.92459183421126,14.5157925124616,-35.8702468112616,9.12548944393742,13.9577519614206
0,-0.156055103822374,-7.45884708684567,27.0529856295749,9.90706320182921,10.0277451391516
0,-14.3391826491683,-17.0869130264694,-12.9968152555784,11.3390283507733,9.30447958695388
1,-8.61427313583725,51.7556098449496,-18.0147404539578,12.6979602189988,16.7952400632214
0,9.26504434408692,-20.9960948096224,-3.42298931284081,11.8173300762664,11.0812276592039
0,0.558776803101371,-28.3112759585361,-25.1352075704975,10.8116611222601,11.2437368151687
1,32.7850878267586,-9.32949001232475,4.03442019738925,11.5919517071451,14.7923831123598
1,3.04576144427437,2.37168877365838,31.6432716609455,11.1419438640043,17.5520666928105
0,-6.27446456338805,1.27848134440198,11.1164577554437,10.3612855604301,8.43591271308241
0,7.63706135045954,-7.63478624979187,5.64851044288262,10.1369461956038,9.50697865429572
1,42.108526192271,15.802816250906,5.03595968559185,13.8735840382071,26.3468963650108
0,11.8818833658247,-26.2730581958748,1.67095521962293,9.49214874328501,8.87324844557989
0,9.97004908523427,-5.80764259745017,-28.0648454593111,10.3215536245574,11.7431355645887
0,-10.4098221170227,-14.6641862639363,-5.48032929005252,9.75896220667573,10.612089944077
0,1.921983050746,12.2682323991343,1.54561704856004,12.1013285361929,12.677036371636
0,7.4002301092578,-5.63094658469023,-0.525061185350409,9.7438253312586,8.00677962667736
1,-2.35177427628157,-8.53530984078113,17.0471267678805,13.6838574039752,21.4550463572108
1,-14.0251052460441,16.2337106127824,9.63495804571587,13.5779641606511,20.9222648188346
0,-30.0144064122465,-0.26173958206842,-11.10032112912,10.1323487429766,10.2232897915494
1,1.9887790660337,14.4815482958963,-17.308502388504,13.9020983003595,23.5278057751407
0,-4.89131395901609,-6.20070925734968,-2.06513966374952,9.69385219282334,10.0388484858433
1,7.86318244755452,26.4315382090693,-9.50938439487531,13.4680417269967,21.388941454581
0,9.74461553351052,15.6711224578835,-7.09549346127865,10.4099203532688,11.0963399399654
1,-11.8024379795899,-6.80078227499473,22.3557897828419,13.263993133313,15.4409415593685
1,2.78201812909468,8.75312727224988,24.1868915780475,11.7378527883788,16.5860410610315
1,16.9296389484306,2.38642913549014,9.79135229797334,12.3451963425397,20.0785842681224
0,4.95978537927564,36.5404688346047,17.7146043478036,11.7982045599545,12.8112297663739
0,51.3215467806746,8.34405190658394,5.88442014293035,11.0891070979295,12.6217790346354
1,-2.53766980405079,-6.48368620987751,42.4476079024788,13.9170536097915,20.9100752742221
0,4.76405421608873,17.7551623158821,12.4235448305976,11.6522727593375,8.67516021268448
0,-17.7118675678192,23.5805086852109,5.49528986264384,12.3414558869109,11.2669708726347
1,52.0383631323335,-68.4796908104142,-25.5868657188902,11.7483731964954,19.3401965492171
0,-7.14575677403596,-19.0045470488436,21.0974074437552,9.93182196706153,7.19944600943416
1,-22.3162984674438,16.7163864664198,-66.5701598044552,14.6943809223718,23.8621788242491
0,9.19309302025766,-1.70033609355377,15.9298574909336,11.6462692594965,10.6982164676218
0,17.2684014271533,-49.1682457580067,-11.5010768433692,9.62751738491034,11.8588932880315
0,-1.92690427353332,10.1321746606032,3.72542766892883,7.7498540526536,8.74517388500887
1,2.24788957372192,-21.3677690332873,1.27295741902321,11.9708484112975,19.4675541675047
0,-4.04065841822617,2.76237524403824,10.1842583709901,8.78416449833553,8.80457952903869
1,-0.393507095151651,-14.1718388302669,27.7445842695805,12.3158525944697,16.8903508244738
0,-11.6816484297609,16.598023591929,-31.3256656567621,9.86569163727848,8.73769325713564
1,-12.6123145412511,22.0512044505909,-26.6312587054154,13.455084801774,23.8378744840136
0,-7.50355286042971,5.68477307664705,16.8111906356806,9.02820537474701,10.5092474000346
1,-1.15507014314839,-21.8068554410779,-8.69381017882249,13.8020608789889,23.9026155344423
0,8.66334647523228,14.9558266418071,-36.783580396262,9.74603819529169,9.32181964035566
1,33.9189711857743,0.936610199748619,15.6142725502141,12.5550481471212,17.7103745071728
0,-10.1304196329315,15.5464832537596,-5.93778593416281,10.8529546975156,11.7498942905323
0,-4.04948300783962,-3.79023578230231,-5.49916047259272,10.2926354989143,9.23005833705578
0,2.77988971844114,3.38671230730689,14.2101905116633,8.62631158920738,9.21420985326411
1,-6.1777469895895,-12.0413115304986,3.83960874174769,12.0569175625608,17.5246204431195
1,7.05335672159288,-1.52728252604821,16.4759834092006,12.4112025613066,21.5095067759842
1,3.60000736634026,-6.18546127407918,15.9942303505426,10.8061353512749,18.1802052034969
1,5.65263477037226,2.90473415098686,9.04478819840471,12.6313760870461,20.6827231948602
1,5.21142025306892,-13.7666853397985,0.114413443307873,13.500733337615,20.8138388137004
0,-2.00563617525633,19.1824811322342,-7.47198332441479,12.7605042682559,12.4279918675984
1,10.9294879018591,-19.7713213311542,-2.74904121983634,12.2394508893696,18.6502593730582
0,-10.7774188193515,-5.40574040787964,18.2675306496082,10.6849314736887,12.5906692181517
1,32.9925575781535,-3.15417032940093,15.657285762211,12.5387404358715,19.4336276084156
0,0.0424750288211464,-15.4343820824804,-8.73715408491862,11.5353577540775,12.0233692843766
0,-18.068016656768,-3.0351879572025,17.4100318214781,10.8050286373046,13.2872703171674
1,6.66037785058026,-34.6004720388338,14.399012485483,13.2845723073879,19.4947825595898
0,-1.06336597253942,3.41814344476605,-0.638552797666673,11.6899868830671,11.2927831381017
1,2.68520021931098,-7.12773994811032,-0.337568325509567,11.8159625790359,20.4782877146763
0,4.77462534377022,-5.5172820025309,-2.33700025207573,8.67121951749542,8.41948468102287
1,5.8787880678161,-7.43561017747602,-5.1943609797716,12.2607029797328,21.3182731414574
1,16.8993940884124,0.883482938871291,1.44404941679602,11.6729845212258,17.5883811124207
1,15.1947640798375,11.07896351725,-4.0395977403827,12.4034953061209,20.7727155622722
0,-4.13587888038367,-14.6399779607019,-5.75280024832539,10.863582207296,10.9776765792038
1,8.71900734905297,3.73199824798709,7.56370962930542,11.7871388137691,20.6040905563781
1,-4.83610137306046,8.27755705379458,-2.30619530683637,12.9654027899645,22.6261519844755
1,-13.5111417410166,7.45997595242083,16.752424175055,13.1067425280577,18.5275807385295
1,-1.19840088783813,5.19826835202197,0.705408070056315,12.4517302243831,21.555260838349
1,-11.7928947418864,-0.0871638538173394,-16.327590303246,12.1213122657859,22.2723824252163
1,3.34696379764717,-21.9060841059812,-14.5955372049155,12.4692386502602,16.9485591190225
0,14.8215282997462,13.8805968594334,19.6260846713567,9.16169959028034,8.73018676710516
0,-0.662089072373806,-29.7035266324406,6.71739007672774,10.7359042843995,10.281530584704
0,-4.34396446884768,55.6983175302321,10.944463919554,11.5723825580249,10.6886729949541
1,-1.94866232037274,-13.1238388109369,-51.3598727366147,10.7203600218631,14.8974390885076
1,50.0798425951325,13.8867758421513,-29.5080301611051,13.8422588528989,22.1816453163262
0,-13.5302844483769,-6.79863150056178,-3.637696901433,10.2601283824345,10.9254299211103
1,-31.0230020460226,-15.6261681809444,3.08165270229453,11.6935580761426,20.2760661668526
0,-4.84878483738314,39.9362156667635,-14.9041797755312,10.7859146771976,8.49045901259367
0,7.06305198580231,11.3686388532563,-12.3740965226106,9.83368444478782,9.88693468043942
1,-22.1689459695411,-8.78982632481621,-52.0726897986333,11.7493705998565,17.0641427220989
1,2.69242519410515,66.5313259935689,-25.9810468686871,13.0053804567022,19.0555399237679
0,28.6759372692952,-2.95517526988131,6.48727002662108,10.2666572524719,11.1770237786704
0,-0.914439962789655,-3.53449262136613,45.7651730065568,8.31113176823363,5.98383479409095
1,9.6243966182442,-4.11250955336793,-26.9010036474852,13.6816374114996,21.2808369940859
0,0.730493367191343,15.5260075467712,-4.68450382939679,11.3009662168112,11.8970701153697
1,-3.59045655122951,23.9150177774154,-15.9022225776458,15.1215626587977,22.2903975904399
0,-7.42361023979212,-52.325513553838,-1.78682700963788,9.26471559883484,8.36758357119223
0,7.04808901150892,-27.2264926176775,-17.0283909466096,9.00265386536056,8.67484961296061
0,3.73625198215089,-11.5366317155945,57.6603395697076,11.1777919140939,9.04179078411752
1,-5.52770848909013,15.5104344001461,13.9121712418966,12.7221501036845,20.9557053923202
0,5.78203430030346,-2.78056766364477,12.9241640881627,10.5496655282869,12.0227542887417
0,-10.7099729124356,9.85215343978139,-4.20440475532666,10.6709814579588,10.717065898343
1,-20.5555594373286,16.6562492934463,-11.3614746258404,15.2670984199366,25.3457062005295
0,-9.4770474555403,-10.4865650146447,10.9200780775958,10.9521357379881,10.4837877846552
1,0.662620786132781,-13.11580117581,-8.47355689039873,11.4862989508253,17.1376133187842
0,13.6708962345228,0.181945387638739,-68.7007435888303,11.1446942551459,11.8050309060436
1,6.44055959911542,-10.0116654872995,8.20077221142699,13.2304030207101,20.1784079608744
1,0.869460456500133,-3.42622212306277,38.6323088974025,11.3858637036303,18.6384965586742
0,15.4065683686502,17.9724188981931,10.0533706752001,11.0580204218703,11.4169434116895
0,-26.8235294184962,-3.35630700129119,-15.9216149897555,10.7260028485009,10.3621519974748
1,-31.5235903419875,16.1816063512977,23.3189964956015,13.8231721056903,21.052340827393
0,-57.5254552097927,53.8589954420555,0.576287492825633,11.1311931541232,11.6336889750131
1,-24.5280495376412,-21.9779575611757,-1.06672487313924,13.3450286560215,21.8376309858552
1,31.8039958249255,-8.67773114423805,-14.7848961445151,12.5383667398743,24.6452733907936
1,-9.12067098405842,-15.6855739844513,-1.25614907904812,12.8554096798669,20.763966809759
0,25.7130375970763,-15.514454763844,-6.09861587441916,11.6534594400648,12.0294604865945
1,2.86969965756961,-0.0259177516849516,33.263476172989,14.2050570762399,25.7607231112381
0,1.42343481655958,5.21075594778968,26.4843203708352,10.145140188673,9.74843115861353
0,-11.3993233965924,0.838497368050329,6.81516644453002,10.7459556549849,10.8976716606172
1,4.47815812570116,45.9981408273874,12.6007634597782,14.1130655343772,21.8128129538099
0,2.5645129539804,-14.9431378754184,13.4013426256495,11.36025288536,12.6371541345836
1,4.26105659305215,46.1333740963723,8.07543365522131,14.4399873356354,22.8017213294566
0,-2.90273435635049,45.0995415436265,-12.6391193600421,11.4093251691309,17.1786392590883
1,-4.39554612890103,-2.90589658023906,-27.9790753612965,13.329286091726,26.2976140942593
0,2.26597963751247,-44.5015138525235,2.30927400462088,10.6927866913109,10.0816345472766
0,7.70877706356223,-6.46723314680681,-22.526514000174,10.4712486227275,10.0947480450032
1,-23.3501126427049,17.2451824133477,-5.73271644697041,11.7454166040918,19.5119572112239
0,-4.29949048875995,-16.7804805705008,-39.2099648567209,11.4673360560424,13.8558863226974
1,0.243362567134486,60.7167837106608,-0.971864883525367,12.9477820592962,19.7178049669128
1,2.81774643952298,-22.3990966791408,1.11069234822812,12.1429943898683,20.1188650300078
0,-18.1447055208417,15.0343409955081,2.2502296618059,8.07639398823157,7.8019209637063
1,21.8302174136934,-1.49624401709058,-0.0392419819545615,14.0737180080115,22.6562219522176
1,6.22280642336191,-27.5179645748585,8.14828561893936,12.5445654059933,19.1107114774664
0,22.3894534881635,-13.8852888324472,1.1697765430492,12.175100386305,12.0706773091915
1,22.3203668178503,28.4896219531135,-24.4089253635655,13.7978814203826,24.066395766186
1,7.784405538137,-47.9812299472462,-25.1606944810051,13.8368223380102,20.4828782999262
0,36.4826275178566,-7.19713485530245,6.5306714246689,10.1444514361029,10.4305515428983
1,4.73565458717082,5.5588685668227,-7.29020401528421,14.1751069456049,24.3612035239203
0,17.6865852056303,1.1300395677485,-0.300580592776043,9.54979556483339,10.0545900734194
0,-21.2146771422035,-14.304833572186,18.0397071438311,10.5920888317047,9.90638483692258
1,4.256810779071,13.3740292014593,12.6328159566915,12.9180081364084,21.1588014109118
0,-8.20595856999899,10.7163953221874,5.36685861514449,10.2660407126037,13.5061635461351
1,-61.3325549311348,42.7777532969574,12.5490828819629,12.3099250493536,19.8878943852318
0,15.572250950037,-4.85510591681118,-37.4419671090409,10.910677433298,8.82614244727792
0,24.2326253235575,0.304928172692706,27.3593035669244,11.8664366262259,12.8531027340609
0,-10.5824410478132,0.526596202968552,-26.6133831994078,10.6188107214986,12.222803813334
0,-0.193067361594385,12.8675956108473,11.862462521451,11.4079109938881,11.442060742802
0,-2.8884522457917,-17.951231619901,-8.7759569967395,11.1442352551021,13.9721225841496
0,6.65844090895989,-40.660384395225,-2.23944911981903,10.7608434375413,13.2733684738111
1,28.1720269494312,51.8858979660171,41.8959883933071,12.9934536551128,21.6816760870042
0,-10.4357136136145,24.7496355594167,17.7357957504018,9.83368557653064,9.46472894815923
1,5.96624082642606,-17.3212919040491,4.54756443994368,10.4081668273231,13.993270263289
0,-6.31823081156876,18.7426917082645,2.70980871105079,11.1860021962426,11.0794891089004
1,47.0334432320821,-65.238944655784,-14.128387375041,13.6748979918655,21.0401050817118
0,2.50153917005034,-1.57947537916393,6.97847048543293,8.24599576390723,7.63724149396436
0,3.07215382535541,68.6231585324401,-5.3475936805063,9.95927213477129,7.21005883516827
1,-16.7153350458069,-12.3709355960358,-22.194134169723,10.608697302243,15.8023753069344
1,11.8465017075663,-4.42262353836275,-2.19067595292385,12.6572415903699,19.4863143542097
1,-10.798856244644,-4.98159904625106,10.1024526395878,13.2141499510447,19.5422301223208
0,21.1174185136475,-1.09328140944447,-1.28784402900061,10.7150640193092,13.2791026880565
1,-3.29780380658335,25.3411207526436,66.7520503805256,10.3643959887068,16.5877048011437
1,-25.1684982982891,-2.38222465494772,1.29905752588746,13.9629818784054,22.6388196130932
1,10.9678071461052,-18.3875648483007,-7.22388201368126,12.3225736572922,19.4626310628916
1,20.8739087205613,-7.98201887293547,40.561150335399,12.3475746994933,18.4238680947631
0,-3.38152610932877,-8.09978505845139,-7.32880300334471,9.16939384360251,9.77015038345383
1,5.20888211835915,3.19277588119857,-12.4348388619935,12.9313165457961,21.2885218772411
0,-6.8482958876199,-6.44256412149733,-15.770972868653,11.8313142294285,10.2871816237849
1,-0.191986499221252,-0.801702156322504,-31.7763164900499,11.7046565820814,17.6301811486507
1,40.2391991621945,3.95437641708049,1.97428687650687,12.4725295172662,19.644994268665
1,-13.8142728919901,6.47059373746806,-60.2288426610251,12.7519081089587,21.110325203983
0,6.67202508765274,-23.1756225100394,42.8792595067476,9.45047628104508,5.25007991146565
0,1.19378250942348,15.0561025112394,-25.0799772638488,11.0524508759594,9.32946876527572
1,-49.4233903577002,-7.09958927049371,-16.1523295063352,11.6436103200699,18.24624167293
0,15.3061573405251,22.0044032204745,17.1961045784404,11.4504836870634,11.4120636374714
1,-8.12764613858311,-10.0068185208737,25.5627752508816,11.2725654580941,18.4035853748083
0,-9.55547148489448,7.99135172182652,18.3484788541746,9.59101240326727,7.1536511795568
1,2.97969659550381,-1.48898176425422,20.7177328032417,12.112042505803,18.5111961545628
1,-51.7094921080293,-8.41405102059039,2.51859465744606,11.8168272296422,20.3072081609946
1,1.88958819682158,10.8361171576191,8.91551554715735,12.4468871742643,19.88633113802
1,-2.94343896258304,33.1494073075119,22.6087915374539,12.277190010015,15.3874086656567
0,1.41837109333389,7.42328287468645,14.0340026643205,11.7362174016889,13.265550511048
1,0.0292023196774294,8.19954972389697,5.95642938751654,14.047738374188,20.2670230213283
0,-0.457839359696591,-6.79328199096966,-15.5500710080562,12.551338915263,13.2480358068092
1,-7.18196401600384,24.3646349048619,-2.11932463386455,12.6193090699813,18.9068583409301
0,-19.6128191770046,-28.8773699397843,-22.7828208760544,9.30472969407731,10.8417187553129
1,-2.51062697337855,-58.4072234647752,-1.53308072037273,13.1790904778745,20.5479564615996
0,28.4730996482748,3.64381541827102,3.21193069261047,8.60175027762916,10.832778142297
1,-30.5698766260154,11.4081931182604,-16.9043040034215,13.4334930670998,20.775774493573
1,1.73922068628983,10.3493043102056,-13.8660415042909,13.0623725186447,23.1634050046924
1,22.9710858140579,6.47122480682,23.240133495692,11.3133037224531,15.2973808740943
0,47.1694850409011,-6.26516460362315,3.98154459700474,8.96804106542062,9.35299407393677
1,-1.5778148697148,-30.7688389935375,45.3943683959207,12.9099784660259,24.1175280157096
0,8.23230466226251,7.13552592829372,-2.4279639668206,8.451043302698,7.87442124468616
0,8.72812037337457,-25.2328175101493,-13.9015643769156,9.89565416105633,11.7230708831121
0,4.98988011877507,30.2569211840452,-13.6195575666576,10.0005564502506,11.8757178550274
1,10.2410779842647,-18.8958744224093,6.65612512306264,14.0100546042568,22.25142184969
0,-5.23397958289511,-37.984960810058,13.1706388670164,11.5004827377303,9.63534607334474
0,-12.1435057854491,-3.71630155979356,-4.64928376433405,11.2804721141458,11.8737728171491
0,-0.0788781483609507,-19.7660749140802,-3.57365698097096,10.4701005806806,12.9436195825555
0,-3.30172081137386,20.9130597910586,3.23470539750516,11.5692860532549,11.9994561610037
0,13.247526243435,-11.7293597352829,-7.90723892450908,9.62198465584745,12.594092851085
1,9.17080975912126,-4.18638973781575,-40.0912950899408,11.701145655164,18.1509067841201
1,14.3355160222129,-21.5979389087536,26.1685261401524,13.0409014435026,19.8204282988073
0,-1.44996450647295,-2.10898518426255,1.75360634135596,9.75496007117607,7.79167304802657
1,-11.5883847737713,-6.99071238732886,-20.1259340334882,10.2620023279121,16.7311666052784
0,2.83384139176609,-11.3775164264412,-2.06481630205797,8.54396136631126,7.51416056597584
0,3.74879252169451,32.6485919946834,8.53767674151831,9.71911537417369,10.8405929738573
0,14.569697675988,-13.9899238761801,20.4350540721481,9.00876926097565,9.58911897779623
1,-3.98295272476352,4.66916580093951,2.32520147295475,11.0369877668792,15.091908714837
1,-10.2687550866657,5.7171576962728,-5.67165935072412,11.833027073723,19.2660837196556
0,17.0190363820947,-3.42647371343756,-16.8614489750185,8.57619809696407,7.74201552090167
0,-3.28637214189901,3.56493602218077,-17.7928873197985,10.8697025962109,11.1263220513641
1,-4.97961567558096,12.01100763932,8.56996323823388,12.851890686254,19.3956257142021
0,11.1292729931406,8.22203476340159,-42.9905469636837,9.65313273667693,9.16727323330603
1,0.699440370116106,-11.8646381323099,1.24427691566691,12.1382956621914,19.9100109095162
0,0.674825551007744,-3.02352056826708,-33.2971676633647,10.3629117966674,10.3033705150668
0,3.03989451416866,-3.71356844523222,4.47096840401827,10.9646644292349,11.582926657652
1,8.52378226040863,-1.71863639692996,35.443136361227,13.0319826042011,17.4106627275963
1,-3.57374149686899,-0.464778441919637,-13.976430739145,13.4120845059354,21.0097884422796
0,12.0190826613609,0.574323924239431,15.7958836084945,8.98049522269465,10.4466782025086
0,11.5636848146353,-29.9498314570829,-0.111402088995979,10.2991805312006,10.0409417827126
1,14.416053016984,0.220202867833193,35.8946913742706,12.9545999932786,22.5519475721065
1,18.1515169951779,11.2380322019386,5.03589192423432,11.6359560925817,19.0502396698958
1,-5.21489947846689,-26.4391081528288,-20.5800096709088,14.8523369718208,25.8040259610525
1,17.4518423508619,-8.3151872484493,-5.43932467337612,11.5147845874191,18.9585024982589
1,22.7645352790598,5.45972840038466,-20.1681994487573,12.2050908645847,18.8461357837882
1,-12.3493614971112,1.63504078598425,-1.43330831841201,10.7777550253142,17.5537191117828
1,8.75072969372446,-22.7414151749954,-19.3506346278951,13.8302836210607,23.8766674928918
0,7.01528008987305,-25.9564630825884,-44.0932354670229,10.0514191231535,9.41131741790016
1,5.1404749451636,-17.7184507777976,-2.0641625176425,13.845734277856,18.0706495443504
0,-18.3762434777917,-2.52935154592535,-7.25927853647751,10.0027398969892,8.69448148276331
1,2.08566543304731,-4.27345426471072,-4.09142219708397,11.0316885264546,18.553282071246
1,5.44974582171013,3.75155138189606,1.40689259044816,13.9692168110671,23.1528737698323
1,-0.93373164450679,-6.03741191942842,-15.3584960560023,12.1024501527695,16.4039140252325
1,-13.1406512421671,2.71365177722854,-18.1388114179704,11.3470248789815,18.6703043377861
0,-18.5602608193211,8.43800674366573,3.23931347235592,9.91932905021735,9.11192770056574
1,6.11007436186017,-25.7900884571701,20.1042588237673,12.9493125812861,23.6095560040771
0,-29.3874805178925,9.00483101170146,1.74088354547877,11.2372950480715,9.6413915664107
1,-6.00466055374106,-21.911445821558,30.0118805034288,11.791858928514,21.3153809800887
0,12.0068727254977,-2.32597026455479,-24.0028178255359,11.9256619695509,15.712387651837
0,-4.8264179739713,-3.02229060439068,-18.8600269449073,12.0579354663601,12.6177576713727
1,-1.69186356860169,-25.5646426384251,27.7988420377807,13.9956538615083,21.8174505198811
0,4.24400578938107,20.7567288487644,46.752972543533,8.82133602892615,13.6466919523373
0,14.4575987997736,4.61285346647612,-12.930756695491,10.7650781729447,9.98733901824972
0,-2.74732383166254,-7.75442626364919,48.4659859837001,9.26281616156771,10.107652075499
1,17.812906183682,-1.15789042120888,-1.31100107977128,13.2094672626527,22.0566277096051
0,9.45685065677193,-17.3045033229998,-37.4565165695933,9.11589819953467,7.58035713362555
1,6.87527195546731,-28.6079783383288,-17.7008510097047,12.5356282585557,17.2562425557664
0,-6.16173717685571,-21.2962534842062,-0.251446123191549,10.1015550952581,8.5399776773586
1,-13.6869424210124,-3.90113848313163,0.397259395145998,13.8544116562408,23.068575382669
0,-10.8597677596054,40.8201979390157,4.70224610622005,12.8902750289577,12.0818397686049
1,-11.0394743803988,-37.8145324708888,48.1706488237562,12.4732585213545,21.9093602958212
1,1.93741696534623,-29.3112714814614,-35.6949892169996,10.6842014929464,17.4070357413906
0,-6.79933978241137,-7.70058051576843,-36.2304902953966,9.8112353460321,11.4086193009878
0,1.48042213105521,8.46576142729966,-5.88488423588707,9.21115889301614,8.65704282448769
0,17.2095488020849,9.45599741726886,-5.03960368683114,10.1819684302488,11.8895471403907
1,4.58280750598508,19.7993008191817,-2.63163568213234,13.539708152548,20.8579113845701
1,-7.80641672814798,11.3831151574639,4.93278134556989,10.451374013834,16.8967560271196
1,-13.0590365863084,11.8966397826781,-7.29602952080871,13.0456621384839,20.5320113667308
0,-24.8169543330026,0.641055014657134,16.1726754652124,12.9822386924793,13.0600108253985
1,0.490208611846286,38.8107368399763,6.53669119970497,12.3818534348657,18.3051914962775
1,-3.57796565909109,9.02603327280149,-32.7272363714445,11.9571162251203,15.1229734742194
1,-1.87149861083933,-24.7218283232606,-15.0384334966528,12.8144988261557,18.5256988622652
0,-11.1118645611745,51.5765269561345,-2.07870753956922,11.0996571014278,12.079116074521
1,-6.11468541171307,-5.69484435654991,24.1131468799256,15.650026289436,23.2268110590091
1,6.77862108829126,15.7592323644985,31.4378220584232,12.5604308073121,19.2641927867745
1,21.7037791863653,2.65824286720068,-7.04683196586716,11.519283586371,17.9917104689271
0,-22.4875496053183,9.74225871155267,29.0979771621114,8.12218043487078,7.29208603994406
0,-20.3945615412687,-41.8524258406215,-27.2955643091767,9.31513278662139,13.5599347463174
0,-2.65737094100657,-4.59255779141397,3.13659541587321,11.8977152272232,11.5256214194684
1,6.60966344212849,8.33299928744691,11.2080253411187,11.9858893404285,17.9242347423292
0,-8.4201412995442,-4.05843297760643,17.6759656855751,10.6036629103186,9.9400020269974
1,7.27819388829224,10.1119111489844,57.8688462781606,13.7464584192564,22.4226545689318
0,-7.01390711360253,1.31208660599407,-2.31766385593863,8.85420805752965,9.18049765138146
1,-8.60098664337139,-6.33139045915334,-11.860043865183,15.1598223999768,22.0078924561493
1,6.52336107200709,15.707664552293,-3.40032062793775,13.7553107665629,22.8699011779563
1,-22.9143455114598,47.2258566877486,22.0836638970773,13.8220274714449,20.8743446311524
1,1.92309114224947,-13.0061590808791,28.9314305355962,13.40502077973,22.2875295472592
0,23.0018762669939,-2.81783729570966,5.07678310968789,11.7691606547133,11.8494133212275
1,27.4936457588438,-17.2490096612184,39.6247644361192,13.2900700597538,21.613668129658
1,-37.3468516504414,-1.36481103836955,-9.70779491340217,11.0593566211354,18.5695349504754
0,-0.449582295512562,12.155880996509,-8.82884758303444,8.74352876736956,7.59471343487418
1,-8.90046049038322,9.04527799770599,18.0594227764793,13.7459683502783,21.0044706564999
1,1.9937457682799,8.21810033527026,38.1288319283633,13.7490790325789,23.8945617844527
0,3.74688753953887,7.4825001635935,-13.511913107579,12.0886285916,13.4270453314484
0,-1.25215002941971,10.2098468381842,-1.44164631094637,13.263316662006,12.0501351063885
0,7.58065408365812,-8.71492345607649,-13.3591528793828,9.75882447143957,11.9385615999996
0,5.7960417021378,-27.3271670862285,36.2106120252274,9.88935518835267,8.68568900130932
0,7.2073001974455,13.8257154413485,27.3123620999653,10.737114419613,11.9633710894891
0,7.86972397805386,8.43277826830208,7.21937009743766,10.3832266038986,9.27147332922901
0,2.29962467220008,-2.87363498080815,3.48405975411963,11.2657176839083,10.3100449518094
1,0.538577697869302,20.8144203034432,-14.4680626502288,13.9696108554275,22.3430246492774
1,17.1314721295812,19.364246570972,-25.5347579830669,12.956086102965,20.5454575463377
1,12.31852363576,3.77539888294739,18.5532995844037,11.3034409366216,16.2053851742714
1,-6.72786458623031,5.25073698489054,-4.26160467825138,11.9240418100862,18.750510849139
1,-45.5364971980019,11.5626620160365,2.5368915265485,12.5841563941978,20.2661507487548
1,17.3402006748847,-18.1232760914145,67.7929449809994,12.7842767123551,19.691214674465
0,-1.82510990921219,-13.9709888865423,22.8713172263712,8.86824377796408,5.38312959775788
1,-1.20853531106826,-3.22169735898596,-10.4207878376149,11.6153804240128,17.2359257307525
1,10.6156974283643,0.757274170584296,10.2819681664766,15.1352448279844,23.9249413943827
0,-15.903725799736,-1.17760161768998,-18.8182103276504,10.1823426204396,12.9144569234023
0,-1.56276155931783,-9.27611055529285,25.8600123358251,9.24768236758631,7.41014264067755
1,-2.41773732847433,-22.5441923378402,2.70513792899265,12.0476844891671,17.7941291548756
1,-4.37144828133763,-0.941944932203899,-38.7129144228642,12.5229501546429,20.7209722984467
1,-14.1143519695081,6.9901784812349,-11.282274418238,10.864419434675,18.3416262441555
1,-36.4305957770685,-2.67180532865592,14.7031659840093,14.265373020876,22.5533412232923
1,-2.92939721208725,-35.3643206310276,-7.07830559017172,13.208154913254,24.4336569709311
0,-2.79591869127029,-21.4723865943196,7.58164561989576,11.3255461511216,13.9344383531103
1,1.43659571273182,-34.0823349625154,-5.99345589647563,11.655217177182,21.1688485380957
0,-24.4889536669194,5.28836356020154,3.01905448625856,10.8646154428366,11.4835808839812
0,2.49163905018717,26.9037649523832,-20.0773061443891,10.4002058969042,10.2465194487563
1,9.18758078785135,3.27023022056069,1.75928299152466,11.7082893624348,17.3769409984513
1,3.59246332989687,2.38180784703268,49.5648751386422,12.6010931386116,20.5203399116803
1,-1.89870026573997,6.07376349776027,19.4684745214186,12.4201675993916,20.4616764462697
1,-0.87338970019461,-22.1530895450104,56.0816163781448,11.7967446079704,18.2894148571019
1,12.3705299249578,-27.4830889381323,-19.6261610628827,13.6281966952186,18.7552143826878
0,-9.31118888431564,14.4123418721087,20.8516248404043,9.45497803149965,9.83266152224633
0,-9.74975562316947,-12.463713727262,-24.5504678783541,10.8060876825109,12.1628869752667
0,-27.9088481250016,-17.8075374493539,7.39010398763221,11.1904277118845,11.9281244110483
0,-12.6127208767066,5.38398679823217,-14.3440602650816,12.2435487016362,9.73306096536136
0,-10.4675582351951,54.9841703316003,-39.859022026427,9.24047889024446,9.12490945844466
1,-5.78513325859597,-16.4351707087664,-43.2655867139931,15.258427944661,23.2912680782455
1,8.02384528366213,43.6929490803283,-1.65980788892089,11.1396928294239,17.7781649591662
1,-11.4495082406633,15.9982865033798,18.4760851194694,12.0973999958179,16.312210783632
1,13.4620920500035,8.91377272342207,29.3799932157408,12.8149631480905,21.6328133410244
1,-1.96024430200064,4.84999318486175,-7.08175778707722,12.1487355524128,18.9880587285252
0,4.34772877177329,-30.970441635319,29.8070564789368,11.4528889054666,8.38383981545812
1,6.82762192009765,-5.37071203079239,-24.1442093001256,12.4499731092413,17.7320043385225
1,-9.61839293333485,14.1857401527985,-11.3765164164792,13.4959315274247,20.2632932596522
0,-11.5011008200341,12.0277723240753,-14.711821751874,9.85564101711629,9.0929027580105
1,-40.312681782552,4.98208475249666,37.5111997360189,13.0507957485411,23.0598276459261
0,-12.1922209810251,-25.3736836071943,10.6023378858655,10.9412739086968,10.8754515867911
0,-0.655194665187657,-36.1905069828975,-5.70570333247535,10.5342339726887,11.6930941780897
1,3.06018719790484,-13.3450105865803,-29.8131207996942,10.8402098680427,16.5092697721074
0,7.70531886656557,-4.94199602457392,16.9898166818886,10.4212948334585,12.2680582121718
1,-16.9067808796602,7.73932478532693,2.04069889611598,12.1046246023171,18.1713148604541
0,7.20957565961958,16.8056257191015,-1.83243980385816,8.78320572760045,8.78521265456365
0,8.79600689785705,39.490398421757,5.28578195839284,10.3756594662358,5.39102185834193
0,-1.18794250083379,-1.0148773919562,8.23223476615624,10.672210032131,10.8538081168879
0,-4.5182398157601,-1.75682750546535,-6.76027943631043,9.62511466630078,8.22370395967221
0,-8.72943901140178,-40.8859260211064,-7.86333677480347,10.6344904059696,10.6780257176586
0,16.1316894072399,-6.67952318534107,-23.9853543485863,10.676556333904,8.73139543013788
1,-17.1649730164316,-10.1144235090129,49.1996795217015,11.2575998300668,16.6335299286911
1,20.5664223370099,15.463098143802,3.53795990762062,12.7211560703842,19.4955724215216
1,0.542561472080357,0.270128726697651,24.1390771836896,13.315821546731,21.8671056869211
1,2.00610086466371,3.09586625309295,10.5676971614331,11.9465479177333,17.4342451738281
1,7.08723099685973,-16.569349063147,-5.3550471572058,14.7391761367636,24.2240592993846
0,-14.2271779147341,-5.13764413138268,-29.7287001081861,10.3164843573687,12.6271354826698
0,-8.63997508435558,8.2350701430264,-7.16438997322123,9.91123627868145,10.0133543931188
0,-11.817169663632,14.2943549438692,-10.7220059519005,10.3032829459872,10.2156061985078
1,22.6228891120692,40.9758888452248,5.88982847476583,15.2822608218936,23.6499481990495
1,-9.61525641540858,-9.89617031897896,-0.130915616594126,13.3941780173837,20.0140340566096
0,-17.7069092023659,-18.7861489019408,9.98926350032847,10.3267942771934,10.9260699458591
0,-5.772715400929,17.4690339569396,16.7731294333519,10.7780366886324,10.7106193813292
1,-10.6265633566986,19.819279395908,11.3898679751314,14.2029727635417,23.8060298481812
0,9.05933203268466,6.07264847743556,-6.07899063878693,11.2174954741197,10.6795185333871
0,-8.1804016068877,30.0850806266189,-14.6016015774152,9.2226801278366,8.93204316455682
0,26.5962023490417,49.1269723263992,12.0595629224018,11.2595685730755,11.1043525193167
1,8.31331400432461,23.1509057826706,-5.53031360512518,13.7206058576494,20.4027790955305
1,-6.84188395204826,23.998972933815,5.63018850610174,12.9779468201371,20.8048941150078
1,18.5286244017512,0.932197522981447,1.83006302074256,13.5459100660673,21.0379950624915
1,26.468501876638,-20.5968540928118,1.31050116351131,12.512698548485,18.8313947243098
1,-22.2218209796549,-10.9351515293171,46.9053907692451,13.0220544598945,22.9347735154108
0,-18.666823992946,0.0302017669076817,1.71136661046743,10.9464359267022,10.4449544298041
1,13.5810369910832,15.2743173365778,-9.59065706826554,10.8554257260743,17.8039502482795
0,6.45390416646853,10.5449837721154,18.9354505345867,11.5415590060504,8.83391734700057
1,-2.00932420222751,-13.1391298419095,37.292551209386,12.1184567154016,20.3156509381958
1,7.40931442742378,-13.9618756112657,7.08722129500807,13.2511000088528,20.4097641280835
0,-4.26579862015182,-23.6961923156219,-56.4188001501399,8.89392886187417,7.43266773703618
1,28.026554131969,-10.7458788750283,3.89555260396124,13.8009301697359,18.5052534434938
0,21.1085557944802,-5.81934950340654,-0.585006982548496,8.96702438925912,10.3769769234795
0,-12.7551479104723,6.04755742177387,-0.807833669903059,9.53114809919654,9.82336996317365
0,-5.03533762085226,7.67533298332074,-39.4633033561478,9.12096862255389,8.54111524245135
1,3.42170888627984,4.02875561341969,21.5736144910894,12.2447889018605,13.4568370249013
1,1.52706007398764,2.97209595491626,7.97781547354845,12.053541747135,21.8203620966497
1,7.29633093384882,33.4313800968094,-20.6374920950143,10.7155818685729,19.3666000069629
0,8.23694246924662,9.13673755997891,-14.7596975083172,9.94482120686627,10.7378397654712
0,-20.9942962736014,-2.63120629081381,-6.65988925912414,11.1520482141908,11.9368474718577
1,-25.1559757940408,4.71901941605487,14.2081391091612,11.8005931901294,18.9820276768323
1,10.7129959436425,44.3985950439301,-11.1265826643748,12.7565881193787,19.8626918234461
1,-13.2376386858952,-7.95105478890141,42.8952670408888,13.3037040784663,22.347379200555
1,11.5351269364507,-30.0049331849401,-6.27053242800609,14.2483412327785,22.5589418996626
1,3.97560434256611,14.1161990716773,-23.9950659727509,11.6630590743079,16.4987743242382
0,3.82247868682658,58.0316203873063,2.91071373319893,9.75621635959452,11.024286881996
0,-4.43221644955735,-6.94719085499827,-8.21252020943896,10.539650688585,8.37169012311875
0,13.4537441232186,-19.5720823573452,12.6857247826413,11.0479442245337,11.929708476947
1,0.387913198270291,0.574187689456163,-4.67787681347168,11.7550362143672,20.3693444894998
1,-1.28111459477117,-5.32930133876591,19.3523006579519,11.653655506575,19.2389729842024
1,-5.78469122194006,10.8913354080482,11.3377481047312,12.7703950078805,21.8916237071092
0,13.6902429703261,-14.8338049321927,5.86662569345388,11.4800184495561,10.816941128412
1,0.843819604271807,-4.18578806051257,-37.5647605777567,11.2913014709645,15.7893021924502
1,-20.9374804321471,7.40294243020131,25.2790034664713,13.8564588880541,24.3348668664076
0,-21.1812575532254,10.4437012130678,-15.5451680129954,9.70006427441099,10.7006178870634
0,-4.97076393094679,6.53153701231844,4.05626765245182,10.3355592303546,11.6439749710796
0,9.17234173923736,2.88413869716678,9.46867336934426,9.83946632205376,8.32491899488201
1,-8.78938607215957,-0.130887988271571,-23.5936672237128,11.5173928983024,16.5073067678571
0,11.8869507949299,20.6238217972168,3.78419331797282,10.5971592887768,15.3143581668312
0,-5.29728560565736,9.41232423864764,-1.22640410393497,10.4913943221441,13.3867902009292
1,-2.07358514246786,4.48954475968968,0.306007828561229,11.0376659217306,15.9989779016226
1,-1.14935781128252,19.4336401832943,39.6246579285001,11.9454791928526,23.9094457683843
1,-19.4091207392253,-3.51599389305494,13.5649532281768,14.472703599932,24.7397846588721
0,0.158047320817962,5.96878413035692,-9.1261947720097,9.07463289185278,9.26258814751518
1,-8.13100437012672,31.7461994862982,-20.2436144919094,12.7368724320523,21.7963650806174
0,6.92744086861217,-20.047873030895,11.2360005990401,10.3108153910572,9.55210792385599
1,-9.61895894980058,-18.9476051190506,-29.8919217715097,13.402018093163,23.4149284089127
1,-21.2984059251809,8.29860491807078,-21.4296262010991,11.2111762113239,17.1926531610138
0,3.49879153697818,14.7041271678211,-10.1099888552526,10.1534850828135,9.97051275795947
0,-8.10661125841035,8.02438890933638,-3.66309606333903,9.80895334672448,9.30521956502158
0,19.9904604590322,8.32604799484757,3.74115161086924,10.3494128667323,10.3696790701687
1,2.96149532805198,11.7375376071458,9.97644714422701,14.1367349599918,23.347527754274
1,-6.67435529505601,10.9741888781596,22.3564284721194,13.338970604612,20.7721658759221
1,-13.9611579032183,10.35391946983,5.24526640199759,13.726644326905,22.0723121097862
1,-1.09689513572456,8.45712014128891,27.288390387245,13.9438532247771,22.760252758509
1,9.53355331581119,9.46429927131481,34.59044083747,15.0411258792211,21.2871390316714
0,-15.4495463481432,0.580087422638645,-33.0279726809214,9.12149642764252,10.0358351574605
1,6.01447258719219,27.0281312678186,-0.80702049868443,11.6097192215684,16.963906356264
1,13.913970967317,-13.1537021164143,16.9852706451751,12.1104139155077,15.8702712257498
1,0.0153218799302465,-5.72034703472563,-3.30343258805974,12.3567565639614,20.8767189492532
1,-4.31347552728785,11.2065415897209,-15.5415048686754,12.2713650115223,20.2954716179765
1,35.8223289719906,-2.31939572514011,-5.89083763605025,13.0599009095954,20.603781443033
1,3.88604922930293,52.2517058050282,17.3622130635505,15.1017684221819,25.9050894241261
1,1.24199825455249,3.0882135531522,11.3877376198479,11.1950718505101,16.1561550245659
1,-75.6509186093904,-2.63983820970373,-14.3412043130966,11.4305321547951,18.4527242312313
1,-49.0117274403568,-11.2347117194511,5.61989723539135,13.6705590805775,18.5426984111915
1,37.7441399498695,0.832395515270618,-27.133708484389,12.7940097673251,20.6799810075971
0,-16.981353382596,8.2114815564596,2.80477909704565,10.4582341491126,9.10271982097968
0,9.48206070972374,6.56629251536459,-5.95726874466963,9.53243976945449,8.68581553668409
0,-8.46581868615378,7.01443858669318,-7.56721742105663,9.15712445717354,9.16486108978941
0,8.65439974093739,-6.76883446766243,-35.8117350430907,10.4027965263753,9.95029651842832
1,-9.84497584454023,8.59375325131377,52.427510012596,11.8391140487361,18.9882429791695
1,-0.55185225345463,-31.990289036914,7.25269937075026,12.655350932441,20.1779359219972
0,38.2038646002713,-10.0246241442125,-11.3287438119867,10.9385781832098,10.5872967218994
1,5.78930844856034,43.1427508206361,6.01125474435303,13.7424239708602,22.5015725248586
0,1.41473798696064,-3.5998920252417,-11.7509326112795,9.09777858965676,9.04859257632992
0,4.06299762675343,7.10234182343572,-13.1367268912378,11.4402101017285,9.75401255285906
0,-13.119200383235,-43.4827863982548,1.79926849854902,9.91434268666838,12.2009463552328
0,4.93885510500636,1.06862761663986,12.2777654585376,10.2636787458819,10.396728902727
0,-4.56881335496413,-38.2212526676578,15.9474735108601,12.5387326182019,11.093043391621
0,-5.85847547541948,7.5429331023169,15.7537967634862,9.60815599179839,12.2934384714579
0,1.16818431971471,7.03208646691991,-6.11809519021618,9.5162587523244,8.01648130118517
1,2.181854447743,-2.83918047848964,-41.1279835970282,11.5449487645895,17.8838741494877
1,-4.97961045151721,4.94245027095634,27.9251268622155,13.1956183636914,20.9921581487371
0,-10.07057876893,7.39985559443054,-21.8555160239901,9.57147874375532,9.01234993849019
1,16.8979904936741,5.40667452359472,9.29245877562133,13.3465770255397,21.6399461626581
0,1.16815951933043,6.58772446025078,18.1966580613866,9.36114409408492,8.94961917391479
0,3.76919520630176,8.0213798852694,23.5371417593395,10.81948531137,12.1459416660354
0,-0.782052328564852,-11.1843562916968,-17.9627260164467,9.51217375065198,8.4143604664832
0,0.854770796866508,16.3425272769899,1.17330489257696,10.2381894923505,9.87266570531182
1,-32.4750869224354,31.9422571221214,-8.32773284439642,13.6297485661822,20.3345914591362
1,-6.38624883522188,-2.03827239658357,10.9142099921928,14.3474852864592,19.1083773966549
1,-9.42950992636862,3.28384833905704,31.4183510002364,13.8792494991911,23.075417023551
1,-24.286576313321,-6.21299042471624,-11.6943927553309,11.6119504113582,16.1650894804138
0,-22.6518625194623,10.4519671118111,4.41296136273617,8.76894631295085,9.74399968826985
1,-21.7871545119592,2.33697492470994,-6.11757153755643,12.8670988231539,18.5199788844028
0,-13.3343305441177,7.52299952916179,-31.664669227049,11.9496678021132,12.4782014909003
0,-2.55505957017049,11.3540636549512,-29.5304396924969,11.3338880288823,13.5319959099648
1,18.7680064045721,-6.41201185546922,-9.84543959821373,12.8830118216341,20.0729461733129
0,7.07145051216253,-8.29938126498026,-3.30576985925912,10.5499747474672,10.9892222665433
1,5.49746508399184,5.06064608970482,14.3865473586034,11.9373313315015,14.1293145177188
0,-7.44654345765573,6.34489413894394,51.0761046774312,11.8089994444091,12.0522775335834
0,7.32813224821067,-2.1888429148853,-12.6693407623942,10.3115671892097,12.6984089963669
1,12.3594646349538,8.74771096409937,5.32110750174834,10.9948079374534,19.4806874866429
0,-13.1469377323762,3.28780189848779,1.96182366016644,9.60266818789506,9.22075527209039
1,-4.84064497854492,-13.1183055108328,5.34031761163877,13.0490327226464,23.1215741989976
0,12.1296254873688,2.9919560288254,-31.7408833123159,9.58848189028961,11.8629936819794
1,-2.56835928460147,49.9485343194679,-6.82139154080013,13.8840360836432,17.8249766784274
0,-2.00782455563485,-6.70556940107453,-32.5961171581035,7.68014000135426,6.53204439473905
1,-49.4754550951811,11.3775773901336,0.484848629743857,12.8696631708542,20.4052483347434
0,-1.97496878671851,-9.97766131736343,0.655257423425437,11.7024120413338,8.83800161437681
1,9.74610112759515,-36.9762229680772,-17.130574727671,14.2238047961429,21.6241703998264
0,1.56679233034308,0.0558874819802667,-6.54833646673519,10.7199378945418,8.48650466210246
1,-4.80686736157761,7.18291201590404,51.8803476797194,12.2072787518163,17.974535106413
1,-8.31418782627842,-0.0752348751121181,31.0454216970866,12.4052599173999,22.1500126485376
0,0.307250000316411,16.7775987474453,-11.3666166973819,9.70411976311497,11.1078784429375
0,-0.458066205927315,3.0311361374617,-7.31539732614173,9.03989333503372,10.9165440431373
1,4.1531274143472,10.0758987445201,-21.5691905826642,11.496810101836,18.669844807622
1,3.81385626127415,-27.9620507912113,-27.2517691786084,13.6609755343924,16.9839228796568
1,-10.5309250849041,2.97207374574278,8.59229152187157,12.6636659575008,16.3653246226091
1,6.86129327217781,18.1987705272766,-2.73452153127706,14.5963102254268,21.0493057587466
1,4.77048061184947,23.9583241693297,-24.0178169852804,12.6443121958142,16.1808752143756
1,-38.3591980805111,21.799356051543,-3.57715360343753,14.1899585030321,23.8963402942992
1,3.22640279370333,4.13065426041441,1.88115499691024,12.5232395773253,18.7925804718364
1,3.31451741312935,6.6121581705921,15.8274090342132,13.2298814861732,21.2655285146285
0,12.6142637983916,59.8644091810566,2.4663287454381,9.60173049765203,10.0608457168803
0,4.98232762581935,9.26101570512848,8.99580483812056,10.3340122076774,9.33926738062132
1,-3.77607381658663,-22.0215267730842,58.7372045414337,12.883185775118,19.13633930262
0,-6.16776395162545,-1.38689689715561,-1.21785782378956,9.0455576686983,9.45038954896613
1,6.86039697126329,-20.9275408157027,87.6444024564876,13.4480974593542,22.6467963016962
0,-10.2845429496217,-18.3340202089864,8.42984660484039,11.0503956519548,13.3070360322049
1,-33.4036363751504,41.069191008931,-2.82102160641945,14.3602340504566,22.4054339472186
0,-18.5989600303198,-6.34288770593386,3.32177520552707,9.28930367136383,10.287672669237
0,-9.07403619420142,-6.87264238338835,-3.06978630376142,10.909777371481,11.3088450236361
1,-9.83408847424096,0.573387043434803,-18.6300272118932,11.9902980929182,18.6877222691111
0,0.824267124243093,0.484132003733354,2.00197059999472,9.98373099444793,10.7340839111244
1,-6.91226024855586,2.46218183326093,22.628917612011,12.9942536441628,21.5335883235076
0,-1.31599351721091,6.13914018920096,-58.7552208300451,8.33470070411542,5.79127531455784
0,-2.29875009008604,1.43100848631021,9.85695236662797,11.6585805810781,14.7921991626859
1,-2.9976217130853,-21.3650283431023,-2.10224093047958,10.3642452457865,15.089190794604
0,-0.155786923069002,19.0270664959256,27.8466270284098,9.70608517951591,12.7728945957827
1,26.3204340745445,11.160931179849,51.5932074885991,11.8300404298269,22.015303813752
1,1.84956180668266,-0.934508880404895,-15.5705713934812,12.6268505932996,21.7210331650892
1,5.46389175990633,-1.88921346222654,5.64741897115274,10.734197148858,20.5846566902219
0,-4.76930358067943,-40.6819502193849,-27.1960067977424,9.42268092696007,10.8300912193835
1,3.79823145851095,-15.0809712344789,-39.1521866948238,12.1094396935968,18.889775310535
0,5.92940535679699,-10.7109823011373,-14.7479321950153,10.6981167051239,11.7100713660614
1,29.2222086333786,-15.6381364036866,40.5605017756182,13.0108401082813,21.1758342985751
1,-7.35899539223141,-1.10846986218214,-27.5732359824639,10.5153490887094,21.0645179194722
0,8.78494038626912,-1.30560589748598,-15.5704450262757,11.9011329201322,11.4464834579334
0,2.33971826725294,-4.10961121628621,31.2721354279279,10.4545383742613,10.4279484642237
1,6.28223463036923,-20.7873453011574,1.29152402678311,11.3558083985279,17.7620350979279
1,-4.32193735699435,-16.6028336612091,14.0823785775383,13.8117891319214,19.0668863193225
0,5.36675864687608,8.22106609667939,-15.3496331605854,8.35038213571907,9.11003834010022
1,9.00138377932652,-11.6386653201123,19.3094271779341,13.4004003558059,21.7707794460211
0,4.02098908835216,6.46448317908637,1.95225078842141,8.32995756039301,6.34677114207468
1,-2.53313903918184,0.412810674264456,-0.00379515596508817,13.342695328228,18.9449610632545
1,5.39814086706371,10.5496698684245,-21.3631208696454,10.8977308981305,17.6424861034082
1,0.937323195281397,33.7189546668116,19.6679892071581,14.0973692347449,17.4471860873982
1,-25.3814646901694,-0.159142590213034,39.1653912015393,12.5763802896814,19.3797414382852
0,10.3796085464921,-21.3976164997972,2.78904286352553,11.550562929652,12.6041952038822
1,-13.8225456317231,-1.23498919882608,14.9681334394428,12.9643514827167,19.4802304318406
0,-3.45422372694315,2.47633705880475,17.1729357819053,12.0211773369578,13.4554327484785
0,-26.5540846440257,9.53096252932452,-8.30115455199303,11.2260907611578,12.6620728806255
1,11.0590354627589,-23.8169339084487,16.7199356389207,14.3203597570643,20.8173003175284
1,5.5284748180716,-30.299479035357,14.4344011068784,13.3884270184902,20.8646876248088
0,-59.8030400146889,16.3021686512992,5.91008479219342,9.64190324575165,9.62232954292575
1,-4.76249819109913,-14.2290807599741,-21.429347034339,13.3349957531787,19.5637118651092
1,-7.51341900193214,7.38548705076038,48.5260327815954,11.7013671102836,20.2732849920681
0,-1.59587951464239,-12.6636950469055,19.4807165074389,9.21084335383194,12.494308865637
1,17.3415355147669,1.98228114777719,-15.4525248357749,12.4708764027771,17.4159082410329
1,8.08893276452822,-2.66864476315547,18.891030768344,11.7085459158386,18.706222336807
1,-1.6018906582082,4.45438777780374,-0.283133319234997,12.9833623020502,19.6046603295746
0,8.96532844056947,20.4970490888734,3.99024892618884,10.6333427525046,12.2920849204122
1,2.77749392889151,-12.1516593253469,54.2877610836553,9.55582528719129,14.5946764550667
0,17.5323370491645,-19.0041080405394,-7.17197350698542,11.0851259604473,10.5382800458598
0,-16.7377746677991,16.2822440343544,1.32268544190236,8.69727066841267,9.24131352314064
0,-1.50027805623945,-27.6866966764966,-5.81629055856666,8.76767360125333,7.33300793911669
1,-3.37053993706339,-4.81705638450299,7.38481290209086,11.8136113176578,19.3791505235214
1,0.847123641003836,-26.3389135538747,-1.97168288747438,12.3136303855938,20.2580431826872
1,16.5464457025144,0.218361523611576,-7.40933324158672,13.2345050137716,19.8955906519082
0,0.841943066326639,-10.5536810873459,3.54773647330264,9.6696392065684,8.2135911391044
0,3.14421967470436,-5.40090582552937,-6.4571493396078,10.2270310820311,8.43097543631353
0,14.1938458275382,-37.0766060897074,-47.2041566508241,8.99896699435715,9.3651492125735
0,0.855472950938779,-0.256693476121866,13.0470766249937,9.94307981600658,12.3767175529992
1,-19.7253242648684,-0.201544581405373,4.77692270522984,14.0037236528345,20.0190998660839
0,-6.22492902361037,30.6862320859937,-23.3303712058841,10.3248049468825,10.5009582781017
0,6.65756455183321,-26.8360704175564,7.68304501770975,11.4914017822115,12.5312227517685
0,15.2708411688835,4.53565318048307,-62.8953460624353,10.5678734104064,11.6169710644581
1,9.60946577067227,5.7666838729881,-1.13896071300415,11.7765147832738,18.5643993911911
0,-2.34602860892567,-40.2174635286498,14.4404663954852,9.64111147447445,10.774016643789
1,1.63473752996843,-1.27933952656148,7.99691683491491,12.7151658843895,21.383927020476
1,-33.481378742912,-0.457038261930013,-29.8003996132556,13.0522859964433,21.3106544802605
1,6.51065450878646,0.600227146211549,25.3063387510146,12.0242848670354,20.186668153929
1,-1.22186089161174,2.75452788604493,9.3943329676389,12.7947533393233,17.0210285046439
1,-5.22773691090387,-8.56940842174601,15.7469880558375,12.8456170373655,22.2115907678408
0,4.64503442731701,-0.835626599323533,-2.92694805277082,10.6797486848198,13.2256756100637
1,6.17154870733755,-29.6676486327042,17.4973023433026,13.2365050720314,19.1775966042311
0,-1.4457289716237,19.0873030988039,-12.4471890487637,9.91711204552719,8.48424831522207
1,1.66989265541491,5.3485639328433,-11.129667357966,13.1668545902631,21.0162009458545
0,2.08494657320378,2.19091180458721,-30.0761577862706,10.6750787437703,9.90988382355929
0,-9.26857422808157,-4.66416424899769,-4.1607397206468,9.73709025264145,10.8521423299245
0,-18.4377440928822,-9.52312991872373,9.60107270118892,8.98777385159405,9.45627279807275
0,-25.6432341327217,9.20703585291407,22.3800044273194,9.58561353910626,9.58499895262818
1,-5.17856821677177,27.8891967224754,-52.7150118927493,11.5755902887155,17.3955921774551
1,2.04935384394734,-2.18798919560451,-2.40013043883237,11.5093672082817,19.5961741685641
0,6.73210868686196,-21.5936135164633,-35.2848496360474,10.4754313296753,5.60175675775518
0,-3.97960057683375,-1.16401516386788,13.0300739991101,12.0621305116706,13.3704035498519
0,-8.4295195076144,-3.58479680163571,-8.08600875061078,12.2967390950283,12.8794599875503
0,27.0367711112048,0.221887990568387,1.55904903057556,10.7583667690519,7.71128679965919
0,30.4979457395573,-23.4692883331478,-6.64690981343659,10.5026294726785,8.51428147589861
0,8.85581893173027,-63.8696623587387,-14.2901517403347,10.8031639942202,12.6366172703995
1,-2.43883850102314,-67.4352270264734,32.6010423970759,9.95281036740933,15.9289923959623
0,6.50086019685566,1.12212827782271,0.34782151545379,9.42617138719121,10.2723283273499
0,-6.2189034095892,-2.89801553697099,-10.7976659986658,11.8978865568437,10.3192569468748
1,-18.5213432320978,-41.0537242252566,-5.78125430487204,13.2279015004806,19.3142539215778
0,-7.13594039004619,15.1646432667516,-22.7643829927385,9.96391494681199,13.0661158085798
0,-14.6360341057954,-21.6041670936553,10.1785069839993,10.7333959798946,9.76402128225881
0,3.50679514590177,12.7901499762782,-2.45608966125022,10.219966903432,9.26749167683179
1,-12.4498170536258,-10.3848083985662,-35.2636991039781,14.7581254649709,22.0527009904449
0,5.65040064349645,7.42368803250999,-27.1971602785218,9.52087619615631,8.37015614057938
0,2.36650153731583,14.1249335315531,-20.2204565386848,9.45439079045602,7.55832013350175
0,11.0245831728302,-14.0376850314496,31.8206744381009,12.2264544961072,11.4105177198642
0,-11.4014659100791,-16.7625835702642,0.421684821992189,10.3970281153214,11.1156565546529
0,4.87649892619176,-14.6705008987386,-11.3424990553392,12.2689063209476,12.6072868365418
0,-6.89646843618088,10.5735035975535,11.4939317155124,9.2395286571749,6.7216606871538
1,14.7694031790938,35.8016701882913,-21.8649433094819,12.0923490611065,20.2533323798925
0,-3.58164100073132,-10.0686267892139,-1.05139700712412,10.4333319029131,10.2275314051336
1,3.19618482911068,7.23716943626541,-4.24764251699877,13.2304125784276,21.6129563450135
0,13.6771205026367,3.37880829926335,15.2164997606034,8.51847743498053,7.51108097561516
1,-14.9782414274173,4.74253668776573,10.2962910720814,13.4429332254354,21.6173991380685
0,13.8768546745895,-6.97836895674733,11.3422207932751,9.73114396576547,8.6648778238754
1,33.5945202834048,1.35396373768283,10.8139156370846,11.1719833257205,18.8516248145861
1,11.0798819926465,-8.88953001908302,-4.12786787746243,12.0560386006296,22.7771381171961
0,-23.0982654448559,24.1020690719948,0.611304397631742,11.0955816793951,11.0371760744393
0,-16.9996164358031,-64.7304241230998,-18.9309757315016,11.1905273936536,11.0660085933525
0,9.87500267333563,-0.600228574697925,-2.11159038636405,9.80579270590546,11.2739642642993
1,3.0755789833104,2.51506393808369,-22.7891406664146,13.2928299058211,17.9464793457564
1,1.4477626298074,5.3504591044802,-4.06411744392955,12.9819201617474,21.1869223878554
1,1.2891428807248,-6.79663823163084,-11.8930941796286,13.8851539015706,22.9850707811602
0,-7.3587214880641,-0.0298904289739182,-13.1722192079779,10.6324367932576,12.895705719191
0,-7.36266543137963,-29.2852400274968,23.6455004934401,10.8909320899931,10.0431793061098
0,-2.38594288957957,3.64335143747626,0.852566125194271,11.4684068493099,10.2193577230815
0,-4.9029281349051,-4.70991487738586,13.4752051185904,10.463075176238,8.24252106420007
0,9.56946367977137,10.6277729065952,6.41816792870949,10.3449250038596,9.13312882201294
0,-26.0438834172977,20.5547865695975,-17.4261626136483,9.97904992982408,6.80431826243013
0,5.53556458824007,-4.8141643635454,15.3435697864013,8.89477759896027,7.4423035945329
1,24.2369516193769,16.07529872238,43.2205938372216,12.9512841342225,20.1255955575632
0,-38.4020903391406,-24.2204559825947,-37.4420700196648,11.6394304946607,13.0089584370081
1,12.6821330324157,-1.63123143635999,-2.23844816341071,10.675664585825,17.4210500408212
0,-7.87061256046815,-3.92458005491347,-24.7496784272153,11.0954281265195,7.64294465745804
1,-11.0811294832591,8.53358702233582,-10.190787352038,12.3485254793708,19.3157783705081
0,-6.45495019847285,34.0038898758382,21.9879709266406,10.5052499696809,9.35560541481797
0,16.5812939659922,-19.0723433498038,-12.2369756595492,10.5609147572824,11.1607957342353
0,21.2998989106139,-19.9449151545234,11.8830961517663,10.4047993122182,11.0142878233315
1,8.8646763333973,-22.260347299212,8.43728559321608,12.8662507820235,20.4645075067331
0,-2.32513120296172,-18.2753464341202,11.9873344561628,10.2469027803976,10.9731682615902
0,-2.54404904558581,11.3833350481408,-5.30579339114359,10.2202467310545,13.5285302666106
0,-1.18849817866909,-13.5581896779331,-5.25192971886517,11.0763289783619,8.89184250196562
0,24.2800813364562,15.8990730649894,7.21731784263548,10.6912896821216,10.2636886767644
1,7.10158485747013,-39.4253022934325,12.2664834805118,11.793137948454,18.6166448247958
0,-2.37324893230514,1.03865254390477,-9.80623957914628,10.6160083633479,11.2546405376005
1,-12.2752041447884,-42.9942841753916,3.78419473435523,12.4003710791948,22.3761800528788
0,-3.15713503149004,1.02307692788663,-6.76896454961617,10.6813013425536,10.249317596039
0,6.45246438279133,15.7876967827335,-17.712981556847,9.83320343218654,7.10308333768961
1,-12.7328697597173,2.70456483165518,13.7986833242012,12.1432634962464,19.3128113442703
1,-13.3809825824953,9.18756609687706,-13.5314685525737,13.1288648508821,21.8726650152331
1,-9.53131693801256,5.25148699898492,15.6043784776946,12.5454878819701,20.4002549831229
0,1.67701524400872,30.4712848002457,-4.81493073624105,10.6157783178455,11.3977098511874
0,-0.374672822677123,-47.6705157894842,-2.816142548087,9.49280828088363,10.3798267804746
0,2.38057756104702,8.26654743396957,13.1550178171173,10.190687194324,9.9195635662894
1,-1.07759046062255,0.987973060214945,-9.68090189181172,14.0268323538417,21.102501109784
0,-7.21229126776975,-14.7003951205108,-0.0849416060548292,9.79936088393548,9.74892328658346
1,-41.8408578511844,-1.92106539101695,-17.8441599159903,12.26644205181,17.3311788142971
1,-23.1224720554995,6.59262807441476,-7.45447036083627,13.0071885649031,22.46913982107
1,-0.0704303716034226,-1.15844790442905,-46.731906342461,12.0516967840072,22.3382656053322
1,-0.132922146425682,-28.3761569242101,-11.5130568182075,11.9438858543612,17.9081919481292
1,17.875811530061,19.8916124211997,28.5060139661369,12.584044730799,18.5403862117416
1,19.4154403027455,13.6027555742775,-34.5390196959892,12.4298911791374,25.0118225622576
1,-0.0873730033867535,22.4687874061979,14.9711647438382,15.0685985323331,24.4167057944538
0,-1.16996155341554,-8.10630872891666,2.20314101045043,10.8565909756299,11.3788338650838
0,-8.54418732879647,21.8716290986217,-33.296431081022,8.84993258198319,6.42772780347567
1,11.2456421426784,37.2287302767986,-5.42184743072007,13.4518721099828,19.0321195893679
1,-11.747562243893,2.8914932975261,6.9322516820331,12.2498031740487,18.9926905050379
0,6.53753784706642,-30.4501384401097,-6.90695405197653,9.10979982318036,10.6150193493333
1,14.8909232033754,-4.12436714508654,18.7591799134972,12.789087876229,20.0683850557047
1,5.12537710887383,52.4137099981263,37.582439664387,13.248970431966,18.4775685553194
1,-28.5337914810278,1.57306322714249,-23.0017761646275,11.9704767368262,19.812517828567
1,-9.06483780624176,0.544600307020037,2.9868266740601,11.8960470394432,18.344672184691
0,-16.8956648900589,0.370989548163394,14.3004779015825,12.6249615939466,14.7328040601676
0,7.91970105794294,-6.00000981801945,-11.8105077762023,10.5524428925606,10.4909905340529
0,10.3999000607826,2.12723977934281,-1.01700783464158,10.6727732075015,11.2352211230873
0,3.45316679215828,-12.3432727400968,-0.780099016819434,9.78214281655764,8.89500200831283
1,-12.4232566034326,-2.93088120071562,16.3767991596098,14.0447138700517,21.7761005670411
1,-9.86134654167731,-23.7525744023843,11.3207874931671,14.6217779411984,18.450363655741
1,1.97333515867791,8.25020971641762,19.6013380628943,11.3709401571223,19.3086692076205
1,-7.61026904523959,17.0893430077678,1.03639232082183,11.5721901653102,19.0360876059815
1,7.9050932717903,3.60497518060257,-5.82514606958152,12.7897966734422,19.7596256571315
1,12.288467818884,-7.30333211012944,-21.2575938323976,11.9052642009452,18.4928463816593
1,0.0949442872636051,0.54610958467116,53.0389935136385,10.6384636384677,18.3232522388621
1,-4.10127777998709,-2.24389349338639,-0.433533498567124,11.6481449258625,18.4328377342167
1,-36.6823076601326,-6.64683255838789,5.30711697099462,13.1059209336679,22.9653501650768
1,21.5645752884597,5.40534423824371,1.06091050687792,13.4414117591821,20.2630697088593
1,-1.25052848219742,-40.4780938700644,-7.01767156157662,12.134640378638,19.2417709323418
0,11.1347690139381,60.4081663923758,11.7919514297287,11.6074780656618,10.5397698268173
1,-9.13247513725335,35.1087438893998,32.4121663138106,13.3541442720384,22.5128298110624
1,-14.1194844340092,10.18313187582,-6.61037723090568,14.0050845911516,22.4762592045958
0,-13.4736304589426,-16.0375738639569,9.80389302779751,9.15862026825819,10.3077364782701
0,-19.4668082770128,19.6507287586948,-18.1731848951937,10.7376917476363,9.66201203584259
1,8.26947703946042,4.99643488169148,-1.91866446128248,12.4199122214655,24.3084062736291
1,19.2790458741151,-2.14084270630239,13.204878330683,12.4849801982916,18.937460125568
0,-4.84669156586877,-8.45417349435542,1.96170601761378,8.70981604586936,8.37090150316544
0,3.39599981365594,-1.14641176991089,22.1610789779392,10.4673577722341,9.20205794835489
0,0.702418977404246,-11.3480767002328,41.8479467182379,11.0508071094984,8.32521175637346
0,6.0089888102818,-21.4774314897373,-0.0307774708657731,11.6449213271222,12.741630644834
0,5.66216078417974,-22.2603205599904,-2.25809502527042,10.1384383286758,12.4331345969618
0,-7.58706325197837,4.88429500641717,-8.76746779149676,10.4917110820593,11.6387220331805
1,-4.31020699283745,1.24618813598936,-18.40193946339,14.3586354762162,20.7113189684722
0,-9.40012521651665,-5.34399849071362,-7.97792610374853,10.640967450455,9.9757695163758
1,5.34392087917934,28.9291855462791,15.547725963591,13.472277800772,20.2245217404148
0,15.1125304731112,-18.935576282574,10.311218174245,8.76815418596007,8.79207264910453
1,-7.81866352953521,-5.90402736078693,55.4510731192343,13.7189447208305,18.7455156875705
0,0.579055560304301,29.9356789426851,-6.84114418495305,9.66778706570318,11.9611443298092
1,-8.28031256672331,1.5873526144474,1.17561710982179,11.3994002210204,19.0583573262888
0,5.17315337612058,12.2840424994889,-33.7718489127646,11.7763073505298,6.935090533584
1,4.71909790051871,23.5156683387247,-56.563081044199,11.6617101472903,19.3770876611403
0,55.8440071025984,-7.88090111342531,15.0426789244011,9.65756805430859,9.07089915428699
0,-8.2187145463856,11.2313937673229,0.838366993215687,10.9618845923891,6.09476974120225
1,22.711471240531,-19.9174608564486,14.9018981953791,10.8753498863146,17.4658204609864
0,-2.60228091833057,-1.35482378372479,-24.3223202411794,11.6031240105,9.33012195476383
1,4.98617675350552,-5.44793420661623,5.06980665366525,12.0370423886601,19.0603232523994
1,-1.64165347046578,22.5585178547,-0.390711119085409,13.2805224372612,19.9665349002888
1,3.00259719457558,47.6297298159748,22.4184195370798,12.1406120620106,19.6540113742
1,10.0473502428143,2.08627904421238,-4.82827613172454,12.3294634467521,19.2008452123031
1,2.41841153059306,29.0398737922574,-4.14076780670052,13.4823669261817,21.0689883404352
1,-7.68943090550938,-7.3629998011209,1.87652939730017,11.9703533585527,17.6076873128128
1,-11.1056865464693,-2.51756362754607,3.15426511712672,13.1207547201053,21.5318218602514
0,-13.1221021303226,22.3411296193823,19.4854037774481,10.7388341676223,12.5865201680056
0,8.50126493216652,10.5182856714291,1.46307011364394,8.97252566139692,9.56067946310751
0,26.7386494202888,46.7774402949377,57.5111942304996,12.8331915253546,17.7831101644124
1,4.23118391829725,-2.01544628809326,8.48187090868908,11.1948131770364,17.6457474240871
0,9.42973929991891,22.4352267247896,-1.26084870408756,11.3920980347841,12.9486073128332
1,-47.9942015485858,-11.3913673182659,4.44294319101041,13.9873779604396,21.3695837150151
0,-6.27542367840273,-17.8664564044783,2.99249959394605,9.64254313888892,11.2713626216041
1,1.19196532047522,12.3864184214773,12.4016225132259,13.6214332005036,20.2751386684172
0,-3.87066014831252,34.8027440931484,6.83178283156716,10.999966305588,14.4256847526727
1,-9.62500515082371,5.95456910850612,0.283607359474066,12.7990368389683,21.0698416822531
0,-11.2278059282551,7.09098191017237,-27.4086087363705,10.8927522873193,12.2803431971907
1,-9.63121190188772,-36.9851231271128,38.0007619157905,12.3351640036705,20.9536737351017
0,8.52521763949487,-13.3627234299565,-12.7308580020666,10.66539462641,12.0702503156992
1,-9.81998794913526,2.68910782702513,-10.8588811338422,13.878974768126,20.0386823157372
1,7.72107654591172,-15.0856029511225,11.6414446977482,14.1892686137287,19.9799251678734
0,-4.96498091373749,-47.6263222985383,7.75521871921061,11.7175286456656,14.873038770874
1,4.28496615172483,-12.4220353632406,-18.999508139706,13.9849801167858,20.8278508282577
1,7.89080966469183,70.2524305025496,11.8184129974223,13.314008111126,19.5283899129501
0,-16.017810915283,-29.3899926018797,0.539000979931621,8.30714627693626,3.65941389475439
0,-5.92800093709938,-5.44173800051734,6.4872762493076,8.74471717051642,7.70794480290528
1,-7.68161681466155,-1.62116735095873,11.0845118855575,11.9360485684198,19.6463918808748
1,4.00329575610742,26.7032516154456,1.633906738164,13.0798056846828,21.4712827428718
1,19.9536676186204,42.9119266447455,-34.7829254018369,14.0472529098257,24.2718347566704
1,-18.8017447011145,6.84542317549763,-19.9041117495807,12.5343407109722,19.2945180019526
0,-6.47060703853604,-0.509633245657253,34.2412428275615,11.0444701531981,11.4092582172604
0,-42.1282178626204,0.0538758626189522,-10.1072768867548,11.6215652755909,12.4179565776634
0,-11.7589653297566,8.7356984265378,33.7052338202918,10.542273591265,10.0934565842085
0,-12.5724223848883,-2.22517932126189,41.0160140418935,11.0192323176258,10.4386458192868
1,9.26714656127617,-0.460838400890794,20.3480994607123,13.0974641948386,21.6552341092686
1,0.0669208622585106,7.93585446502573,0.199699946473682,13.9753896526731,23.6024005643143
1,-3.17852203132078,4.09418954497955,0.521753603553256,12.800106501677,20.6705751753604
0,4.76298295196024,5.32076921026905,2.93500358753668,9.05659954303836,8.75363109142579
1,-1.26227335986824,-12.2382853768469,19.1953359190839,12.4118534816749,18.2985195967794
0,11.3129542369143,1.56544734791114,53.0702118076025,12.5051400306756,11.9828187032757
0,-1.73754257808593,3.22035224304528,5.07228837506823,10.4846979875988,13.2090767966326
0,-6.39475595389274,-1.55430833039292,-4.03687314912281,10.2858073154447,8.94596185588218
1,-5.52908696060825,51.3130119499726,15.9240368119029,13.6595626549326,24.4062712119145
0,-0.0918077632299182,-18.4547875531825,-8.80064648175639,12.1243977231651,9.0404355994879
1,12.3512553229762,0.605527749147195,0.288524283124427,10.213216626007,15.4784646244993
0,20.5376274875411,-27.5255304326404,26.9832853175473,10.5351961578564,8.79071202435195
1,-7.04996940613176,-13.1366109433299,23.4287063525194,10.6972363976845,16.0710532293984
1,8.60019346962619,-12.2329492409589,21.913702364652,13.0868760018795,20.7589081113449
1,-0.128543642367465,10.5483719048014,-8.9336554860066,12.5518226458936,20.3428526964319
0,-4.38380216739746,24.5381583598674,9.80768897567865,10.4717797151958,7.71496879147767
1,-2.47600464995188,4.04663075117923,-3.95913506256063,11.9497407904785,15.9799591094789
0,9.03101035187294,14.3084954049749,5.59154623895226,9.74397528351585,9.79266580188177
1,8.28487885605358,2.98572568732577,-8.91762745326046,10.5186594745356,15.7184887000647
0,-3.29245032704341,-22.2016009614703,-26.0590579909739,10.150573428774,10.0677459036957
0,6.76932941219737,5.92531545168884,-7.13284247585686,10.4579096846845,10.7373929657616
0,-10.6886690505226,1.87244179384605,-49.6506714325526,11.0249254439482,9.30945685006749
1,-15.2256266231555,-7.59400876882479,7.46007006306947,11.5737508024501,19.1621545281327
1,18.6260214487035,19.7852452752024,-15.8995405385077,11.4518711877272,20.3224688199145
1,-7.59272774219873,10.9776433145196,9.44298967853404,11.3498981892816,16.9090676683298
0,-9.9600776966925,-9.25221596181469,-14.9313200373128,12.4940429444842,13.3521003256981
0,16.51690894666,-4.2244666590908,3.17504809744621,12.1167800413658,11.2589787899464
0,-11.1151965149508,-26.9646890234576,20.1465912488786,10.9111043605318,11.6152027024994
1,16.638864664066,-6.36368875727347,-15.0638568073964,12.9891767245266,20.7402313881625
0,3.92681205997876,27.1345357743006,19.7489824675405,10.5480709578441,5.33004226337064
0,-6.56045243951926,9.85308024129286,-10.039750649526,9.33538951950411,10.6468875318062
0,2.89652332946604,7.43055595954764,-9.39511659497626,10.1896906830137,8.86352672332464
0,-8.04110935213751,4.28883302992313,-24.2573679474696,9.67868954623675,6.24646302430865
0,3.05440815561498,3.90437738175783,8.26078230814753,11.4459740388099,13.0262779160329
0,-9.73930479394796,-43.8216216391926,-15.1698585084827,10.9153338185179,10.6389925516543
1,-9.08065915652344,11.4238395440759,6.02972612017354,12.5953873338901,18.9158967398864
1,8.69822755069697,-2.80182589113667,48.368450149274,11.9550445907021,17.9746032417259
1,-1.91977645798958,-43.8987318682487,19.525386109575,10.9583679672512,16.2091080129369
1,-4.74724672161734,0.417982357066566,-20.2072663739129,13.2301333813315,19.4514058085596
0,-0.467438455539883,-6.60777602963742,17.1056299257882,8.90147917823528,7.65341142297356
1,-5.33309868859764,4.40882823520812,-2.93141128364193,12.1138329844573,20.2149860815333
1,-9.06636514635226,33.8785089560394,26.0149721236908,14.6791871762562,23.3077462127063
0,4.12969594292652,44.4871133402412,-6.84673189658917,8.81491707686959,8.28134954230417
1,-0.655446476095897,12.3213627982116,-25.6225932748679,14.2833813082445,20.9113466539785
0,24.0380956416574,-3.08396962919829,-11.7916804091348,9.5730540199932,8.54315639984289
0,7.85324049089044,2.9277438090351,-19.3939828511491,11.2680569809605,10.7368103370881
0,-2.36716900842271,-7.33741704758852,-8.1202096479088,9.57963562848483,9.08142339258437
0,-0.212577398995062,20.8844589915592,18.0602457792203,10.7623170979287,12.0501548830232
1,1.41387465707434,4.63686114479,-10.429809468533,11.3523265110676,16.8535061595913
1,-10.9598780736423,4.73757985766595,25.0683960712,12.8705096168173,20.7047932652698
0,-8.08855024563529,12.3804617289696,15.5197827759584,10.1841383183179,10.7037234801521
1,-1.94680850210394,1.80436533147752,-18.68264798083,11.5440923975148,18.6406977542548
0,-1.08669281971243,-30.5588742126886,21.2681481340907,9.04659831514214,10.132848112173
0,-0.543087529556994,4.31428420321131,-1.43564650131605,9.14550023882781,8.6552090383839
0,-6.81324890000647,30.2501256992085,-5.97955475596102,10.9943007523814,10.3607008294735
0,11.3239428702282,-1.91471029470271,29.1131503929121,10.1739933386005,8.16241584750648
0,2.954266066989,1.79192224168195,32.3177488239581,9.90473216138517,9.59739704891352
1,-0.035790745790566,-12.244452047348,-21.5615927337905,12.2709748166257,19.7075200871971
1,-14.6099507918743,-4.97058956069391,-59.4474056905522,11.2951049565283,18.5440254916895
0,-1.22114933067069,-0.417426342013902,1.13045882662541,9.17046185009551,7.08592556715837
1,0.361534381366395,-4.58893608126843,-5.97017326049138,13.4558020064183,18.5827554913157
1,42.3017278726858,20.7510575206613,-14.5167712426459,13.3681130099358,19.5474182090256
1,3.7835805820394,-5.09486687643493,0.506493103009654,13.061168464496,20.8139646526871
0,-4.89590314407264,-10.8425734366409,-0.0660588827154249,10.8605667963753,8.65229270622706
0,10.7785550385322,15.2294596168188,-5.4053799862098,9.55823653785526,9.96249373614052
0,0.558195034723268,0.855717115914257,-10.5775977850156,9.83172978082073,10.4257632041899
0,10.6204512744503,16.2044559508907,17.5024616616533,9.49651541549635,8.79230745073917
1,32.5306215056774,-31.9163617427055,-54.3717948512685,13.1899971565664,18.657582822972
1,17.8581859492132,-1.62706571784847,12.5322969765205,12.4889507072997,18.6925140304647
1,-1.10938965521704,-13.1916852639101,11.8600728111699,11.9195175258947,17.39352312194
0,12.2820372825207,-1.43405983452746,-1.16350644163101,9.47864166410104,11.0884425515224
0,-7.35217504853122,-22.7419210797227,17.0983199767048,9.00221815533356,11.1080163508248
0,4.29509410701975,-16.5017476289063,25.0969518316139,9.33766349359095,9.51282766983972
1,4.15717495067468,-9.84319686475873,-21.5977852053485,11.0619956932222,18.8178332675769
0,7.40344654198698,-1.63727529408681,24.4215566491289,10.8087714194539,11.0101198080165
1,17.5592752627768,0.264586484569924,-12.672583306574,12.499089461866,20.8430709517684
0,-10.88352674605,15.3007085092517,-7.35528479421673,11.8809922507601,12.4227866680474
0,7.93246338256946,-4.8108878126165,-14.7541751661786,11.1541789600455,9.82746092965256
0,0.421340107757353,-1.05256966159146,1.46619311253593,9.55637029282833,8.38435263562317
0,-3.90154051085417,-9.49266722126945,9.21545433242976,9.32445562884416,9.8423250623111
0,13.1000901121059,15.3695179673773,-0.286092635510134,11.6201768654501,10.6994883272868
1,-4.19390317248814,0.858190859905245,-16.2086665184944,10.8114075776374,21.4384045001475
1,-3.03217339949729,-5.82811136672864,-49.1886809805277,14.0617014665207,20.5641335386665
0,4.08712401037755,43.2404740715563,2.60962438793538,11.8200865328701,17.5782776373313
1,-26.9819567841038,-7.39786327468994,30.1690821443907,14.4440347601293,21.3175075806398
0,9.52138181928307,-10.9046778348303,11.2149036784247,10.2509857995359,11.7040070400113
0,-0.0723477786174434,-8.21655485085117,-24.1615705423538,8.29607648386954,7.46517323995312
1,-4.55525161931864,-10.3715608192596,-0.0454039435538446,14.4565122235782,24.01424752868
0,-0.852706544874569,71.9565673903799,10.6481839489391,11.3261782023584,14.9963397057868
0,2.39030004915252,-21.8545410033416,-1.24977505972166,10.0286467102801,9.56153264750452
1,4.27685298575588,5.26482951139463,-7.57487156201322,14.3207613908006,24.9810051430439
0,27.9710768867544,-23.9799071649896,-12.8485403424809,9.47667386532365,10.8787057018225
0,10.0105818144498,3.1021656519269,21.5481725041363,8.97368457080354,7.84158624153652
1,14.6814093534862,-6.23486046102668,-6.89972980919413,10.993815800088,19.3696379473165
1,8.60247055274527,12.2559628428773,2.70350040636115,11.5323577196867,18.441594064726
0,-7.82511699615607,16.6054382112943,-31.4565045803899,10.1434637442757,10.1808623996891
1,-1.0655637156786,16.344948701452,-25.3369325891932,14.1305164972266,20.2340488932918
0,6.9618864574429,-14.9883913563472,62.0586703585516,9.18039410256571,8.92867524204261
1,-1.71720590873153,-10.7424145258697,9.00566267632442,13.1631527095477,22.2550872599993
0,7.27461874541851,-0.576593534541872,-27.6171360275183,9.7589697254787,9.14255649014777
1,-12.7838131919414,-7.48360079948281,25.3040303972934,14.1115543657373,22.7828163135936
0,-2.97384205521333,-10.1216849276405,-10.8064352482616,10.2154339835616,10.4763010359932
1,4.69001657591313,-22.3334451186012,12.441030371433,13.0997073869761,17.7877528014487
0,-2.48082415290446,28.7710845123086,32.1912658922661,11.20623398799,12.1051586009558
0,29.3153997184452,-12.75235692778,31.6287199457434,10.7478223343138,5.80385423695434
1,33.3166925311352,9.81877687624824,-9.03332009940008,11.8675279413569,20.4638311247983
0,-4.86503789641748,2.71209408510308,21.6360590030243,8.86983845345514,10.3887446802954
1,-9.75911597287095,8.70426316151991,20.6756201620679,11.2230718730607,17.6398770687596
1,-3.37106855551004,0.318576433875277,-19.7549894536208,12.9143111304104,20.6189588953543
0,8.20362877644011,31.897743793384,-37.6539864690885,10.0452555336624,10.0199202030052
1,-6.34551701377521,22.6786138106429,-1.19139241879422,12.3151546865173,20.4224529695226
0,7.69931456818226,11.5016697768538,11.0332268416499,10.8658401345887,12.3873873484538
1,-13.6897027615546,17.5134726308168,-15.2896001543315,10.7880416462066,16.8937501265089
0,0.621633653111662,34.7749282869923,3.51486517415105,11.0270022004228,12.023710983043
0,-2.28237970161448,-6.08633107047929,-27.6557223512242,11.0679423049327,10.0684954399595
1,-3.74503082669219,25.2548848644375,-27.737643456021,13.4275605886507,21.6025004790558
1,-3.18089978096456,3.99119826430354,-1.03501099095802,13.5973937411355,23.1373744450994
0,-8.06598474669613,7.53685051690305,-33.72883016514,8.13982315064533,8.8626720344329
1,27.3437729146941,-19.5047855817564,1.77546675724138,13.2639675587275,21.6369999885435
0,-5.38873066474475,-3.59028778335315,-24.6279577721158,10.229213219217,11.0515925347957
0,-19.0707775123052,-7.46522601615382,-3.7414433003038,10.1252571527349,8.53100398983568
1,-31.8346175979127,-22.2474179078569,17.8177630288958,13.8046777439547,20.1148103433668
0,6.02795913501678,-6.42650965129915,4.72582370892694,8.98263793521894,7.90265143740314
1,-21.3116435417395,-10.4809400969532,7.91352261237797,13.4084008129479,21.594745887208
0,-9.42431878102697,9.75001927922059,-12.3675429978496,10.1246824852408,11.0130869052282
1,-4.14469111872888,-5.69527448376342,-19.9892498909098,13.2991799816399,23.4301873646483
0,0.607614126994332,2.85224904814346,-14.5117590218676,11.9985402642741,12.3838513658493
0,-12.8033507072993,-20.550185743616,-2.81002032275362,11.2521573325699,11.6287198503454
0,27.6441688082773,1.34208862478912,-8.2986239954027,9.04222750924872,7.8414342360308
0,3.7473263722049,-2.68432816680262,15.4884357600344,10.197224983756,9.43955109589967
0,-3.25146166468418,-48.4138565139218,-28.6637577480499,11.0441756486081,9.11611281742632
1,5.55326741173357,14.365717508989,7.1996333413892,12.6311213186986,20.4427626461913
0,2.63665932047795,-4.2537999014815,0.340918392188314,11.0046789701595,11.4833327751158
0,-1.79123574282465,27.0736633526855,1.57994360181737,8.87881562082054,7.93339983682677
1,1.77680106440191,-8.89787772081725,-9.78796364789257,10.5649059774165,17.8067631544008
1,-13.2181219951945,-4.33209929321156,-73.3828411226913,12.4121397997189,20.0012917546025
1,-10.5322332544201,-2.17362566416677,-2.03614608831196,9.92304780391206,16.4210398412627
1,1.86769323719282,0.762056989465367,-85.2829795760042,12.0155752731771,16.7133277233561
0,-0.420819574695417,-8.5679082939564,50.1018563429758,10.6288099801061,8.16508659385492
0,-6.86579617325183,14.2089676478017,-1.09937357322737,10.3232468572388,9.35069050458036
1,3.05107164539036,23.4841233466502,38.1860291938493,11.5978338070073,20.7922851356872
1,18.9150371051932,11.5556337214505,3.3919071724458,12.579995980097,19.0747626653642
1,22.0325480454871,0.0405544913375349,6.36856559314969,11.9800024774384,17.3657664724533
1,-3.39241415757603,-3.31939928753253,20.3846660458538,13.156968410376,22.9053663671271
0,14.3293550178642,-2.4287308937116,14.9897394585182,7.5833952767258,8.13749969124711
0,-7.8642632168499,-8.72390558504681,1.70916607134687,12.0661003765229,14.0459455659534
0,2.94044773939025,24.2436377301093,9.57515700621509,10.0487930101191,7.99431567498362
0,-12.4151486487395,24.8264250899217,-17.838822885188,9.58998367397249,9.40944254420528
1,48.662202529968,10.7488616919136,-21.8429113089109,10.5089095863077,15.8778068426906
1,-1.79386595859174,-14.6960911354531,45.3565822055493,11.6292220691111,16.1590540572718
1,-16.5064864946965,-18.9565864358245,5.76969483219573,13.7716318864085,23.3582870564089
1,-32.1125743083354,-12.3176548368459,-0.373927065483868,14.5842818315517,24.97220289301
1,0.68349217317936,-8.24918681819567,20.0017491006935,12.9879846728401,19.6568212654443
1,-2.68461915916667,4.23570533418878,4.15287239740122,11.8730270906975,18.2115930343366
0,-17.4398348789129,-59.2242220743088,-5.62505231669609,9.76559433209008,11.3783814415158
1,1.91195515611486,4.41209821234628,13.8831255481938,12.2435374954931,18.774455945291
0,-14.7016536859057,-21.9665176872086,-10.4807094156052,10.447862599144,6.76523986862659
1,6.49470274435109,6.25018525811241,-35.8586483588638,11.4436321921555,18.4148258377195
0,-14.5816881256972,14.0777672067012,3.14589124426305,9.84188166137691,10.1408437892072
0,-1.68060891231172,-32.5906372905562,-19.7103754460636,11.1852384442814,11.8867375116311
1,20.1758421893055,4.32260859346213,-15.0342206218238,14.0601575957137,19.4108584838935
0,-17.9917414991046,25.8017315166936,76.8363550379173,11.5207140666778,16.7404405518751
0,-14.4388036473059,11.466924206776,-33.4637134582324,11.1824409593227,10.8740180217499
1,-2.36544190925207,8.22713072243488,17.0392310748127,12.5171680919293,19.5543085550464
0,-10.6455231542633,-8.22146651531106,4.0473546467874,9.47276485651759,9.84174970262239
0,32.9542854396327,1.85510244029045,30.7345369524822,11.2820207475055,12.1935366947334
1,-44.5556403548645,-3.86442144221711,17.4596866919263,11.195809018587,19.5481567837257
0,10.5235464020964,-12.980926378287,17.651786523511,9.99445532378053,10.2531303867903
1,13.1561261490266,-2.17020711971541,16.886411460848,13.0486059810304,20.8858605119385
1,7.39617838670665,-6.59201946505145,23.3295159615546,10.954471912223,16.470824955154
1,-15.3161998121952,22.9231672208092,-47.037853083231,12.1148567041346,21.6319506741019
1,-11.9399825555768,0.615590444807294,-35.7403067590505,11.1486742400785,18.3357453050023
1,-1.91739960599035,-3.63718763355507,-5.65329250436413,11.7023279467468,18.6949493003103
1,-18.0180573225582,-0.781092491366006,-22.8314974903749,12.4236623648575,18.1714815217588
1,8.08394970324128,-10.4963871385525,-33.5821262203415,12.1339521680148,17.8216940881718
0,2.96924457640276,-17.5271020232995,2.67358394035193,9.46418448359717,12.2612903140127
1,31.8549263647999,-3.75893470941906,46.5027727534115,11.8787131827779,20.4006699213329
1,3.74751773335623,18.8405640403881,46.2931825051431,12.2221575756429,15.4770361605103
1,0.134692900767201,-36.6689333114735,4.69810842783591,12.1810959309219,15.9461911932386
0,4.94321785120026,3.8350234260415,27.7738203844652,10.982834298438,10.3839858022913
1,9.89217497966733,-15.3473771821789,-1.7537865161396,14.836605630036,21.3468115101294
1,-13.6157729183734,8.4674673190321,-64.1531050018274,12.0407041413374,19.084279255974
0,-4.52412871871516,-1.43570471176316,-1.97497619256454,10.1547773461457,6.95397838342301
1,43.5621981610925,-2.05895658506685,7.28949245941885,12.8031837850435,20.2985689137698
0,10.8345666578062,-8.67329194946146,24.7119080579624,10.4389505577359,8.74434262692111
0,-8.04411302987991,-6.17758062458545,-9.89498461007061,12.3488557914304,12.9459595327753
1,-11.151475763688,8.1211976656494,-5.23027755958878,11.1778346150664,17.2894314126375
1,9.53606455683574,-5.13827772065143,-32.1627321253183,14.3339493665323,20.6317969554818
0,-0.362883294439307,9.74160516400854,-7.33110191218592,11.8963936439864,13.4966996255768
0,19.2420501920701,12.921790853924,-14.1069980491271,9.08829361842209,9.84326374649414
0,-4.67934179852277,4.05882196064834,37.766191577084,10.3791531448854,12.1068696004863
0,8.08336966480439,36.9865236256602,-15.0719019548818,9.61624665420251,4.61154770907356
0,17.6379406693511,1.15633359339898,22.0269155718743,9.47234914944749,6.97768513110602
1,13.4494968835756,52.5353676688439,21.9147339625032,12.2993766002292,20.0491232681169
1,10.0328821753372,-24.5900836486216,5.50821346760988,12.8374423154203,22.9354783123426
1,1.49683291667829,-7.60096841735469,20.3620247751845,12.1656813944584,18.087420058128
1,-2.40177700918356,14.6836838457374,16.2068498278454,12.7944219175015,24.1296652018763
1,-4.46922675073636,2.58719001748963,-0.0496912408267188,10.1294647827719,16.0657050694335
1,-11.1318731223643,-47.4722214621734,-55.0123887225853,13.0024788181094,19.9974497477036
1,2.26129376927423,-6.27262665365919,-7.26473644013646,12.4711839039962,20.2693058943196
0,13.0106476592168,-9.00528811002247,-2.73009239063989,11.0476660406703,10.8802676885378
0,-31.6686523295431,-4.38795157836424,-18.2998695878136,11.6610146326144,10.8736084346
1,9.75263077268467,-32.6952460696505,49.5698133990473,14.5759274739107,21.5258276702729
1,-3.61760560704822,5.57969137312466,47.6414250085594,12.2180101404905,20.2895491023621
1,-25.4368886581837,7.61372495094481,13.6253295758152,12.3579836271544,16.7716749215231
0,-13.3630474920244,-20.636027518184,-17.8612537824999,10.6641974712274,8.02474977809375
0,0.291837995449032,-6.55862606127644,6.64207908680068,10.3032875947489,8.12827429642071
0,7.24461776866628,23.1600610891525,6.206293363666,11.1427270281223,10.447061162036
1,3.44812377644226,13.9092653439658,6.62239330423513,12.9864724742825,19.5633480505159
1,-8.73840070933492,0.567812380029423,27.3427778466191,11.7550010152302,17.4406933810557
0,-1.14547466320344,-5.66175947183315,-31.5422214431406,9.85451588244001,8.47881813353222
0,7.15417904860563,-19.4082603748676,21.1667588860341,12.3126521182743,13.4559045272339
1,-17.3649623112487,5.40265824906557,-4.98811685415264,12.7572125364504,21.6834291095101
0,1.52317893672832,-2.44047170556291,21.7482642018604,9.88172958696934,11.7259806155783
1,17.7798951931299,8.56518054554099,-19.9316559745177,12.2145972969658,20.9045878778867
0,10.3368233735762,22.6587862253199,21.6290446190463,10.1219932288477,10.2444791837072
1,-4.61305438195128,31.4436824611199,-7.44572359631299,11.4428296580218,19.9401671196379
0,10.2935487643376,-3.03719071238017,-26.1720004760432,11.260501533789,11.816465314058
1,15.123467127219,4.08265098790039,-36.8739665188785,12.5261135032333,19.1720746234068
1,2.31795872268057,-4.95745209046024,9.52433304423103,11.7120751491702,18.1656229886924
1,8.42641089606145,18.3463847958018,3.63783354494025,12.968847472198,19.8439201411243
0,-0.719366045829482,10.3494002495952,-32.9281826257296,10.0380671251941,10.9072890654407
0,2.08638247549895,-3.87642671105086,-12.4857824009995,8.92449368628081,8.0102484165594
1,4.84613121428996,5.28151943638527,-10.9767234989417,10.9311869246855,17.9566703014443
1,-0.88988149356051,-11.5286700405819,-53.4812889228702,12.8931025245256,20.3522600965755
1,-29.71562367108,7.32401264980817,-5.63690383772093,13.2752900662021,20.6325983636643
1,-21.4771904550747,0.562210418838942,-38.9333985726502,11.7578091396883,18.6376249639828
1,8.40416857231424,18.5625603127293,1.53645173739814,13.6756065244816,22.3031288074515
1,77.8770575675731,43.8311220532062,-16.1005388729173,11.8697663264727,16.8745286541173
0,-0.417514887382903,-12.7679608451309,-9.29801223114118,11.8682841719506,12.839492373563
1,-2.57859179668281,-2.03578670512102,12.5609643608793,11.5190227046105,18.5160542845342
0,8.74621612650047,5.33376234430919,18.0912411696993,10.4443238404418,9.08705381591492
1,-29.5868197445164,-58.7032060326851,25.5135768818972,11.8664920472277,18.849817521653
0,-4.8365213651798,1.07035999329722,15.1618449711303,10.2142231489442,9.75971488593709
0,4.40061380397816,-4.07980374040546,24.931468471053,8.27506252871075,9.26464277397618
0,6.41451053950788,12.8412836253958,-12.3526654043687,10.391492273797,10.6835799293354
0,6.84659205860995,-26.6900975712813,2.94422916587534,12.29988016651,11.3499635925664
1,5.1882247048014,-11.9609110326443,-21.2735045888268,13.1215818795979,18.3270350129304
1,-37.072366515515,-13.8954267541269,19.231794701226,12.5615115806699,21.8079803379029
0,-7.24490665073418,8.44829964237261,-12.9869666792585,11.3207391824018,8.28181121138164
0,1.40257646572478,2.32719567717963,4.15183845042542,10.485048553261,10.2207654105903
1,-12.7861637264202,5.65454704520308,-3.45751015012512,10.4569736649835,16.1910709349679
1,9.17924471989789,9.77931194150472,4.81593092666301,12.5010136156334,19.5343910598907
1,-36.9722429822929,5.12315372526438,-45.5518553390241,12.8625522485221,22.1677565618281
1,12.2154895617393,35.6013303724211,-11.0096937587729,12.2709986662811,15.3295075545029
0,-5.81702301823136,11.3636248040778,-15.7779578675077,9.02806201245021,7.99700840562683
0,0.779662913656504,50.6354357546697,23.8351507780718,10.5008759532929,15.4372281445707
1,6.82744555363454,-15.6457258338928,-1.68385194729583,12.6028162279317,22.2800529175385
0,-13.4330825622169,-9.32607490488135,17.2284318577221,10.557100364715,9.94085875765162
0,27.7024165826185,-4.95135356460928,-18.5738874855921,10.1110275818931,9.39789065668162
1,5.64676093246773,3.47286943499058,-41.2842273903585,12.948971260202,17.7827391739036
0,10.0835416506751,-16.1425875557808,-1.92394501202774,11.3827467613766,11.4613989456362
1,4.37769343453067,6.82061727766138,-68.9451565260876,12.0310314110511,19.7727769563433
1,-12.8898828079599,12.154867025194,-20.1206498474546,12.6171924348514,19.1643971871062
1,-16.6946412056465,-4.35469222387735,-14.1589696327203,13.2572795864298,19.9645822324637
1,-7.11516887379076,-0.916377804159732,-14.8499160585618,12.6515734977811,21.0856355926267
1,8.8371259702726,1.99138054733865,-0.823115608795622,12.8350698364697,21.6737099281836
0,-11.4861094387475,-11.1363667856074,26.962707343536,10.7657696822287,10.5408043127862
0,0.198441623587216,6.06337330456459,0.267015365628686,9.57001862682256,10.6163301317661
0,-1.30846936225467,7.7265497363803,3.57416150049701,9.67590035300996,9.1723275488505
0,-8.08607909442035,-5.61322146396385,2.03161514658108,8.82947513689082,11.2146303634432
1,-15.1495433742033,-46.047315690561,49.1704949156962,13.2632616884187,19.7375231963307
0,-0.763990678192922,12.2977143671153,8.05783594220011,10.6551093775075,9.74360586973824
1,-10.2211953352833,27.7745553236301,8.87161396615995,13.4082401649506,20.3628036147168
1,-11.8175607646755,1.83289238558709,-43.874846811574,12.9082858707507,20.18326023354
0,-7.02641442233119,2.93361916238111,-4.77054382515342,11.6741577304465,9.45573623794288
1,32.5852523786348,11.8812117057821,53.3518709855566,12.5380043180428,21.0132160760784
0,0.351206955903126,7.66313583081679,-25.8156071985107,9.37351015589675,8.8938769456574
1,-12.9554099924197,32.4003762086593,6.69278753829811,14.3340847086536,23.6728081432214
1,-3.26951680035173,-43.6503019104794,-18.5628814108033,15.4200708896361,24.8525541453277
0,-0.107942804618402,-6.58508288400162,13.4689652005357,10.9255948895819,9.33887741435825
0,12.2435379424416,-15.2783251442708,-19.9704854012723,11.5050024335877,11.7389022199561
1,-25.0009759767081,2.39377618430182,8.55209230726152,14.3271637944428,20.8497250700816
0,8.01976639737618,-5.80205815778931,30.8952025555073,10.2886219587679,10.89081057536
0,3.84871907620143,45.4801746351163,13.8604613667871,10.4941105604212,9.5522766931971
1,9.67428794402118,25.8829936349146,3.36135758052827,13.8033091660761,22.9787022004907
0,-0.950453423551282,36.8670409135256,-5.64694880548977,10.0106759931984,9.51559345191292
0,-4.16790870450833,1.00535893017217,-6.04881283730534,9.38899095158028,10.5809145590518
1,-3.14484135056723,27.5035141742253,21.2145433142391,13.552260468471,15.0852491008747
0,19.3574361179885,41.6983442785432,-15.0044836215372,10.6367123205773,14.0009439265294
0,2.44171275743397,-12.0082561552569,-2.53156588756548,8.83562538933729,8.90988881125065
1,-12.4461655886536,-4.25958592383663,-7.06794259824948,13.2720536540894,19.5583221292456
1,5.13245372579504,-33.0669187289338,-5.41009374204232,12.3033117311951,18.5578112641217
0,-8.3932871151551,9.81743712128308,-20.5723380137557,8.58327192140671,10.3115725298927
0,-4.17169001978169,-1.1875420390881,8.5749548287345,9.83583418696232,8.62796258071751
0,-16.0330299409268,-5.29270320784221,-12.775386865772,9.61091049404496,9.8257357503441
1,-2.04851927625181,34.5441111263365,37.0414886390852,13.6413683880961,18.035435948666
0,-1.44056480633529,4.49097853324934,-19.4616568188719,10.5429579246234,10.8055019643343
1,28.587652431849,-8.5587578827874,-20.4096151052538,14.0525841209504,20.534078085295
1,4.96080520100012,-33.3903451458163,2.48917644566688,11.4211191565328,19.9011079886976
0,-12.4267202636131,-22.0482612929657,2.51630132735039,11.5039033897815,8.92813943387566
1,24.4005864591675,9.34430481127976,4.6537509849024,11.815346191611,19.1000191388499
1,-12.2104617782904,31.8057801603011,6.35194986471776,11.552107084839,19.2611024972762
1,15.1808559257449,-18.054070454162,-3.17305635875989,13.5367600039643,21.841297603406
1,-17.3502560406898,-8.5737862770902,-2.03955898880621,12.219097687338,19.2366081831654
0,-7.05725931004429,-13.2776693670767,-11.3076803150666,11.6024381526063,11.3575006334349
0,-4.81774167531735,10.7078707154417,47.7941347346591,10.4540573415948,10.0010886267523
0,-6.20077963803468,-0.36801128772139,19.7221898217482,10.7343638190139,9.22073685092326
1,-4.68856271323578,-1.75162724814693,41.3273845248654,13.6773097536176,18.9484030186229
0,-3.51130119485279,30.9120036994128,20.0967764900922,11.218946534799,10.324026018061
0,-14.0699433077261,2.27421214849198,0.359904579931799,8.08750450640632,6.22601237963996
1,10.4338218982434,8.27003539598541,4.3214665748115,14.7832329066518,21.5446381306765
0,-17.9004777288902,7.09285182167447,16.2635323032711,11.7217368291609,6.65688467462739
1,-29.7604055185319,1.87537075650482,24.4253599721921,14.1395661710866,24.69168652941
1,14.740838969401,8.52352288418913,-5.64648184056398,13.6975106314153,22.3874303121449
0,5.80689461747109,-8.64674921431881,-39.9438814327252,9.92346499385191,12.7143786332325
0,22.675993026456,-22.7309672431152,4.23915054296826,11.1108087889927,9.54911376443101
1,-8.25946344795639,31.9795324824798,9.46849636908421,11.3401761341828,18.8757855766786
1,-10.0088069180144,-15.0567292227674,15.9386656427322,11.7644882699038,18.9814596451057
1,-3.32620492318482,-5.49208854300098,7.02496040860762,14.0520553611493,25.0878120191657
1,36.2914639101692,-14.3186112588309,-29.0346942889474,11.6175012533849,19.4234211339862
1,14.6223274950864,55.9422410856125,-10.0955158647083,14.2251058661583,24.9600813981999
1,17.4539198608054,20.0128485567966,-42.2292831390137,15.285289703854,26.6398298457121
1,-6.22980579571251,-20.426636915175,55.6322504546827,12.7843552508435,21.8201536191998
0,-4.65908631052872,-34.5539124286099,4.32172171075962,9.36698281896912,8.13536706402947
0,-4.12747199628003,0.971425898632718,23.604599083341,9.27834129589921,10.3198800822866
0,5.8046148411511,55.597399469032,3.10545329117535,10.1126439930156,9.80024548183815
0,-3.82229081092246,-15.6375717008372,-2.13030013293368,8.27071803917387,8.42158494046908
0,15.6333732963943,6.81418074709496,15.7677552772031,10.7915264000276,9.81396486911101
1,-17.0194075318341,2.4078240472332,14.1963454662117,13.5547574417589,22.1273523625993
0,0.693355664686189,-11.7667903520938,-5.29256192564286,11.0776287213464,12.6311291502205
0,7.11345380383704,-0.237667727088671,21.1663302862062,8.78981396861027,8.60220391222668
1,2.67169972314925,-10.3356114160313,14.3114469383543,11.6941051997708,17.5958892673739
0,-12.023125624738,23.6416503150805,-7.00955072670055,10.2293867507845,11.11270554742
0,9.20942203777738,23.9899161248073,9.0378063015841,10.625133492866,11.2582229390969
1,-16.4046863479573,-1.85328928463704,-36.1598592189936,12.6284214796407,22.5302136642334
0,21.8632823888007,-9.36635565002646,-0.0486884006439672,7.97982018753705,6.80090660253641
0,10.0027416336098,36.257391377936,12.8178406289099,10.6936894581229,11.2756353823761
0,37.2968533594654,-9.25782141432738,-22.7877531728337,12.0719853458043,11.3874215416616
1,6.22828273784491,1.24433175171566,-6.55316599434823,12.586096191277,20.7712327272917
0,0.187350840084614,-10.092744134841,11.4968114636445,10.6351307198943,9.64309509064541
0,21.8760904675367,1.89457334675458,-6.07308165645888,10.9649308023157,10.4074765993256
0,-2.22626893161857,-1.67409609801606,4.97930028684661,10.4597727685921,11.6775728287289
1,-1.68785932222928,11.4225948399766,-13.4274008750202,12.6423184624559,20.8021678414449
1,7.42095525197137,-13.7140538595382,-3.69877808825573,10.3777769365041,15.5015029856516
1,19.7333380623387,5.13804267507648,-40.8342085115323,11.3592389907497,21.2251041145003
1,-37.618853491984,-8.78951185687577,2.01777951465688,12.4159554210379,21.8072215069009
0,11.4947332821624,-5.86515038787195,0.751462663440555,10.0543073596698,9.64486359219471
0,6.76874403595649,-1.44822630275868,-39.6639947294259,9.35168226640417,9.49267321419105
1,-0.712200152620889,5.26050647721836,36.4474430437147,9.48340088865195,14.2410890020304
0,-3.14987813542256,-1.34562570459812,-3.59718588140758,9.51304777300044,11.0987865185139
0,6.61284053607167,-2.64356618558138,-26.8341437733539,9.12664241157464,8.53924974058196
1,-2.28997320712606,-2.54307783249076,1.33781289448914,11.8140551807032,18.716442615517
0,-20.8753037566882,-6.80555155802453,1.89808370027007,10.8017859465915,10.5187395938787
0,-2.43094738126247,-3.63582287453056,-12.132045234499,8.16201653735625,8.08590443289831
0,-2.39989801964943,-13.0087275637539,11.4807043034136,9.87462021668017,8.80776593670399
0,19.3176615341181,0.345136977827472,-10.9301893343118,12.2361569716321,8.87276690010676
1,35.8144734853909,0.0121299455817545,3.84530412804355,12.2923638472055,19.9192350687339
0,-11.7869747951236,-40.4023628311233,21.7564755944196,10.4971950118979,10.4517533142773
0,-2.28338313807867,-40.031848206879,20.4128925577017,11.6474330009385,15.7288924255292
0,10.4299658851794,0.348667833320122,7.00394936711176,11.7757385110199,10.4571747201166
0,-4.92749520594537,-5.45379730431594,13.7544958978874,11.2930879430243,8.80857006187162
1,-1.73565859284448,37.4418771983856,1.36109499460358,12.6412308784828,19.7700504232508
1,14.0456403847658,4.07712419237215,15.3470781791641,11.7161051376592,19.6669435940342
0,-43.775642481616,5.46643386894705,3.58332524248693,14.2725884338846,13.7806736709021
0,-0.586386610845099,30.296395366543,-2.83592133599989,11.5476789562087,10.8335307006161
1,-0.696883796114303,-1.63829925484135,1.99597898154956,14.9346326884176,23.9266484699616
1,4.65964151704303,1.60732527986961,0.293315220530803,10.8972290413215,17.6889675898863
1,6.51681170156853,32.7135817444807,-1.2092110734976,13.9899285263769,20.0978529572473
1,1.56724974451996,36.5200015511369,24.4824046138219,13.2522817151045,22.367511447431
1,2.1716614875549,-1.43025569075206,-16.9367913783495,11.791614611747,17.1219385804549
0,-8.56619655484369,6.05460246191084,-11.9519981056855,11.4346721358653,10.8900596269827
1,0.725917687732821,-18.4296017475477,-23.3262885421573,13.0928128672592,20.1734863619058
1,5.79233463006066,-11.0907792276727,3.5524004699509,12.7061669092327,19.3248612381927
1,9.44556929995304,19.5179107349698,-18.2017370005839,12.1632729446277,21.3423329424513
1,31.9876715722173,33.9895601798299,26.2122204788582,12.1767656222294,19.9070643517225
0,-13.589911634343,-2.50028136933582,-31.1006183019598,10.6145447163346,10.5503587230052
1,10.9882550648912,-3.23099343953809,35.2618414383371,10.3682488592864,16.9042377781754
0,11.0585914948707,13.3542282293818,6.34299927473261,8.99796898372818,12.9559611390434
1,23.4329199184541,-2.70670181082867,-53.2376091405249,14.1766194832431,24.5321978952096
1,-1.25375766682569,15.3414657481047,-7.9354307318465,14.7446642343214,24.3053304275903
0,-8.62358091869144,17.2785934574318,-35.5419666667913,9.51905823191358,11.57654288708
0,-1.36856401761935,-11.1791905449054,13.0768955941483,10.1026779708334,10.1869347578698
0,-7.55462027252335,25.2463883280725,-17.0224558794033,9.44302479880294,11.00157441136
0,-5.52505103635013,-4.95060351046203,-8.64607264155774,9.84031513539687,8.03248691278873
1,3.21138985972052,-6.50369089873547,5.28604238868119,12.7884054108641,19.9747213714949
0,15.0093079443949,13.2180040441091,-3.98729110642723,9.41231671094175,8.29049763138638
0,0.828459459735938,17.5087517006111,0.985866023801384,11.7509540408999,9.87763584242924
0,-2.17164719457037,11.6345042084164,-3.49148847228783,11.4422984865115,10.866547394209
0,23.6568809743706,-17.4769967330023,15.446304891919,10.4472974431372,10.4025184001225
1,13.2985737566533,2.62779163589629,-4.464359186185,13.0560281654977,21.1651480901022
1,61.1767235172088,31.806749446032,-8.08042892106439,12.9976690451532,19.0503484923726
1,22.1661347118453,7.64133276340518,-0.931914870204558,11.6557620595624,15.5891248009754
0,-0.471921284899681,-29.4562582642046,-1.63811754149812,10.2543532358329,9.92044611018701
1,3.62316015647112,-0.998514358230258,2.36508729937602,12.1144695094972,19.2495284126579
1,-1.31997068259904,-3.74737256543156,-19.4938484804175,13.0115386186947,20.2887452324238
0,17.8844932053413,2.9452382586193,12.2053658341355,10.9340566793654,11.2608662519745
0,-33.6833771159605,-5.22440442284016,-3.01999052321044,11.0312413533562,11.1941723291495
0,2.11271205633117,-17.6922672525847,-3.97711442657151,7.97688347266581,8.23670165448006
0,28.5586158205471,1.93053578985854,-7.7139674702827,11.8616115758231,11.5307410193605
0,2.99476694681322,10.5912622287287,-0.147691439705191,11.5900165633677,11.790179591939
0,2.39835254197288,19.715104478776,-47.7263400153826,10.5947878837195,11.4918499290425
1,7.34477505259839,-0.943806946468333,6.02064837269559,11.1695079866243,15.7163230399838
1,3.96286869252229,3.52774763954574,30.7089635195529,11.1706210492186,18.7041698048167
1,-24.7330756686355,-19.6071176854381,13.9245478151495,13.4344912209313,20.6078029902434
1,-11.8972573370235,30.9128307879712,64.354787348909,12.7650530252614,21.2904110882837
1,33.4244550721298,-34.9820414196193,-31.4840436077448,14.1472023979405,21.6040809154709
0,2.10310843823632,-9.70694199671656,50.1748312987805,11.1651619839901,9.61700546625967
1,0.962749636179842,-18.8362890653816,-7.37820715278886,12.9678955552876,20.2562752685044
1,-29.3439093705025,5.50422528037556,-31.8343681231542,13.8990840265179,23.6664445829873
0,8.33815769255581,19.1037588945372,-0.749773736804906,12.0489255349169,11.8818737060597
1,-38.9839860741684,-9.68790126773803,-56.167228088399,11.3713357971648,18.7725723772106
0,5.45433803907823,-11.3099166681453,6.42900197181421,8.5212432188396,6.3409663793198
1,17.7833267811958,-1.29308206275442,7.53783249113229,12.3569616662564,18.147276138535
1,-32.6509231711904,10.7026299454616,-31.1974515687591,12.5069653589359,17.11611265168
1,2.83106526285903,-20.1795123765648,-18.2139272007534,11.9508477260144,18.0132201338352
1,21.0808452774419,19.9873998537787,27.0865612551372,11.902818689685,13.5669365319581
1,7.69181781050663,45.4370846253734,16.8697608524791,12.0810771534875,21.1054987381913
1,5.99618310937295,-11.4171305547756,7.77432799250097,11.8383050069611,17.8088892982486
1,3.12732590684929,9.92706467935241,12.1952789795517,11.4772710095128,18.0381249412795
0,-14.9978606184448,22.28619136348,23.3189711982962,11.945994757673,13.4255291036959
0,-3.26145551199557,3.32050232221177,4.05625611888057,9.99318893534888,10.3988807894997
1,-6.83071072846639,-12.5678954910339,5.62085126078778,12.8140556183817,18.7939349282702
1,-25.1676989913854,-0.803542807036122,6.56850990534208,12.7733341790642,20.7002174029996
1,26.6281487028912,-3.12591540011151,-1.11390819518342,10.7181076159048,17.9399728361616
0,11.5074723572244,-25.18409362982,-6.56314651062628,9.22527149333364,8.43916196648592
1,1.16470827251085,-29.4397379746209,-9.07386522066635,10.9693384286966,18.3712736205569
1,9.02022653410339,1.03065732591954,14.5607550367399,12.8429295978097,20.0612558419345
1,-17.0535626842078,-12.0967786878004,-5.6379841431511,14.0142433885029,22.3231127140904
0,-3.11513880431094,-0.506301786432416,-22.110522137251,12.4989468618061,13.0847334100911
1,-0.537981100901633,18.3421626325025,16.2523531956871,12.0238650632789,18.1180608768363
1,-26.613405816282,11.8102028226785,4.83873506342502,13.0082285788656,20.5958781946602
1,25.9768458867618,5.44447471328253,-45.4058449332279,12.6456378099592,20.4854956450521
1,-12.9082298660808,-5.31551679628006,-33.6526786252449,15.9110105728203,22.8151808595223
1,-21.6302624374344,11.6316472007221,-20.3127180730414,14.1838343779845,25.4772639959165
1,-16.2019952209314,-9.90672098084976,2.40840467540924,16.0192497422878,22.6815449285946
1,-14.1327108963754,-8.92332056135328,44.8740635991739,13.6258742953174,20.5107669220191
1,3.86941142196077,-3.81898946469247,24.7027454437955,13.1364038072578,19.1599917741167
0,12.7907596991853,18.1198588012076,-20.8139432532165,9.66382639314628,9.83262621864703
0,-1.13658729333284,24.3838507670595,35.8228911928978,9.55468007113153,5.47420868900337
1,6.60758427697446,-14.5096338572749,13.9535731647561,10.6370369316997,15.8441636180989
0,-19.1554831571513,-5.08426772418826,2.11464798866995,11.1344279389046,9.14043395718528
1,3.10793747277972,4.35802268193666,0.787725202359698,11.2920083368908,18.1201613095783
1,-9.32689121540509,6.04539899676207,13.1405666737192,14.1948915979176,19.8487231165897
1,-8.33669397326333,4.64554761431434,-37.7326235697433,11.6904972041015,17.8724694029914
1,3.10965126156388,7.79933129861192,-18.8040454941147,14.4586189910081,19.6721523128781
0,35.9200576829084,-33.7076214709121,32.4367574443676,9.07313625543546,6.38923487252641
0,10.1595400356264,-4.24642674945415,15.8068374338094,8.13140544664605,9.14795295155828
1,5.27626290920969,38.0161265064404,3.40288173930446,11.5644856505079,19.9427468769198
1,-32.8939644650128,-29.9554035745847,29.1214965092001,13.8686215204122,19.584623544999
0,31.4891746832043,2.97625048767496,19.5059254357153,9.69958437137245,8.75156166529656
0,-3.1000769181704,-48.0744947842965,20.5599392505879,10.7539674981447,11.0754248042768
1,9.67938097630481,1.00182533418202,-17.5118860898644,9.96709100821649,16.1505808652306
0,2.85775653637739,19.0876278274687,-13.8143857236828,9.75385209509206,9.20493954290797
0,-0.0680135495351774,33.7033045036996,-8.376266038414,11.4846404430566,12.6442199285066
0,-0.673561916379782,17.1950701913928,13.0151297882843,9.8497570913472,12.8885619211881
1,-13.2240191486186,13.7141620017445,-14.4567616310951,10.4632371210583,16.9385634872912
0,2.94375660286578,0.0928423081470386,15.7186878205692,12.2907628277907,10.7188638480666
0,-3.50311586461417,20.200034003663,9.90857635050872,10.0967928173064,9.21730264190691
0,-38.8674780753189,-64.481218167634,1.92333587896486,12.7376459425686,11.4519024940386
1,7.36699044076496,-4.37505266238524,0.0411685694390902,13.6737671199462,25.2735017581426
1,4.2513796474814,11.2314138394241,2.20716388969242,11.9139410408105,22.767616481964
1,23.3749885735081,20.419258760799,-3.25310442852777,12.8670528588958,20.1812053833805
1,8.67529977606244,9.4045287264859,-11.5558946013077,11.1550018406463,16.5827340377932
1,-1.30961697354801,44.7147934877981,-8.80788072466323,11.6145120071373,19.0411949964877
1,-4.57978716368672,-6.85684918903222,6.55046806678107,11.3857317631216,19.8509029645424
1,-2.61012151174703,-5.98774695083458,-47.4758711271649,13.670325344668,23.6059433327085
1,0.333310789595092,-14.2222561527903,-15.1822454251414,12.3322293007776,20.8359118730265
1,-0.23786940377027,-28.851488143925,29.5487795415091,13.6582839282347,21.8179349414589
1,-4.94700971956351,1.50949123848311,35.2743132940452,11.4635013496974,14.8224811549274
0,9.47349729839557,15.3889645815529,-3.86000803515002,10.1036227138465,8.42894580800145
0,4.71982998584984,-18.3592251332741,-5.43400053546483,10.4116834948617,11.4211189088402
1,-7.95871943479119,46.4940098965534,23.0550260008822,13.2635350694167,17.4987124236195
1,18.8841406941712,9.4700101434685,-16.9556232766626,12.6134194887176,19.8744516141235
0,-5.33867398944551,-16.363559552366,3.13643179286594,11.0356354921098,12.6016462490906
1,-0.921417176457654,14.2680332432233,-11.3255703244093,13.8940357280396,24.4311373484525
0,4.19322359553129,-27.884061993589,11.0454470548287,11.5041013097832,12.0303543787299
0,10.3544471380969,-14.6213945993546,14.5133712892531,9.81085998522206,10.8801746217648
0,7.46093226135779,0.80429374447207,-6.72545168930645,11.5442815097054,10.6825936287521
0,-25.0680227265853,-9.17029026651727,8.54920200069371,11.5444819227758,12.4318412549992
0,6.65048759779943,-0.777561433591183,43.6852883602581,10.6875875306456,12.1331736231814
1,7.09069808148025,4.14741277011636,59.271376876877,13.2669038601419,20.1261582807061
1,-4.79799176119926,-16.086032758113,21.1985200778795,12.905995508363,20.5108006294925
1,9.28043930047651,3.52917181818476,-18.8321596767779,11.904706670845,19.4758121598762
1,-17.0220767541407,-14.5021043013216,-14.2238410636078,11.8701088893611,20.5822178081053
1,49.8926575476368,-8.94499191443609,3.73208893479649,13.2573140932181,17.8799021725761
0,-5.54395251897696,-10.8447073240151,-4.84852181499323,9.56891294630697,8.98064738137546
1,-8.29068056495432,8.8758395076051,-14.9465755112261,13.7117427332509,23.7140938530361
1,10.3921797496867,-0.945371012174555,-39.2138771900313,12.6828257517594,17.4593279086709
0,3.67052396526724,16.827414732585,-23.0935959382473,10.578514171943,11.4777508364478
1,-2.89451794424205,9.53456192829192,3.10167913111737,11.4826063001285,17.8973570149526
1,8.27947016668246,-6.17429303042668,-5.50533466377875,11.9267062075881,18.4273420368778
0,-5.70567709851639,-5.46701098668587,38.7035401497919,10.14273467736,10.9789556784192
1,-0.893441348620082,-23.873464722862,-5.12138833364766,12.303970539473,17.8533651519023
1,1.49442525049832,11.2834623123718,17.9600952409815,12.0665554926044,19.4060193941791
0,-15.6236619595193,3.94208706662407,14.0020194985569,11.1687748644846,12.1266877242538
0,-10.3944238902618,11.5248317505438,1.00619302082857,10.7901063414204,11.2129640395821
0,1.20501702949307,-13.0733463443756,28.7725683306946,12.1272200008649,12.8002734616301
1,4.1338562629556,47.6349359086039,5.55859509736048,12.4821723698722,19.6972109684375
1,-11.8100923876628,32.8558354444374,-20.2531219633573,14.2146624762913,24.4165113847483
1,-48.9664159610169,-9.96111715311586,6.18694974650067,13.18887551491,21.6586592139848
0,-9.04904965487198,-10.4342814643076,45.3923245913201,11.0215066981189,9.99345120981721
0,1.67680467446211,0.52141615487088,7.0449621412892,10.1743740095757,10.0159359165369
1,10.7666281152172,19.5263562644542,24.4207030739795,13.0620133021813,21.7888723466788
1,-5.81146482571249,1.55266174373387,-21.1402501144339,11.8480987895528,18.545119023452
1,23.8326894590655,-13.0680911941703,-9.29740775264261,14.1831578251199,20.0439664891199
0,-3.76940930225414,4.29658088119783,-9.59826975482443,9.49683239732867,8.16665644419214
0,7.32187475184043,1.57502966753748,-3.64074694820713,11.2755945554284,10.346689838822
1,12.3963842024936,5.39937415394603,-12.9761947863704,12.6513950479056,19.6925740272707
0,9.85911491220761,15.1995635650852,-18.4623940027659,10.4578339095099,9.77870019399943
0,1.80234640038683,-5.74989958472651,9.15490948284876,11.4974303049402,13.9451400523444
1,-2.59503979701252,31.0494924563888,47.820008569614,12.4753125920584,19.0079039466848
0,1.24532759492949,13.8486929684293,7.54458938055629,9.11171011614709,8.74919190407972
0,4.72927577480423,38.1092533228661,-44.5093166123682,11.9852405701965,8.46253563459032
0,-4.59615006235837,11.3507855591154,6.84782479812521,10.6808261356395,10.7919215414709
0,-0.141439881109193,2.30811900192322,23.0203927568971,9.43656041547587,12.8933585232202
1,-4.43900047369755,1.23455502576137,18.6979566942304,10.4716687129178,15.4635352936183
1,2.99128674530251,-2.84555549786189,28.8477358456246,14.492785939102,22.6042450560555
0,8.60428008263903,-8.37652191797616,79.2905815949814,10.4403770604623,10.8575656080444
0,23.1640084140847,1.497719818699,-18.5907885767321,10.9596669181679,9.73350579322141
1,-2.84422862250657,-0.513090754618572,20.1254551087219,14.3870977824216,24.2113662381366
0,-6.90865486106203,-6.56391734423608,0.46826546232093,11.4674027444753,11.5375865134521
0,13.2799856691498,7.12213495002033,10.3934358646087,10.5278746367187,10.2941051628148
0,-4.04170023035085,16.0284545355183,0.482719710112743,9.30097219175238,10.173423109496
1,10.428737162018,16.0178844045411,8.83787645947482,13.7713158650553,21.3243490252832
1,15.1533278377988,0.457422498263839,24.8740658389544,11.8757472775321,17.3027838034251
1,-5.44540521910911,-6.04337889164037,25.6689495786106,9.82419150219845,16.1784144829027
1,0.66574200738393,7.86964522323707,2.02587339146654,13.2243315392752,18.763721155481
0,10.9817181940844,-1.04631484767973,10.7156673679628,8.86020367068842,10.2708328892885
1,-10.3759861317676,11.3937007897749,-22.6043532211,12.4291160775125,18.6713050061911
0,5.01658025578652,-2.49779926302439,-17.4607764169699,12.3246155358255,12.4913489831268
0,18.3094518400388,8.77206496798693,17.9922899608758,8.68399047380015,9.15831888251708
0,12.6229244284694,-3.25898751360539,11.7002251585858,10.6552375937492,10.3404973867996
1,6.90283512582616,-25.910101097137,14.3469779287992,13.3237802727872,20.8082232610933
0,-5.46151562359583,-0.594595106749403,-45.89526490745,9.3396789695732,8.94813309114602
1,-19.9998050171419,-8.1259269154894,19.9340691331258,12.1788374716333,17.4662239648315
1,8.87348812994745,-10.9317789375769,0.497427868355049,12.4711649191249,20.917423090414
0,-5.17297500143884,9.32072548189108,24.9309310666152,10.8590391366768,11.1918385351408
0,-32.0519008244929,1.23847366614749,8.03864381716933,9.8972795837201,10.8405707630137
0,-1.00431333085019,9.43034875256419,-2.13149128800116,9.22054963494748,9.85179721045889
0,14.6402537761269,-14.4680281425725,-30.0933312679403,9.02058916868388,9.20860922719676
0,-9.78792038334175,-4.93211850060691,9.12708646113272,10.0197466185368,11.5338836374748
0,-11.2033247939541,-22.034868739615,-29.880347047596,10.9506533862509,15.6314228961284
0,0.580398627396327,-2.26222546951755,1.53948915449685,8.54758934024057,9.91527363705776
0,-1.74110925686494,2.52247193836195,-22.273497143767,10.2667556132809,9.61742112538258
0,-9.40544318644972,-2.99226698064277,5.14991606633931,9.72320239094995,9.13793979377412
1,0.975552501876567,6.7955475453359,-2.91667929622828,11.9160005034272,18.9303417408171
1,-9.48445570205741,-17.5923225983639,-4.90747439865265,13.1801809955575,20.9445199563761
1,-7.12505012210727,13.0628493539097,38.2325110568522,10.530744463613,16.5306792113224
0,22.3529987038516,3.65571662605973,2.5447673673866,9.750714272127,10.5987256314436
0,2.58344725754072,59.3053413890514,22.7260953387129,11.1297576055306,10.8418262341083
0,5.66499698150258,5.03092946485233,-11.896313633076,8.36872045101688,7.51834559249833
1,-19.8489822916707,19.0249824047756,-3.97572003121703,13.1193554395465,21.9934963081074
1,26.7783379807165,13.2268861286577,-26.1915215714939,12.7327612601873,19.3284898409267
1,-7.61223254137422,7.29820971699373,-2.39324900478249,12.0153286752178,18.9790486372647
0,49.9224686202652,-14.33423937355,-25.6699865232633,11.1980707042126,10.3880589836319
1,-19.6201686691418,40.7949630675586,8.27416036156159,14.380466677894,24.0988338060369
0,0.283973637569976,-17.871604077251,-1.4192232687911,9.19263354316227,7.28983175191492
1,-1.59197801289699,18.304433101777,31.9595064292214,13.9458816685629,23.0243870484066
0,0.310099985949747,-5.88468500025999,-46.2937200410643,10.5288875528361,12.4262278492076
0,-26.4051473357017,14.73418092371,-30.3629505470903,12.2248881929214,12.4873274996836
1,-2.56570559590783,-19.9771814664373,3.00018206124418,13.5295129009183,23.0898297448374
1,-9.87860420565659,9.14099465990534,28.7291873745576,12.3352877810275,18.7186046724227
0,-42.6665480408426,-10.057177287012,-11.8875184800787,11.2829146374298,11.3676085687095
0,-41.210684849893,-27.1173393852524,54.2529648350784,9.69162940133355,11.6014154209227
0,8.77360329455517,-17.0565730143808,0.123568878712781,9.49450166195313,10.0342554528635
0,13.5894314979042,20.5060152192123,11.6134986703869,11.5706559060495,13.7265017497329
1,6.23012865089729,1.98115893735372,2.75331058947835,11.9348489684361,17.2894690540158
0,-5.54874775808228,-4.09150814642289,-27.193487538342,9.06780758112462,9.2833033933491
0,-35.860877567487,2.85765068904285,32.582112787839,12.0654119740732,10.672228361064
1,15.046807511947,24.8657085775303,-16.5575661950342,13.8335461478509,21.7677156938587
1,-2.33246438328077,18.0678540918372,-23.2809745528492,11.459589992547,17.5080724439719
0,-5.82997583543341,20.8657439778733,13.8387017084463,10.808102029887,9.70512076092798
0,5.29828638046374,10.4567775376228,-38.7491749013568,9.9090124183863,9.57806500624536
0,4.19133544182376,17.1786096499906,-42.6737695855028,9.90818997488587,10.4461992495277
0,-11.2777832446404,-13.8112808990817,-20.4547181621813,9.15891957971586,9.35474612555118
1,1.3123418942332,7.18775097579282,-28.4228912306874,12.5054059131954,20.9944634120616
0,-0.566169700341663,25.1591817982552,20.5046551562395,13.1883541117777,14.0177867816054
1,-44.9942069685092,11.7985700023466,-20.8500374025522,14.664402313297,23.1358865234156
1,-5.50091710590328,-11.5031731274939,18.0014448890054,13.125012211989,21.0473360056765
0,-8.10043097415266,0.687922969950318,-0.726936445045419,9.63912027898148,8.15902497022768
0,-1.73127248365111,16.4103414070173,14.1349579189089,10.306856183864,3.62276467253262
0,-26.4162835986839,-14.3074916432838,11.7592656226888,12.1727766691563,13.564176389947
0,1.18122552448788,-0.380606519110346,18.4355026576138,9.41006917062607,6.87261701571849
1,-6.93687068660086,-0.926898037158195,-2.67303156131974,13.033774353697,18.9808482809508
1,-6.16986430519848,1.94891532493323,12.4669677157855,13.3507465123575,21.3065365126894
0,25.8553795942166,4.65665152717273,9.90678933249026,11.4445908927586,10.554443860336
0,-5.99677576714558,-21.1339282466793,11.7165141483029,11.5904198849034,11.0667962496857
1,8.25201367513722,-15.3458523947506,-13.448668710581,10.8550782808493,18.076200868928
1,6.47407511289831,-11.62122233715,9.48508597806645,12.8251744969135,19.6403811228536
0,-2.85999106929829,-12.1497472017601,26.5691846984329,9.95939978351215,13.6837768941285
1,-0.368775092943872,-12.5814345122096,-15.2658161072278,10.1017822691995,17.969973929281
0,28.5997970586677,14.6233202085527,13.6758202934954,12.9381872107893,13.0731718614195
0,-0.193756037190365,-12.334255871113,4.27751167703376,10.8919847311843,11.5182401338206
0,-15.8567877602038,42.7337683120598,-19.5406485592057,10.5209892043801,9.03304443048453
0,12.5408429499373,-7.63174948916797,6.10808686682067,11.8177798320202,11.405592208793
1,3.43840844602389,-24.9968898379004,3.55509054163101,12.1791712805573,21.4770711168716
0,-10.8895079616227,-19.343488730078,-0.189173115856656,9.97929509279568,10.5770925777104
1,14.4109311410714,-36.9225322047141,-47.9397323952616,12.0939834981053,18.5271672081662
1,-18.1631628578267,1.90327117954896,-41.4439678781952,10.2847465618415,16.0722578349824
1,-20.4589488582717,-6.00331731514472,37.656951597423,12.675392649409,21.5264525016825
1,7.8155779934332,-0.939735783143459,25.1173308467934,12.2624142969899,22.288697599345
0,-3.68458668739454,19.2686272341541,4.34695823642806,11.2492904954436,11.3885431082821
1,-55.4291436348535,-8.63053738105532,-32.3819429627606,12.8508478289206,20.3877240477361
1,-2.23119507317939,13.6465886820796,1.99832191432952,12.7544626824183,18.7177219102417
0,18.2352716696718,-4.11760708322661,-12.8975470614361,10.7150754178204,11.0165133200593
0,7.08276442769351,-2.052750316523,9.08393893071278,11.8235786553941,10.8142555995398
1,-12.5641359310098,1.23767015049239,-13.9295018599966,12.5146433090372,23.0588695336768
0,7.78292649722643,30.043730773655,-13.5077507240133,11.9055985577881,11.1304500351167
0,-7.01746211802815,5.88236890398686,-4.01250286740919,10.058577143355,10.0894104639403
0,1.2625001512514,7.43499659229134,-0.93894222820318,9.96376444901333,8.72770866047131
0,4.86289796097003,11.5916386209616,1.36415579264642,8.20033682077707,7.59600946878136
1,10.9370927071794,17.5994761441108,39.2015967302112,13.0160244164345,23.0889258703304
1,16.4518147846044,-0.173089711107895,12.4448118482002,13.931425566421,23.8849295110317
1,-1.0216593921163,-11.5812262313453,-24.3771112399637,13.6348859606185,23.4553852749254
1,10.9915152798123,-0.582987645097276,-4.45962965627059,12.1141025566976,19.0167441725301
0,43.2287943319274,-7.86889680837767,25.5599881496588,9.31349233817267,11.326847321213
0,10.4105448443321,3.05012231137739,0.377788939044845,8.86732608113986,9.19222241112798
1,-3.35648332335043,9.37678042979927,-3.03775870323024,11.9664561528258,18.9382013262083
1,-17.5049247481961,-6.19897640319278,9.1934873777058,13.8258449164081,21.6267287662849
0,-14.900537000846,59.0151866945629,18.6918226624102,9.73079006722335,8.36157472540246
1,54.5356622236285,3.78898443966386,21.7955468749247,12.4400875858345,18.2218796386168
0,-22.2039949333059,12.1081871904212,8.49788804787975,9.78449040776038,9.7200090047647
0,-2.34566220512392,-26.0011865250248,30.4362081195143,9.46733814839173,7.88425100849974
0,16.3854700365739,-1.07090834249342,-27.6221959690032,9.54906625243472,11.7573571929409
1,29.0033985885609,-9.28810873254377,-18.0299113826748,11.9204659103055,21.5292338431019
0,1.09308389777441,-0.777161430724956,-4.26323061403895,10.7792669743357,10.6246847459005
1,26.3860692307511,6.14115749106204,10.7049452674956,13.5264770447097,21.680237983157
1,14.1452898727955,1.7985805983627,91.4028292884514,11.1869286140385,16.9558052078536
0,3.01844950341754,12.7149617182641,-7.56273131559835,11.1522930448068,11.8225635904745
1,8.22542556710017,-4.43112084110195,42.5030476084399,12.1564081107185,20.1497751696617
1,2.50598124809303,0.204725742939499,11.4688250222746,11.8298093825383,19.59800865053
1,20.9633807829723,-26.9417605767182,53.8498079137208,16.3126361987543,22.0348643715549
0,-9.20259974267392,-1.22569493834615,-23.2481753213791,11.2944445697141,10.9345998623918
1,4.79539430003949,32.8097989067249,33.3673487008981,11.0686527846216,17.2708619934925
0,0.139624262445128,-37.5316736826842,23.0058896267773,11.4066624265969,13.1135834363386
1,-8.05558481952968,-39.1126305788673,8.98503372723507,14.3811957707233,28.9448010119499
1,10.7399091710747,-8.39406342999976,39.3368791897074,13.4631743213455,20.8145517578173
1,-10.4881910350142,-2.21068166095853,0.805453056326892,11.7429012369054,17.6035638183395
1,11.4142615214647,7.74898964993278,-30.8176667567389,12.3394153496005,19.7691580027315
1,-12.0172668389736,-10.0610124931749,-1.82086597422069,14.4991958373811,24.7480365146989
1,1.02083697892586,12.9612639704459,-18.4816211215692,14.7827524318087,22.0499333738723
0,-4.02401902662223,-17.1742747277235,3.23125061221104,9.47681972835155,9.70002520800946
1,9.4550651999432,15.0070869491018,16.8552232124788,13.9282964709637,19.6705869859056
0,26.2253084280838,6.18096012901895,21.5695798227396,9.12935017165713,11.622136840665
1,3.43601524436619,1.18998368056445,-23.6417541676144,12.2689347992332,19.6325733179303
1,-6.01008566831568,-1.62773527346444,-12.4316256172642,12.3244983128013,18.6697066300895
1,-18.5952756940139,1.928415781648,9.1932895706639,14.9428219915158,24.1880804405361
0,-3.65834449501059,-6.22336051269117,-1.13798762232388,11.0470926652914,7.51175221331206
1,6.16754955382372,-1.26030040952881,-46.3285410378729,10.7338826930043,16.9250879958571
0,-41.3080936677342,4.15620966715529,-15.878748902705,10.7259125756043,12.2461923341645
0,12.9195609020682,3.16561123589714,-8.26219269594789,10.8383620102628,11.037753414875
1,-0.277003396356585,-19.4907010759599,44.3462361064797,13.3515323867343,22.8480357685908
0,-7.56545910160736,1.55679797151672,26.1900443911528,11.4148894994987,13.5614114529441
1,15.3831750087289,-10.4363994716855,36.9312807398491,13.1949408685642,15.9126901218837
0,5.62323591278513,21.0918620001769,-7.21382647931802,10.6790201028126,14.4544208029006
0,-0.972612276606469,-2.0840906094943,-3.71956086309157,10.6341060979071,10.7846288341853
0,5.86656532629016,16.5046243150107,-15.9520759129514,10.6642247149187,12.5904913423814
0,7.07740397512899,-25.4286000013063,-33.6937804567788,11.9922210588618,13.0788604176037
0,-2.00086328779557,-4.51256463057616,-1.13160338571035,10.6301739100867,12.096167428228
1,-18.7708036840921,-17.2461115641022,10.8507606667839,13.8150321549389,19.9802856186881
0,-13.2645563960788,1.66626018240363,6.74359436054121,9.68712045136625,8.55730347706316
0,-1.99992039716367,-9.73905368808774,-8.01989916724332,9.54845875153452,10.2255761890219
0,9.13392205038198,40.062817221216,-9.35090066083847,9.06368951276515,8.30924357096765
0,-0.830017903321711,3.82228801348365,23.49871314619,11.5055729527369,12.0507600776053
0,-0.312512156868364,26.3487957048592,-3.75553025844773,8.83081314128602,9.88929006438311
0,9.3888111687949,2.20858730927151,-16.9772074179166,10.9903031374965,12.3534521767393
0,1.78372837329116,17.104619063275,-6.68591722509884,9.09906419608954,7.03680814548574
0,8.85702319583213,-34.8893995436402,0.0210457294766604,10.8429916216792,9.1036489716468
0,-26.7738026503013,0.772895640458834,21.5705335604879,10.1438493447496,10.2195210673597
1,38.1083685831886,7.17180912387379,-6.41923553320431,11.6582590520069,18.92576616474
0,6.47305932576055,-6.85028146821081,-16.6074480214866,9.82880444581028,11.0899569735619
0,-8.08036101015561,20.7958201924077,-12.7848478897234,9.11775669363884,8.79441129336323
1,-10.2389335962192,-5.09258675199583,0.278844058663171,9.85522892781545,15.1142596573335
0,-9.89996612103971,13.9421998326937,-21.2464526753171,10.1478395834055,10.7339414064381
0,-29.8975738112059,1.18759290059798,-39.1502641826144,10.4019183645834,10.6071427817487
1,-2.80308677408645,-17.7060963438593,25.3184170636055,13.8601757133453,21.3254544517526
0,1.60823669503182,2.36535642221655,20.1591258485233,9.18469078498254,8.37942702445317
0,-2.29666410323663,0.939434335273402,19.4187271325388,10.4925149803197,8.9655083825964
1,32.2115527131699,-28.4077693579388,75.5453656679869,12.7677640330527,23.0046442283924
1,3.17226808649487,-5.00471052635205,-20.208863421752,14.9865322616129,17.3300766231756
0,6.45949773312937,-2.66581603098193,-15.4225984529017,12.826827744956,13.1464741670328
1,24.8654349288648,6.51726261520375,15.7826418943263,12.9935947161965,19.274011151003
1,19.7708818753006,-56.9098733279529,4.64365603777727,14.0936432040708,21.0512426714177
0,2.08777945797131,10.7189953255041,11.9223886060783,13.2627727859605,14.0124235006183
1,-3.42428854925722,37.4989152571301,21.2301516800934,13.0492448853843,19.2230847732929
1,-11.2161372432958,-32.1288191952055,-27.665605932204,14.9691066613081,26.8039193303913
1,31.6226297181204,-10.9835850171348,11.0203115484877,14.8165121554009,20.9452123995005
0,6.39254029643243,-5.89081168184198,37.450055858143,8.79504966431768,7.75035022891824
0,4.47058888627455,-6.7167036100745,12.4764944938965,9.36467553525793,9.64141058145054
0,1.50836382864455,24.5838088609492,-14.9676918926337,10.0998245494775,9.26561100826563
1,0.0990577600945703,-15.7135489142511,1.41241028771873,11.0963956841256,18.7044115048178
0,-5.00045724873237,-1.68015751039228,-13.4752084770479,10.4376330464139,10.9889852237535
0,12.8851983197384,-1.27539733351471,25.0027918300003,10.8463093368826,11.3984034603608
0,3.84194313883866,12.9913472026933,0.285434400422884,9.08770709750291,10.8095124064199
0,4.85841282355014,17.610357653234,-27.3462821232352,11.5829334215037,11.9448257056775
0,-10.2591195274974,-13.8640132276238,19.9093731674345,11.0344508835092,12.344405497245
1,3.71474989056122,-3.30068233833599,-27.4099908529324,12.8718434878792,20.996739172196
0,4.15414914296868,-23.6738094005451,-3.14904310438329,10.3051769693821,9.45458693257785
0,11.9613630407624,18.8114900272706,14.1563051198354,10.1103743570367,10.2312364279047
0,-29.5847587831587,4.22806945432312,0.684723270677815,11.8704469331112,14.3039268405458
0,5.40210929794446,29.5754645235625,-6.61512969133383,9.97446601401226,7.50396627027052
0,-11.2564914432207,-2.65525187285679,32.7423717316288,9.51931895598502,8.21146870246997
1,-36.26446738093,-17.3200800288316,-59.0165086529128,12.2364746811787,22.9772412679287
1,-21.1398956001185,-11.5766298771524,-55.2734191872617,12.6005881786684,21.1459135916798
1,-1.20014075198,7.13519946768648,31.7047644489056,10.5350618797364,17.8422583387013
0,8.7086398561236,-11.5781271121815,-5.73669091566511,8.81023101418746,10.0002678849582
1,8.2345978683067,28.1248752677075,19.4843438609233,13.582873106259,22.5900557639885
0,-1.93929578797936,-0.83782429722512,17.0944585119126,11.4158673345945,9.60759179697777
1,2.74416477342861,-8.19060189659898,7.02960871988189,12.2993248834461,20.1003676474265
1,-3.92676287946063,3.45299440393927,-5.920246103996,14.454168217003,21.5058292149655
0,-2.07506960435379,12.4420834384726,3.04822959348059,10.0626932923661,11.3066255411419
0,6.21845267057763,-38.8028652601103,16.4425575154444,11.7758017087795,10.6795239420451
0,3.58793234949798,5.63664495117544,-30.6604227327625,10.0913969293774,11.0887256649845
1,-11.0060350028539,-5.89708931739233,2.92032814188099,12.7054646848322,19.5445660733751
0,6.57643766333533,0.725731275771244,15.821672269808,9.6213496972674,10.4678943174734
1,6.20104424573712,4.82372723854352,-5.56869865487578,10.4011012035388,15.9829330694679
1,14.7537093949985,8.41929645029593,20.6252183367136,13.4115407561728,22.5295679273715
1,0.973004252529339,-23.3670677092938,-11.64801466359,11.7868449349707,17.788125954353
0,2.19762749578449,-11.0710574916049,-5.46052619222593,10.2759499880645,9.98439285516917
1,-11.3050888386733,-26.0134757666295,-29.9276542533288,12.8223535838853,17.7484746295085
0,12.3297533237184,-11.3065611377417,36.3549359206486,9.17153656336181,7.69017126034826
1,-0.110253400265034,-15.7407221730864,1.95158089505223,11.3794752712589,16.480788607488
0,7.11690874401929,-11.6741434353135,4.00729522631438,10.2660705553429,10.2488416109988
1,0.0173650774738224,-1.56218969269373,-23.7985891706121,12.2519512250891,18.0313107603938
1,4.18192223577552,-5.81810785993338,-9.28324871002214,13.9533862394974,22.0051599833652
0,-16.3201020044873,2.26755625906338,-13.9455685326898,11.5609550063214,10.8088220587105
1,8.13020149289673,-9.14166511044203,-53.4682105273713,14.7375055807597,30.0252756953206
1,12.0385721662633,0.265774973766656,-4.28653563990479,12.2390560652014,18.0363416094732
0,12.5267154231233,-1.44443084682764,3.17816263934947,11.3767291366666,9.91932553562185
0,-8.12539286879496,-17.2009562331909,-30.7533153299585,8.83359071029688,9.33187514965907
0,18.1959467379041,-22.7349009143222,-19.4464334600843,10.1075182577843,9.29403770036831
1,41.3715095856925,-0.888883691748955,1.75191082142945,14.7483549202541,22.964999409034
1,-2.64264220273533,39.8493845483569,10.1259030410038,13.0005257292894,21.00891173308
1,-23.887551349733,-7.83240618878234,8.89157696303594,12.7263903391613,21.2908370701246
1,-53.8193081306456,8.00023242774819,8.42806223422256,13.3415591390429,18.6260331022485
1,23.8265872620182,-10.6424086260656,8.9940389757525,13.555724366955,21.5322051684442
0,11.8019815921209,60.8039312530677,-6.13285396114491,10.2636461314137,11.5630619985967
0,-3.1504973746576,11.3129421614359,-31.1093985422619,10.9911618418213,14.2375876047518
1,-8.61237920447783,1.89275594526148,-52.2796837304331,13.9401392895786,21.7255618721264
1,-17.7666810926564,-11.537759142702,11.2616254881627,13.5950569527325,20.2912911369795
0,5.31641412950509,-5.48936243136545,19.6705035292843,10.3059924139157,10.1836790343205
0,-12.7925603339559,1.73548427179107,45.970378748132,12.2030961662692,10.3495695360271
1,0.720341230555333,4.20954741119699,35.4369473837726,10.6316403301882,16.0656760904497
0,18.9518232348805,7.45647688915328,-16.3707684917736,10.852245199188,8.99245620738332
1,-16.2609141882573,4.47871716810045,-7.60192951008899,11.8886125072968,20.5213325556317
0,-10.3622699413777,2.7761543601317,-4.00479203925979,9.89777078669531,9.90934019205932
0,1.05241234447371,3.74824942750393,10.8312307333861,10.839814902913,10.9379520366979
0,6.18342013109343,13.5095492418198,-2.27373786080895,9.35493960184706,9.10327360997288
1,-11.3973432359938,-5.46795881147055,7.01683191743488,10.3119281458615,16.5910652937682
1,25.6919588465665,9.35881663351324,2.04023481384498,12.6823700513981,19.1546108386374
1,3.39291384818055,-51.2219789301061,-4.5464297824115,13.66856237869,18.0005951645944
1,-2.3468718899335,-2.12847203863577,-3.39971766130769,12.4157593665855,19.9971417789353
1,12.509418194413,11.1165680514703,-4.14248325683855,12.7245303048927,17.2541296336061
1,-20.1860284482739,35.3432604114002,24.7894864854745,11.7110304277936,18.4879522535679
0,-10.4016407844599,-26.0063234398149,3.53724977946651,11.9640269526408,12.4700695965262
1,-0.939431456428106,2.78841622392617,2.21662978674561,12.767553936,18.6425116173905
0,10.4889834638298,30.7454711014871,-3.42478329160373,10.2615082093624,8.25446847299035
0,-1.00838734824417,-8.76063850172274,10.1901033890407,10.9575806922868,10.4877037627844
1,8.33085319839711,11.4724984012189,-61.4036950270419,12.6666270970422,20.1255822136831
1,9.52089379720753,-5.6770267161338,-14.1835275514196,12.0551002208178,18.5850707870183
1,-12.1310923958255,-11.4082235086695,41.1148150743922,11.9533210506558,18.8683558922469
0,-15.6196345622183,10.0522081228356,-32.1716878886311,9.66337141439281,10.1910781514603
0,21.2190798346823,21.9104133920396,16.7599215967112,12.0946247511048,11.9416806506919
0,1.58890961712587,21.484415920326,-6.10175450786892,10.9225152459747,11.1192513791594
1,-12.1300054808522,0.563206701926493,14.399677440148,12.7908502930209,18.2352163506204
1,-1.45546966365654,5.46984021642352,-28.298886351676,12.2048276036696,18.653192135368
1,-17.5115293381367,-19.2197377043821,-18.8696288307027,12.9337964362861,17.7764849656514
0,5.87503744675375,22.4155171686887,-44.9797849483844,11.0289210827594,11.3867839105304
1,-7.05170321449205,-21.2814959889979,-4.79892708209507,11.254790909013,17.3498819042739
1,41.2126459254079,3.68565166317738,-12.6375569742602,11.7497160146587,18.3962582885096
0,-9.94189292141455,6.37374117582617,3.41089156388518,11.4421979690829,11.4072435653331
1,-17.1533725699526,-17.7599745576832,14.4849023387776,12.3138034821839,20.0007513935405
0,-2.65856599748401,39.1638515485977,6.54117793281098,11.2714141254936,8.9567229124903
1,1.99083510989091,2.70272188228334,-40.4672046928892,11.8802708545366,18.4920319044721
0,1.03068101526734,-9.35308044927964,32.0750310150765,10.5563119538276,11.5561145035399
0,1.85458572369072,20.6459133309158,4.35757526188474,10.3735685124282,8.69289208950178
0,-3.11509641560665,-2.94391182465336,-7.76995334372814,9.83794934587478,8.84332535491106
0,-19.0114362037744,1.46932902381251,-16.2963154958674,10.7619637458649,10.1189080764158
0,-8.74558568541496,-3.40151626875835,-5.16268121572386,10.1434502394495,10.360719609877
0,5.81209707701352,7.23013568263191,4.99794107921185,10.5824357857747,10.749818493615
0,5.54984563358294,5.60958701441909,-22.6103138800991,11.4808887721836,12.3669740295826
0,-4.1726666138985,5.51425279582898,-20.0639284770347,9.14274820016907,7.57583630304648
0,1.90747725605483,15.0906670408578,-12.0490778704465,11.055207880228,10.4746758438843
1,-1.89493843807894,7.92005537696358,-36.2292684198966,12.9555055914588,18.8132680217049
0,11.720613721152,-22.2554228218499,39.4742104608307,8.60860185852142,7.83351837994662
1,8.26145581040135,2.76463817195652,-25.61179731557,10.9123479921981,19.3699529123978
1,-1.14750561829066,-7.78781901359161,10.3115329339081,12.627517264596,20.7293982448521
1,-31.2913344132928,-6.99529513794181,12.5935585680949,13.174168144288,21.0133227196304
0,-2.07319373713318,-11.9750061224413,-29.7426613671597,7.76059129215019,7.34131059836501
1,-19.5774584348981,4.14819210638267,13.1418833712108,13.5271639286062,19.9930820905532
1,6.81694787376447,-10.2676901714763,12.9960995563545,11.0040417220686,16.157913327517
0,-7.69999103056056,-10.6286061902595,6.51225963707244,10.025384004088,9.30354765651104
1,11.1678368661939,-0.591284420131556,9.49212149408067,12.2723721176816,17.9143315773538
0,7.48263098896244,-18.8201761802528,-33.561906942599,9.89281914252032,13.620574490159
1,20.6834429800238,2.59451690068441,-42.5731722082554,13.8777553931858,23.1140787364953
0,-0.811127911395114,-29.0965568133719,14.3825666601838,10.1564613743535,13.0735254330295
0,-6.08745429687969,-15.719347262367,8.99868681769253,9.44508321550542,8.68704273829144
0,6.479917376271,-1.5229327574337,8.45750711555689,8.71200904767597,7.91445386287466
0,-4.13671334794062,-18.8748313925327,31.3078819038836,10.1718456893763,9.91543585045175
1,2.12734277581077,-19.8260163125097,48.1656462436525,12.7218064869016,24.1240086580137
1,-28.7405857832337,-2.15474859669845,-8.51744270646524,10.4873677769893,13.4849940335846
1,-3.11918439322243,1.16233208503901,10.4490604788184,12.3239924944688,19.3356956754664
0,16.7027592168357,-40.1347209717053,20.9939011813952,9.63562639140226,7.90611937282911
1,17.0259965968849,8.98923592488182,-10.988506438328,12.1589989688304,19.2147084049074
0,-14.6675156101961,7.41247364062879,6.74784596022015,12.3477989104656,10.0986384382902
1,11.0017545403737,-15.3222165427486,-19.2828656877198,13.9115961675683,20.8814765638508
1,3.34719345022613,38.091949794794,-19.8429160791845,12.9201070191906,20.7867750344352
1,-5.07680945442802,-17.9696628002486,-23.6535951396663,11.3952143127835,17.6489855535699
1,8.04612981405351,-5.18823984036957,-55.4944512256829,13.3477092281111,20.0850252183428
0,-0.755900208716768,-19.9836996719439,-2.14085814164574,10.9736365580924,10.0784021047691
1,-18.8778402664655,-21.2526589401136,24.4082160851899,10.7555017255134,19.317406162599
1,9.30859582717816,-1.94809071555107,-31.9862496441558,11.9257708388988,20.5883945163305
1,23.9334795353711,-11.2867505837875,15.4895233655853,12.8953512631996,20.747617039759
1,-36.5445772457425,-10.259603028427,14.5464276854843,11.9902841850653,18.502508518891
1,-7.13142136419328,-1.65674344663764,-1.86057593397512,13.5020035209713,19.5116628239359
0,2.24729824441048,5.7018341738991,-20.1506451474087,10.1874514133937,12.6051465563478
0,3.66223556786901,12.6981753670904,6.263158204104,10.0945866217606,12.6629488342297
1,11.3333027019307,-3.38847150242205,34.6048519516224,12.7139198949483,16.7637820002873
1,18.7217525142013,5.05806118538956,9.32107007733596,13.3622501139039,21.86533913946
1,-45.0092943986196,-4.91863194239355,-23.8356624511946,13.3116227149905,19.8888183817653
1,-19.9436833154964,-5.79054479349067,-22.5016379458685,12.2157992087027,19.0937860329127
0,-8.12769563758312,-19.3380498484616,-26.1077682382227,9.2826989321631,9.38342951402304
0,-15.8464956099615,-0.886183634364589,-7.80001522841221,9.2763528602435,9.19845765265976
1,34.9778987065341,28.4980255553405,17.4726699946066,12.2836695990672,18.4286026774769
0,2.22887733799669,60.7461965794316,42.558966010074,9.27308578692221,10.3884832377838
0,10.4626362288051,-6.9498943451091,52.4064050781839,10.0340388246703,7.01138025858999
1,-7.48220086295866,-15.0323843769913,4.67316591902929,12.7331717237544,21.8039879636293
1,39.5868730365288,6.95769944127444,-43.7904309914581,14.839392996642,23.1303762418336
0,2.93889550921447,-4.57010853961274,-16.8576971899023,10.5208894752029,8.4713908174238
1,-15.022349901609,6.39646652510993,14.5418174309417,11.5568926389749,20.5243939457155
0,14.2360414010227,-14.8904646632181,12.8460865214301,9.30713127448844,6.5362545940437
0,3.68016484416129,-10.0265236819035,-2.82614342033063,7.97436171139857,9.23533251687982
0,1.50920562166385,24.6695274689204,24.6364042127331,10.1726381418648,11.9336912211742
1,7.70096510589244,-23.6769899849231,-6.54790557812168,13.6090250591134,18.7779404020721
0,-9.09588172530771,-29.5851517654641,-13.6695791530568,11.6663484247883,14.0542243767717
0,30.4938426418776,0.989566680646367,-8.12319788367941,11.7256306339341,9.07288192062065
0,-1.42966205739862,14.3209114058232,-6.82637838448543,9.34128140907028,7.11363880618832
0,2.18444564169347,-7.42995566077526,5.63634275654519,8.45768543974697,9.10675405980854
1,-49.2698217968866,-16.0310772888123,71.6272122211546,12.7294719399695,19.5827777465515
0,-0.026483328603192,-5.1822632401046,-11.2422856911371,10.1613191472124,10.7227185932574
0,36.886658493255,38.3161023508837,-11.5837122558369,11.3276677738551,15.4188923808739
0,-5.73869490411423,-26.3725449423272,0.884816920287499,11.588496450987,7.6557102993515
0,25.1686582754739,8.58897675786873,-5.08710399439655,10.3621486154915,10.5821104670248
0,-3.33206209316379,9.91977618659923,9.15951291175517,10.5977696431696,10.2050561108542
0,-38.9677734687424,-1.20231426515212,25.4578821828487,11.8704422290432,10.7734985877926
1,-6.61679773454474,0.765646069148536,-7.23414231213905,12.6201376082226,19.3078085859241
0,-19.6941000485059,-9.90671002384217,3.2538949106723,10.6474777520987,10.7715927764385
1,-3.51791743703143,0.307643731132712,1.71619872993888,11.294718594834,19.5964014230813
1,-0.637944473109556,-15.6217657446985,12.771853693822,10.7036168327119,16.8414296910767
1,-3.01333030915579,5.07406391495116,10.3525988233125,10.3387429873168,14.5061098796637
0,-0.0191371237651836,10.6836777301232,-11.0931211327616,9.9870069659989,10.3218173265756
1,-7.9752049115909,-11.1900864758542,-35.991095799853,11.5850370643457,20.1038831023271
1,-11.3843021441269,8.54329375880045,9.63955425581553,11.3975533761541,18.4216226948195
0,-4.14383873553246,-16.6786880904121,10.6990739660982,11.5149766213815,13.366882493117
0,-6.60782717997147,-5.87742870942299,38.4413111436353,10.4673800060384,11.6715563064275
1,-25.1204389380247,0.223019884856819,-41.6831206641862,12.3411282883995,18.1782585094366
0,-14.349420830167,0.0569724124047608,8.01552102133903,11.5554986312986,14.55542816954
0,0.0357795680799062,-25.3696247782642,-14.9804081968854,12.3072176376188,12.4430956295332
1,7.83138876461025,22.7703931747979,5.06289088874171,13.9594588962603,20.5616892820456
1,-14.1382710907126,-36.0908745894157,30.8865431411539,13.3059604294934,18.5128504546559
1,4.88766693202462,-1.9021710571847,21.1981193940665,13.0224939135286,18.6765562372825
0,-45.7383254540734,3.27094582222699,17.1227628836996,10.8759632339162,11.408462545397
0,3.37580049667123,-13.4433992591491,20.7353273040119,10.5984453072304,12.8658101974403
0,7.89431479730113,-58.0764914928376,4.80277324275217,10.0640820534295,8.47807593684152
1,-16.576879015792,-27.6186418173935,7.81871500674327,11.4370115138909,20.0932784510012
1,-9.09294490266228,12.7071371786753,18.5434194647978,11.5140533233381,17.9752768467312
1,43.7006974171994,12.3698987500417,-11.7175257288231,14.5794506540887,24.6511028721056
0,-4.66099038756582,0.922512708622337,20.8613175040535,11.4232821163336,11.6236397591397
1,12.0306216031676,7.88559554832756,-50.1132915504971,11.6319172092314,16.0648273225722
1,-7.39578401869699,2.96592642375159,-8.23868002187271,12.474226696298,17.0153269481972
1,10.8968210964106,-1.86038582151356,-7.35535870674436,12.5308394297814,23.2766776330301
1,2.08957071017795,-2.5204796386291,-8.88545863709325,10.8039340273426,18.7114854883749
1,13.8843483674009,6.12345204078559,-50.7986441966369,12.408480409913,18.7387120568892
1,20.1974642149573,-7.99433461132462,40.6782917768099,13.5120115464895,20.7916124545201
0,-7.08348111114639,-6.50394858663758,12.5981459016429,11.8601345089045,12.4422322577207
1,-9.16368474565497,7.76442622348957,4.66488448238003,13.7279936028726,23.3861040584588
0,10.9886792489035,-49.9622828848591,-15.3518789874781,9.72262727666073,8.2228171146106
1,-1.8742591338366,-26.3545850185582,3.20176669700848,12.8881247277879,20.46060047653
0,-8.05036533150215,12.9251587185709,-68.9585048305789,7.93555050973731,6.77857090234001
1,16.332792701858,-10.9510399070143,6.71230500494057,12.4842363774478,21.2736666669933
0,1.56180057532332,4.82205687552913,-27.9087719930159,8.72853925702677,9.06018603444284
0,-0.931773839953113,-0.919355938112093,-16.3926209650586,10.1476201588977,12.0756483237897
0,-3.20849440455993,8.23025608163385,7.78759390064032,9.44822924061686,9.65501199757499
0,-1.79858197548591,4.03620565515435,-34.9780428133215,11.2637060075604,13.5594619114746
1,-19.5667061354695,-9.03882617406988,-21.0847664186089,13.5952348737886,21.79345888879
0,3.23224932415477,-19.4161993868109,29.6869324806692,11.3407541738768,14.0551692825484
0,-11.878241545585,14.6905540903426,-17.1801344683783,9.11766119053691,9.42179945430889
1,1.15145578496035,0.0722966790480433,21.372909698433,12.8497427639767,19.3523241965419
0,36.4200200868449,19.332887635044,-9.67271317895777,12.5132165279608,15.4922558538011
0,-6.4203499889125,-6.70731641954416,-6.41270574816609,10.2870720816252,10.3495636661047
0,7.81031084604735,-13.0798478889357,-0.663831105702104,7.6700956125288,7.22446748806845
1,52.3860384632052,-15.4243082003225,40.5958197875604,13.2983105344252,22.9144094095838
0,-6.25580511334733,-11.2319144304231,-6.58377186475524,12.0290859673013,13.0293204169575
0,5.96499732647789,19.2191778669892,10.5212382371274,10.7014407641535,7.37257403933728
1,45.5910942801182,18.6540735629623,-49.9088476954955,13.3114624470514,16.364533952249
0,-4.03598143880695,-21.6312480950856,45.199431090756,9.69185536895744,13.8863051136362
1,15.2373408310028,-63.6253991800109,10.2667922985,13.8391433797272,21.6007010312076
1,14.2032289246738,-7.80194199718725,63.1489687169164,14.4220109121036,23.3703933776925
0,15.2875545252051,-14.4932116474984,-2.73017384816114,10.242678444935,12.4807657438766
1,5.59525593652914,-10.5023971030237,-2.81862794201005,14.8960838874247,23.2443877877881
0,2.37496813236823,5.03548175179478,-20.4179563396931,7.72416506258817,7.78993203215401
1,14.4984926710231,13.0960787193278,-34.8743504910752,12.8838690071705,18.602751843293
0,-12.9403725594801,-1.00426480013356,-10.1670280985665,9.4335337124983,9.53093524958184
0,43.1102618385109,1.2974315315758,-16.3726319630039,10.879257166517,10.7741520528808
0,3.7965745601206,33.1369817275921,16.0710014568897,9.77775361151093,8.01655749075688
0,-8.66708616609573,-23.1908707025832,2.34940451279158,9.63717893732318,8.79896082531921
1,-8.45128239587236,2.70048318411365,-10.9283966482404,11.4583481776631,15.9578134665804
1,-30.3589994112335,-3.20641847001366,-32.6265010934808,9.79851406299631,16.3013619429131
1,6.21944261816999,0.28982845851396,35.3545744282383,11.8769714554801,22.1906622949782
0,-4.32533940175706,-0.148367131609901,-35.2526014765221,11.3390268775991,12.3728945260507
1,-11.1713495113559,0.643127909537406,-55.0514185261921,12.4390422989433,17.2509107873806
0,9.77295224704008,31.0689838553532,-19.0639507601611,9.49390875449365,9.4186088516524
1,-23.4163519376381,-8.22604694336739,23.1968819445132,12.6424100562324,18.7036771622205
0,1.14770301206796,-3.4259779764797,8.46398093849318,9.82991388155402,11.5726404333102
1,19.5694883319991,-5.17933850275441,-11.7423751043856,13.4246685168145,21.892541419003
1,6.36863007499196,14.7133908179911,7.31697661117749,12.3754617544709,18.988890106445
0,7.96195126361677,-1.7916898706991,19.4875069571533,9.33769758406113,8.61984989386801
0,16.6974872824764,22.4680647126161,-14.1523791630242,12.1100374664113,10.879630072467
1,1.13635274742802,-9.52165950942281,-14.7928323517261,10.7763119509887,17.3737001689561
0,-5.10997725189162,17.7268424473055,38.1943530349961,8.5862872169861,9.36266259928485
0,3.19385985131546,-66.8549289778214,-10.5148724661772,10.9141558509332,14.5462599015551
0,13.5458787237735,4.59722627644511,-4.93287248256349,7.7000333188301,7.74963626215706
0,-31.7532686012504,-11.3529228028647,33.6977761967674,9.42273851903346,9.02922708427929
0,1.99916810054909,0.801356031486878,-4.75658229803207,10.5436974693047,10.2635478729605
0,5.29474568672759,14.3453494706952,9.91091347540343,9.97106442103639,9.03737866364781
0,3.25134093705037,-0.0959438161378876,49.3147538196518,11.013838978613,11.1153093936738
0,-8.81954190849494,-8.67850828101626,7.73007021332784,9.38202713179717,10.0411535229228
1,19.8651442807724,3.11367848329303,-18.9562572157417,12.9745624607908,20.3440224669144
0,-11.2804833173815,-9.26386674910824,13.7078840052395,10.9457882909291,12.554121680286
1,15.6301533217435,8.33532675280641,3.27452644839278,13.6570482227503,20.77104716909
1,-5.12655123569153,15.8276136047498,-38.2973459771147,11.3245944100352,18.4752693653861
1,-3.60687890266372,18.0791184592289,22.5487777638004,10.9271697852487,14.3267313651593
0,10.60746528366,-4.94310007602461,16.1550000584433,10.5222026758141,8.78438701076975
0,-6.70492827578765,-1.26359096634194,-7.15459564058642,9.22426943381767,10.1732751707487
0,0.795966339155693,-4.15653540085733,2.24237062093897,12.0585716466902,11.4100795845637
0,2.93239731040375,-26.1637955869565,4.35781060576623,10.0167936838525,8.90388602387197
0,-6.87402415663578,6.80832223537547,-8.17843455014841,10.0724355319656,9.8553414809598
1,-10.9850599116892,-3.41408438742419,-17.8206414348751,11.4955839404463,17.3990659677698
1,-0.250512553053104,4.45566397964234,-51.3889640254158,12.7292021029164,23.0288657221035
1,12.9216275660443,13.2070999521549,-33.5111949714186,12.4327596628217,19.8844228087563
0,5.19627383866911,9.24958570920067,4.09814713447517,8.92731825658416,6.85793562214566
1,-2.20037302839109,-5.31947526610116,47.7798992056503,11.0052985487143,17.6502560076757
1,-4.99182189905542,1.70370755818794,-16.3156613358948,11.7414753088418,18.4927117756325
0,2.90430326248773,7.90397729578204,26.6739689799938,9.99959979904582,9.1264690858091
0,14.2927813025782,1.46378095050884,4.67480347619132,10.6728154632323,11.1989725024665
1,-12.3890216553442,-3.10714369916221,-10.3307269544184,11.8856685988144,19.7886302639674
0,-8.12686887625702,-10.5430313517489,-43.8560773851905,10.1107132018945,9.62074863688131
1,-9.26356459726287,3.09649742228445,7.64432020862887,12.6441127749495,22.2022908008731
1,-4.53369172130592,21.5274089213772,-12.9564299295363,10.5636099503061,17.0463346556759
1,0.27814213505013,12.4952824555062,-15.7807765197107,13.2888296037002,21.2068581772627
1,4.95832602654804,7.55151973613776,37.9391707350848,12.2294064299155,21.4943429759424
1,-18.0934356992725,-13.3805419099287,-26.1588315276469,13.3674261098508,22.5736451199777
1,-0.66987364845711,3.79979741832103,4.54913566227899,11.8118621312608,18.6052940751203
1,3.98448192695832,-4.40934931082935,9.15768699085937,13.2955133926611,20.9076821051367
1,-2.92622376336906,4.22740595063854,-60.108456263438,12.6817336225157,20.2444706670642
0,-12.3560006159352,-4.73219270911282,25.361394300282,10.682659007785,7.04653293246313
1,-11.9798334619931,-18.2957269149584,-2.92135764606757,12.9567254713295,20.5215834400961
0,51.1036987119473,-5.85239909981859,12.5646961007657,10.548749505998,9.44473373752909
0,3.25077878308785,-10.0413004555255,9.62060154221385,10.0895670091394,10.5935674093366
0,-6.98435381497376,-2.03474450562278,2.2208542783902,10.8051916828822,12.2278473808615
0,9.93601438985825,-14.1354448627786,-15.5333699051128,8.10677787086541,8.77376272734111
1,11.8150585233537,-1.49119761273235,-31.1823950383005,12.4145955069181,19.0401920097911
1,2.17764665367994,-18.4932972646667,2.66131124352947,13.3737174111627,20.5875556609311
0,-8.86483022842291,13.5174507494455,16.9379692926568,8.38250546466326,8.33318319214196
1,-18.4200983471577,28.0524523927468,-34.4333052270803,11.7464347976408,16.7828574897899
1,10.335482564969,-9.68231129201763,7.79254099634451,12.7044165340485,20.7059748758391
0,2.43172481962456,-16.1401587058006,-2.68044692442231,10.7180524535065,11.3952360950572
0,2.05966188719891,1.43506806109856,20.8295303772301,10.2944362938049,9.05985795078526
0,7.30747630106885,-4.21553536989148,5.09894506476716,10.3021967134909,10.6797361394936
1,-1.87838582320029,-49.9503052757244,3.97930380753762,12.3180149541319,18.1344520324647
0,9.17129547378987,21.3838008240038,-6.06895271269626,10.7624515556088,9.37330097505387
0,3.65258170659209,11.814401983641,13.8453492263845,10.5856184385564,11.2178654886697
1,4.29806052808995,3.10475575709011,15.520438527183,11.2350363075664,17.8248542481018
0,3.15412950004906,-19.2918373827605,6.00117621145927,11.84952478798,12.0948704531701
1,61.7059760540767,8.11017547162652,28.5660456070081,12.6619748643383,19.259072904333
0,4.77515531763282,13.5805291877797,-8.96772321589889,10.4801704994971,10.4164593163025
0,-20.2280613367558,-6.14611886644394,-10.6826755400889,9.19336166305205,9.89939752128545
1,-9.14418614427128,14.0767656154087,20.7227650402816,13.6845989019151,21.8270601101829
1,17.6552155186781,20.5886996151988,6.566587064269,13.4237353020816,18.7857006559635
0,5.1052188354984,8.66698709084538,0.393698768314159,8.37822246110042,5.20812472022152
1,10.5986988300987,-34.9896710071622,14.17308740254,12.4844289280999,20.8991589677469
1,-3.67878441333551,-7.53638413392655,-7.81424468890282,13.8817780326773,21.3639332464871
0,-8.91930257874968,18.9574875349815,-43.331927404781,10.7646751771919,10.1227282431522
0,-9.34124414517761,-20.7115546314137,-16.1064332955613,11.1149503721357,14.3228836637342
1,-28.4442948149397,6.71068730588778,0.993968192245835,12.028536904354,17.1650341676904
0,-15.0499364961286,49.799758570198,-8.85772194901809,12.5084176353996,11.215382292857
0,-11.285513906583,-7.68360467616691,-15.6646695289023,11.7483512833343,10.497204618886
1,9.9728523566932,-8.2944568300547,21.2455185377416,13.5036101784603,21.2445457234245
0,-13.1371055960815,0.783209283319675,4.03745535033738,9.19410418880785,5.59376893924902
0,-8.18321298610289,0.805083892587247,16.7090460793928,8.59584026398252,8.9069089223098
1,-15.3987366030793,27.1469292263778,-8.31649185614422,11.72192713033,20.0430474448821
0,7.82533993646426,12.3615773165413,9.37499964199352,9.19151483284984,7.16164978060859
1,-0.425609292885783,12.1669339746139,-3.62500937429603,13.6726298042553,20.809076301574
0,-21.2928128439414,10.5647792741254,-59.0457937231465,9.41343252134132,7.06222217194682
0,6.28634286667599,39.8341088942875,-3.44427002706193,11.3303432597187,12.1828906224356
1,7.28650316307989,-7.58328378508001,-0.238148617189151,12.2480871677981,19.8513226990952
0,-8.36645683911823,35.5496224227112,-50.9082890748786,10.0344105037568,11.1937069594138
0,1.64082030748488,5.05149635303643,0.533177137684832,10.1359666287913,11.597213119634
0,34.3084701256187,4.21411684685254,-15.5982980309019,9.99040851190172,8.61141423416696
0,-11.5000474270815,-0.283553906222159,8.20412951458537,8.82923296835133,11.0341935528869
1,-21.664429586612,8.24820135230517,-18.4748033338828,14.027273020437,20.5266950096856
1,-12.6742650599395,-14.5295468391588,-64.963472231653,14.5951021113218,18.352715906032
1,0.391721482927695,2.34326936239922,-29.048492377399,12.5042962210232,23.5008968975172
0,4.82511702794523,-13.2930497626063,26.7205032088771,9.75411550492636,7.23326004759005
1,-7.02016117898564,12.6724021013409,-27.4908521283723,12.2709002330175,15.9453198887396
1,3.67684423846101,-36.4073204511533,9.86142989862186,11.4389698610344,18.7470398826147
0,-1.6731681970486,-20.3552215826544,-15.8006297206684,9.80598300927734,15.4881183580155
1,-3.81933841198213,-18.9330506161936,-34.8116591648157,13.3103863367031,21.0341533446603
1,15.9072050855604,3.60326597406364,-18.8093441537911,10.6090570004921,18.2895802838836
0,-4.4356209249638,5.38634528116655,-17.5451915874988,9.44860751336335,9.82636700720485
0,-10.7730418311048,-4.2708000529031,0.543163649308509,9.3566542769802,10.2779298201556
0,-8.21391533799161,36.6315708326765,-6.57552940962038,11.2854285668452,9.43720619467852
1,-16.491606634423,-3.53306437389844,16.6588248669811,12.7270009657778,20.7748917489636
0,10.6919069796077,56.5692300326753,-18.6253327674622,12.0363375065004,11.5740123371321
1,-7.43669887449789,37.9683846506926,0.20741875720897,12.8540726949294,18.9694007309513
1,-1.81283203677575,-11.5461073083977,-0.562299053269176,12.7156318673613,20.8968966300249
1,12.2440965259267,-0.853111321775315,13.9526306140994,12.6392246538323,22.6037838084605
0,3.74120743736642,14.5545147087716,-19.608626235164,10.8607429192391,9.72069156062616
0,9.50049646304181,29.4413981491083,-7.68228450221346,10.8007076406512,5.80547096056653
1,20.6949764827876,9.86555866872863,0.222604011656816,12.8687977995769,18.9924619516612
1,-23.1269355182106,-21.6993448117146,9.86417409148295,14.3831442574794,25.8138765241259
1,18.1443779592266,-9.8092217514078,-39.8740257277707,12.8764684210865,21.0909121250169
1,1.3448094385015,8.79789670487992,-9.77931104316975,12.2650257608323,17.3392149321918
1,-3.82302819814956,13.8208323705332,-9.84357391519155,9.72491915827018,15.3706840970557
1,-26.5337223746145,-7.07272808174362,-9.50460959563224,12.1596353594996,17.9610721440384
1,-7.16370511352109,15.983579268942,8.48970038503157,14.0610021554765,23.788613362623
1,5.4912601870566,0.52188313998346,5.56400834702557,12.2781060057274,19.254931750389
0,9.51928422966865,-10.2363083267974,-11.7169671281001,10.0436319713969,9.42618527917754
0,6.68351883730542,-5.42332306450652,22.1542987937645,10.3679613623394,10.4120041474659
1,19.0367169356205,-1.37873586434861,-12.0442306606317,12.4128348864889,20.161401298166
1,-16.7585884716891,-4.99525294379355,11.9217933721469,12.3420886978779,20.1670911075208
1,-16.9699795157504,-14.0046471600612,-14.2702281985272,13.6011829174949,19.3267280848417
0,7.64699851560178,-11.1166568707474,-1.13074699287555,10.5609162555927,10.6680599683741
1,-20.7973441798341,-7.67017091729184,14.5894465226576,11.3928578520317,19.7560918797553
0,-0.31176263739034,-10.1790989364476,2.35868591515294,8.54166426864466,7.76818079858282
1,11.463003457745,33.7863606002593,28.7516488145714,13.1493447101751,22.7660810834953
0,0.102694682389468,-5.07686710004623,-36.8209347192953,10.1512421985729,9.09466076023002
0,22.9291316133369,-8.30637935906387,15.721427974127,11.5916883227439,13.0188710197186
1,4.47314147816249,2.25717963847505,-9.25973876640931,12.1325506498951,19.1257665985817
1,-2.46848259040512,15.3016441409285,9.97636763673341,13.1789891226738,22.5212278306369
0,-3.82941776485636,3.31654212294717,-26.5257120684236,9.78678004785845,9.87353343459067
0,-9.03060239633617,-13.4241734054715,10.379051915288,9.12958501411558,7.70468941693409
1,-0.16869088035171,-14.345461777757,-39.8395046466168,13.2172165493974,20.5706642519882
0,5.56494505015567,1.32247660288747,48.9495310203255,10.4900228311847,10.3336776627615
1,11.8550847612691,-6.13782819614345,29.7047173417565,13.9708351325959,21.5875870996624
0,-14.1314305257992,2.75479402519921,5.04405931831848,10.2562944022459,10.6535184191921
1,0.788447416701482,11.4177127136561,42.0721993940787,10.4713659266347,16.4741620835974
1,4.26980886696301,18.310284721809,22.5768840897169,11.5010018513814,21.0921450578321
0,-5.13120087031291,0.366415492544427,-5.6902887058018,9.88232191012984,8.07817777487214
1,0.148755133436353,2.30794351187431,2.52797141861183,12.2101982936044,20.272236297271
1,14.0182651201062,17.0672368743411,-24.9080694801968,13.5191496218631,23.8886692600951
0,-10.6709412771066,6.69190962630102,45.4807750026368,10.8110194527112,9.61804901559446
1,-1.31959723711149,-6.7974260837256,-30.4251678431484,12.2264750816974,19.5450245910464
1,15.6456862693003,-12.3980977797832,-47.1469487165859,13.6292103792254,21.8738350456681
1,-10.6945219149943,6.12099293932046,-41.8166342411774,12.6899809433962,21.0947157104003
0,2.58730622439291,-19.8496723805359,-30.8058373464395,9.46015135398179,8.66433308612638
0,-1.12158416402055,-16.7547015151752,-7.01546651637868,11.8292253000731,13.4918776209248
1,-8.73499157728431,1.67051618146112,-36.9111293553972,12.2791606051641,20.5072768333101
0,-31.5560312230799,4.51715669434795,-8.25229210951259,10.7630454600129,8.76925625261618
1,7.39051297845942,6.15246418619641,-11.3743094889849,12.89950335489,19.5786428455077
0,-10.4485295422102,-6.6350862753247,8.66345723679172,9.45519681704947,8.19215748004155
1,23.8848341442885,16.9677704050379,24.7296259632249,12.5839536397281,21.0103744195164
0,1.08804254784974,-0.330743490898016,-54.4162764059548,10.6439287031274,9.46476720434897
1,6.98897720631714,18.1161870824729,7.02973656579936,12.5039910869991,21.4228676431025
0,9.97726453025555,7.4565323865236,-5.90238044103943,12.1728749648057,12.7808998236266
1,3.88138175942299,19.8889159013629,-32.2416825832312,12.4849968456765,19.7396052598444
0,-45.6664604941812,-10.8255871119547,-22.5053594443036,10.1724804132071,11.2807211899012
0,-0.861838828488762,-12.8227144641385,18.0969581885835,9.50237431320468,5.55765353333526
0,5.25240185036918,-6.49514330085947,-18.7262482350083,9.70584773675334,10.3639014828979
1,4.56523594012537,17.186675458456,-10.7454748159721,12.6113763785973,20.4903687469684
1,19.0083431027024,-6.94176602032592,27.8668749258216,11.5620356240511,19.227670764059
0,15.2412772997779,-7.95150672051606,10.5030329224339,8.44161285888817,8.06602845975004
0,-12.6402951022413,41.1666648779203,-42.5204565016998,11.4263808575145,11.8270343137596
1,-2.85066588604195,2.51282784670011,-23.7104351293799,9.52314661371967,12.7452550744619
0,11.9300789584764,15.7846519914585,-12.2562831544646,12.4957086687939,14.4468237528745
0,-2.65131907374225,-7.79339312727321,-18.7220718214521,10.9738277835496,9.56602674583353
1,0.435086758295199,-24.6851822792148,34.7627576283894,12.2993233807596,18.3079001869712
1,2.77205003429828,7.68491561315765,4.41086955263802,11.0292989405129,17.6484023630353
1,-6.00492744770759,-19.8987394803091,-7.71888148598391,10.1049883721867,15.0068031810952
0,-1.6224096777017,8.11376534618944,23.3780074086015,7.59026979165218,9.95262138537077
0,-29.5931448533662,1.51465977441893,-9.55475770691446,9.41481327101149,10.2821867850093
0,-0.136720718424235,-11.3660943210668,-25.8088674455502,9.49373960558366,9.26980050142271
0,10.7302424633283,4.82413681556262,-14.7572433504232,10.6017257684847,10.2800731655772
1,-2.65082348386453,3.91751868504037,-13.8615463718198,10.0553618324832,17.018071503153
0,19.5242327871656,-17.2208722850201,4.41269274606171,10.7995972726088,12.541162765456
1,-15.3622198561783,4.0543182562615,-23.9493277944452,15.3643672171908,26.9381382149159
1,52.0359102206962,-13.8801190383116,-19.7072459443505,12.6688533161405,19.8689740869292
0,-1.59607331094985,-3.2844658220226,-5.99251413261959,9.86455347381215,8.83798774880641
0,-8.65555493806653,-13.0970528789109,3.9178744156233,9.82742033772092,9.07792256074861
1,19.446862987782,-6.86530835924979,-8.85686518595666,11.904267494902,18.8635143237629
0,-11.5586235949248,-15.2249548235358,0.721186830271429,10.9425634172094,7.93086834081671
1,11.2436370498449,-6.36971823063995,32.2533082632024,13.5220687887649,21.0677285996598
1,-2.11985240474365,-2.07928256945964,16.2692031515172,9.91367726720928,15.718143324066
0,-12.8563572571687,-9.57711877628324,-4.74478279190063,9.84997259732658,10.3588229711415
0,-15.0972728546175,-10.0477843964463,1.7172002093871,8.36869170651355,8.35134186644317
1,18.9688330713072,32.9787275324159,-5.67424589523526,11.5140459839146,16.6183102329119
0,-4.61665486274334,-15.4068979824007,2.44845643525356,9.80728404490545,7.93302955453828
0,14.8219878562912,4.06424569448507,-8.27894905923322,10.8160188425642,11.1393129470131
1,-14.8086000039632,-0.165942321450767,8.19014620154183,11.8233141102568,17.893376830723
0,-2.68762188819448,-6.05857751012996,-30.4567745209782,10.1080190066604,10.4856767233112
1,-17.2573694430631,-2.31440184716909,16.0485212681485,12.9843367124856,18.1898862494369
1,-12.7207986791732,32.7765511777716,-12.3233720626945,11.0859797903876,15.5349317184228
1,-2.25746956461713,45.6780310723684,-0.469789216052104,14.1431328164741,25.576710834876
0,6.35201462912354,-4.68244878163511,3.80399604382178,10.8650601798863,12.7209675994875
0,23.7157751720808,8.16295373234546,-3.08085162783572,11.1368819075983,9.74003352140469
1,3.04013114043512,-2.57550112145768,29.9247651205492,12.2607972831975,16.6937230939325
0,-22.4240928576563,-9.27124129921606,-1.55085153461994,9.88779240688335,9.68318301441928
1,-1.38668198873295,-0.987299768998493,-13.3293803370698,13.2885175190748,21.8302497254122
0,1.91776912375538,-7.9579152749144,-13.0585149002854,11.0166155393416,11.5515068824505
0,11.4539746023758,-24.9803462766618,-25.5244826783021,9.4311945385761,10.5655991824875
1,28.1770850060946,12.4461276205664,13.4495259836062,14.1578572941613,24.4773010514419
0,7.10516984715581,-14.9890550047463,29.3157364815071,10.8685648035591,9.26597213920725
1,-18.4504831465588,11.7379403601718,1.40370632714389,13.6250943836983,19.939685750252
1,2.98493064231562,0.0080114404892565,-6.85220801328856,11.949941024452,17.8105081376507
0,12.9165319882263,2.93822892174726,6.20560696773697,9.4064366787538,8.50113050679558
0,0.612370016575842,-10.3747816738138,-3.97148206672515,10.9827449745412,13.5354475976991
0,7.16840526840351,7.89618250159956,-9.47788381589044,10.599642493578,8.68019417167926
1,6.47463855529195,0.200276001097094,-2.38479450572408,13.1509608942828,20.726844994084
0,-3.69462456054881,-7.52218672138585,-0.882536284652141,8.16692196509236,6.70968869454507
0,-11.383478642982,4.85018569976117,0.657326125646789,11.1001394612969,10.1191204480555
0,-41.8307203687688,26.2771789083301,34.6902297518343,11.0501156819622,10.2105696243013
1,-9.09705778981024,-1.28082584261022,-4.85213756473172,12.9768278900103,21.1036423660666
1,7.25261182719036,4.65584511379255,1.68439833058256,10.0116689095051,14.7283398044937
1,17.5216711106365,12.1673253864084,-25.7285369256023,10.9632219875397,15.656065199221
0,-7.98963048789303,4.4854312740658,77.9906036284937,10.6490297176222,9.22186593308776
0,-2.92318833861745,-6.35504898896671,-3.64642376920616,11.0700083299167,10.4629425836759
0,9.11855957702193,-36.3174080036956,-11.0422890772962,9.90587827891667,8.56822044193786
0,5.45108878360372,-0.66441549787206,9.96266483795326,10.5501567402025,11.5329021363436
1,-3.02787434028934,7.70723732648538,65.9176398120842,12.5228331851474,23.4089588528582
0,6.00049095682994,2.37887087684853,4.28836812464579,10.8737987507065,11.2845113988939
1,-2.39110738328179,50.0363632077189,15.2732194565482,14.3002277028508,23.7055772206134
0,-10.597206093128,-2.92933982876341,6.86125810254251,8.82531709251177,8.52146900262807
0,-0.815966307594207,15.8416393253256,-10.1189609756272,10.1363733706592,11.7920652727609
1,13.1138519494254,18.6674843526567,20.9310776534344,14.0414249715443,21.4785427961735
1,-13.1251941465062,-4.92287688495631,-0.440126703105478,11.9547077543792,16.6204513832222
1,2.96564738452751,-38.3559217979385,6.1832193077821,12.2046829068996,19.8843525460815
0,21.3109993501332,-21.5893363804523,6.9649399698689,9.2493988975739,8.90397640808509
1,9.26548301620458,13.498351740921,13.4134524583187,11.4489680836731,18.2318925310798
1,13.6295553649566,3.7252977888765,-55.1661479888933,13.2696055745789,21.9652293587682
1,9.9948568292878,34.3111828661091,-10.3825031986422,11.8563026806148,18.2485156869361
0,11.5143379228141,-4.09129623547396,-14.0002836908724,12.0783190482658,10.3740348467018
0,-18.3708633211676,11.8210688516245,-6.44163545821389,11.499599403631,11.3812612579477
1,14.0536508332885,-30.0617360619816,-9.30766996531399,12.8547496354814,23.485416183809
0,-1.02720346081662,-11.2628178471689,4.82616331228724,10.9676294988589,10.2306743731363
0,25.8044669623703,-16.7715803080951,-4.4522739906712,9.23578404045968,9.53895840107126
1,54.5228961719337,-11.3308401186277,31.0272760691328,11.5404750310326,18.4518539455138
0,-7.08415058151157,2.00597982393798,5.89898961103959,10.9653485941386,10.3909177889063
0,12.657777109802,-5.79690223864504,-21.6103473286486,9.38385132941689,8.57643837092171
1,-4.30828030767802,-12.4795586632778,-4.47337660150915,11.8817937834867,18.3504400463568
1,0.680778369649584,-1.84881118086202,20.2356565322979,13.1045530924589,20.3119435989006
1,-5.28797513350017,1.3280455217924,4.65428428376326,12.8222001831215,19.263465845096
1,28.7879766638309,-14.1798394575623,-9.3583788037601,13.1040486226233,23.4135991650647
0,0.87098408313098,10.8490268810539,-1.62909534418642,9.18279561593075,9.23719912954477
1,-8.44929332200911,-3.88309302169607,-14.8109706265947,12.5905880545208,21.36541963932
1,-4.72651312070879,2.83508906512446,17.5805588366404,12.6877627836284,20.5532691316203
0,2.32940706244037,2.06389324074713,-42.8646516733153,10.0425342503556,12.2700778377993
0,9.2738477263726,4.76178697623585,-0.218280972081674,11.2321355048567,13.0925725545206
0,-28.5935384762796,-9.52497671350901,-3.24623192718002,10.6926527802005,8.62516431191958
0,1.0985847142541,-1.51384834735463,-42.7981248594079,9.83683411284772,11.7062499495022
0,-10.8580956645374,8.2065835195178,-10.2043000423044,9.13070186185481,5.59495425260238
1,0.303712359249815,-23.1029294703336,-1.67447161038294,12.0051297339393,17.1401471051631
1,15.6149852050528,-14.6448433758907,33.8991780563332,12.9495980176316,19.1948535113892
1,3.78318435497382,-6.59220832035388,-22.4829075903662,11.5417672729305,20.0247852902482
1,9.72076076632624,8.23921521077281,18.6444845001205,13.4746972827795,17.5613371689684
0,13.1000224657868,-4.63913201485784,3.27587079371097,12.6135820419813,11.9545154377587
0,-4.64673147810938,3.4305139569376,2.13983979213679,9.84856494507206,9.57833578770471
0,2.49916676302951,18.2857933472528,-51.2395391156098,10.0102022352999,8.06236930850105
1,6.43518916023223,-3.71508087961864,32.3151879715743,13.0279964498575,21.3213459863939
0,11.2841358030434,-52.9191268732146,-1.08153735228619,10.0243959210524,13.1576328347345
0,5.30500224340691,2.18412691527964,-4.42821085424171,10.2204914078613,10.1166708028362
1,-38.691715580952,-31.5347616967137,-20.8539467605513,12.3531220590105,17.8171691682137
0,-7.11743845825617,-6.48946182422859,35.2804028233138,12.4299108450906,9.73639517338226
0,18.7971950413486,10.4230459225126,-17.8978020999525,10.6482512638655,10.5770043332445
0,0.479322020205341,-26.4811894642551,24.4497522811236,11.88951145631,10.4041655293268
0,-11.5092491737124,8.39204947083747,-8.70691364228993,11.7952582594871,11.4720002932898
0,-16.8456556955593,-17.0665017638608,-5.62677741140963,10.3178757949548,10.8464830187619
1,-0.218790480278457,-6.78705309513305,14.2510616184342,13.918478009647,22.273043118066
1,-0.856144466387389,-10.1528010506464,8.63638887075061,15.0685398682035,23.3769437573908
0,5.29618994657397,13.3859057446981,-20.0396340321727,11.6379227072553,12.8989539656185
1,36.4482540514787,-3.2621329466243,-7.18533810993593,13.9638064683083,20.5649502311381
0,-3.05613783969382,-8.95270445766018,13.3924281955723,8.78022734900634,8.96808749374988
0,11.6819835496405,-19.8609670997594,-4.25851585523817,10.8487826988508,14.1110278954021
1,2.4648037654212,9.55403017281124,-5.7426578092769,11.658471704541,18.5186810986136
0,-7.24231572630976,10.6511235544524,-5.07277803459409,10.2887131066086,9.36449242399316
0,0.879976911936086,1.62658486922928,-0.565024116783399,10.1890542628391,11.7040346834467
1,-11.1187516691083,-11.893071632726,19.8364975564431,11.714425680567,18.462774389298
1,-5.26097978567481,-29.7457450509287,6.80043603261555,12.6210599350919,22.3117419324678
0,72.7175676885514,-8.16024059864569,17.4039951708811,10.5131503212779,11.2806813631505
0,6.43228451951066,-7.53811928869486,35.2621361976485,11.2331834579358,14.2205629594165
1,-18.1268950025412,17.7794310614001,9.3089894052812,13.1870184625633,18.9584470403203
1,7.74787349861248,-7.5891833149503,-4.66761394459651,13.1073762460543,20.8613548073974
0,5.14576623279227,37.5786938773063,-8.61165308450255,11.5952040699706,13.8882381502765
0,2.02691940938543,-8.35885530997771,-0.824293409711215,8.15002761059699,9.61076777747151
1,0.0800427065381301,-11.4962378749986,43.1547880755528,13.5648250902186,23.6221226712412
0,45.3929147474327,-3.27202585159473,-0.167243657277449,11.4576883873236,11.6118878828728
0,3.46654255360731,1.66256644376201,10.3080613417599,10.3064909667201,10.8654582611563
1,-1.95218899708221,0.302827154577804,25.4492529904011,12.4115556136969,22.7040885382449
0,20.1447221186773,-19.2678036940592,19.8310416563647,9.82674374860973,6.40493758699506
0,0.490145489379311,-9.28124990599972,-17.6495103959632,10.3813517297963,7.06107647100846
0,4.29800192160996,-4.75060408713046,-3.84207656606988,10.1610848818071,9.89657708807189
0,-20.5576683738641,-10.8638450833113,-29.9125934680004,6.64965368352552,7.14533820866674
1,-4.02083814559463,2.09950324872321,-1.60641430924839,13.2293057481827,21.6806765592823
1,6.70913202471351,13.6518898521356,-5.12676388870277,11.9664391558589,15.0293434466809
0,5.97914038461711,-3.00152310051302,-10.5675136182085,10.4406369729398,10.4362296019075
0,-19.9526721517339,49.0554651318318,-8.40970521478564,11.1240635297019,12.6002302499023
1,0.482274697140536,-3.35182926904872,12.7313649775533,12.6789699234799,20.6504501655723
1,2.96461538025859,4.97536629466613,-54.5051581096441,12.2002193548222,18.8857562258656
0,-8.36020269270827,-33.8727800986329,-3.97246472646224,9.62481865561795,10.0815957932228
1,24.4440962149788,-4.95243331728614,-35.6041348089958,15.0518500842668,25.8781312918469
1,-1.82107320665918,-9.75431259456224,2.92966258921766,11.3584846945717,21.688368561553
0,-1.91030963896968,-22.3899086569948,-5.64899251706637,10.084896797352,8.91773006922241
0,0.790207433292037,2.27950927367722,-11.1104101271533,8.04238202662431,6.01629526436521
1,3.63569410095558,-19.669322845082,10.1763966311544,12.9715036988799,17.7947584708917
0,-5.78689091988326,-6.77486665628986,-8.24972824377276,10.0229712624947,11.1891763171251
0,-4.91669447534431,3.59775638044382,-6.40316172005162,8.11560872091775,8.0263418428546
0,-2.39349967282974,-5.85245693061732,-5.6876007595429,9.27540507726828,10.3857548382934
1,-17.6889433240828,-6.90682866376951,-25.4598084851737,13.7460239279525,22.4755466042562
0,-14.5944853860481,-6.76058703589245,-10.5653983705289,11.0850765705924,9.99510926128571
0,11.0518918226167,28.530832330087,-3.48749244618729,11.4181721345536,11.9502938122737
0,-6.05813959859936,32.4663478034618,6.6293908850182,11.980499506679,10.9318321388417
1,-8.48608358604656,11.9769976005648,1.8813684594432,10.8683032044393,17.3439294620116
0,2.57658208042668,-6.67625075967296,-6.02477012892839,8.35643612336013,8.25436934056043
1,-18.1755206277963,3.29649316929909,-31.5901045476786,12.6274889095439,18.6622510149879
1,-1.45640370424595,-1.35651649900218,3.97978354723563,12.8443916042272,21.155359126954
0,-8.43866570550096,16.8386624428905,0.448581740736208,11.4735889899687,9.04669529789762
0,12.1454391354859,22.5804530518919,5.97933366854826,12.4588157208404,10.6888264897976
1,3.83204220145988,-67.456381301891,3.85580914779983,12.35245225095,19.6085354812211
0,40.0510746570541,19.4783059971077,-5.30003281178425,12.0853877968698,13.2591655270587
1,11.8654852472202,2.06306318227395,-51.1501590995627,11.4778295826664,19.3151300320673
1,5.84218438791251,-10.1456114960683,7.65129818728932,11.4282902728223,19.5658366307674
0,-1.2962211697979,1.26727614864023,9.39360452166892,10.6796537995484,11.0341838299942
0,-13.4547321964221,-2.55552625662428,6.17167321105697,10.9947149732942,10.3235755126431
1,-14.9370686139924,-11.7550366534834,-0.902884404797263,13.8399248759215,21.1747187317589
1,8.58309465810208,5.67931160983595,8.88538133611459,11.2510130569751,17.9679983400046
0,-8.7061993124905,-15.745616589419,-42.7870382085222,9.85564901183729,9.26342195379325
1,13.526740494736,-31.4451546299672,14.7603756750818,10.3676008941805,19.0386506359767
1,5.68496384783857,-22.7609039709203,43.9915681756761,10.1842454672361,16.2299858665443
0,-8.34595167927768,26.4252744068551,-1.78242119769029,11.0490804705904,12.0708561283682
1,3.02337545703758,1.14358321402133,3.21244697782666,11.4259276122991,18.295244565844
1,-7.46781977938267,-4.75425583139378,-5.82446930415945,10.0917832065573,16.3621739492278
1,-2.81326290917485,-14.5530543317998,12.3309646641767,10.6895609608756,15.6316307982897
1,7.67807000306869,-5.76789627754181,-37.3412063639364,11.1487404337612,17.4374893929529
0,3.02320251766099,24.4838638920134,-14.0630855637881,10.5598275589151,10.0386660653158
0,-14.0415173433215,4.34910370525117,-11.078249544643,9.71974995007922,9.81064594069684
1,17.0384658360729,14.6142804609822,-16.5579688270304,13.9256911295993,18.4248157619376
1,15.704084211254,16.7304914001906,-29.5176767419045,13.1080896952487,22.022128550391
1,-5.1127049239481,-1.99309480898465,-0.949517512961573,12.6422906895677,20.1620115674964
1,0.209564644175397,6.74528638289333,-5.74273133644445,11.9878197670446,16.9006519745163
1,30.9176277040407,-1.45593077755575,-25.9618400873109,11.9338092201482,20.6547781855735
1,-15.6979645458419,-41.9818487347246,42.5417025540371,12.9656065598219,21.598166727872
1,5.88486506639639,7.60850854077455,1.91423559597103,13.9300437931623,22.8162864936421
1,9.31288381594182,7.09979039780879,-8.13603120246155,11.9197907618508,18.380781661181
1,2.80784590343013,-9.76938750197074,8.15040948971035,13.8298403327023,23.7890304146114
0,0.456835259433704,-30.0957660258457,43.8668345521808,10.4000995215116,12.715090433397
1,-15.7690900050453,-6.76487977536319,55.1929044474523,12.455074522074,18.600619523066
1,-19.4268262260759,-2.61783091838299,42.6019927305406,12.8045920653735,20.1303232290504
1,-27.0134619903654,7.76611875924267,-3.61116418321933,10.9291709338719,18.9854610386358
1,-0.609374959093389,1.16817107683756,-16.404438108501,10.0062824344244,16.6962536494188
1,0.302623953372175,-77.0626588875023,12.0635489938781,12.6650899888176,20.9801634509226
0,4.96046871374049,2.0567131638656,-26.7046914767739,10.2102616266726,11.379983844966
1,-1.38878461990475,-23.1276522857905,-11.0900958463738,10.2225427910736,15.9091687891454
0,3.35676654978527,9.22642816074431,-1.44577225415549,10.2242307787636,9.98388958341761
1,-28.5078885457497,24.7069360646673,39.4477907459185,13.3179788696852,15.0561625609703
0,-24.8141023336541,-1.46683145964548,9.51462316729063,9.07718369311497,8.81503541923253
0,3.27961556786794,9.66854125307914,3.68380977245756,12.901164198034,12.5414372372867
0,-10.6010516285576,-10.7832902921001,23.8420342039601,12.8104348942393,13.8337605606118
1,-3.02651685394565,10.4326757536687,10.9795217419043,12.6767541230915,19.8517959368861
1,-4.82895173034962,-32.6026922920669,-15.5751720951181,11.7484475651351,19.5982928222045
0,3.52351821739516,-17.9708108780956,-45.0981827038707,10.5429706682874,12.0677760319739
0,-26.1604140996583,-13.3854689861864,18.630058464767,12.1216736903761,14.1550444080864
1,0.355893873943351,3.32575220206379,-45.48720681935,12.7630335422964,20.5487517292336
0,7.30682521855717,-1.29722156577941,-14.8598479602324,10.7590843949269,9.09886092721326
1,5.1362091094961,-23.8125013708117,-12.9344170568896,11.0264891039237,17.393461290768
1,2.30034704193787,5.55548637697617,23.6800305418022,15.6084661903408,26.0296289000787
0,-6.00813791792901,31.7657664035796,9.3557822682908,11.7593231458249,11.8861317022507
0,-14.095351683833,-5.25875941120497,-25.3038461515366,9.8272070057158,11.2504215280113
0,-3.72480620394021,-1.85182586087896,-9.99452405831929,11.9527081632089,11.0232306274618
0,4.11042970393374,17.5721044472817,-16.8101106812879,9.05693321966791,10.4138238159779
0,11.1983839076539,-8.35679122655205,11.5687510316935,11.2533399772124,12.1449157567042
0,25.2628554241113,0.571941131016926,7.31150356663337,11.9358735687855,13.4966220490562
1,-16.7226470640267,-16.1917197572077,30.484054870718,11.7515965104363,19.8846482572421
0,26.0336500914606,-35.9143135750964,-20.7818740517747,9.50125464774939,11.7771838890558
1,-7.66809055236166,-3.5472278327757,-4.78023873410025,10.792179214517,15.333804705857
1,5.50340051375468,-35.3919487326678,-4.25694704744514,13.8103982698169,22.060954915203
1,-67.9469038453353,1.7008958615792,1.00718185444113,11.9125728408242,17.5437061217927
1,-26.9698237360927,3.80055540835088,29.4860585832274,14.1841600496661,22.1018925820139
1,9.13034652553877,-69.1014513941293,-41.0784854799174,11.8113795059997,15.8882425370066
0,9.00878885454946,9.20253422376706,17.2355305137897,11.7956116387425,11.3245701471929
1,11.4613983927253,24.1789592342136,-7.79416777040437,12.9418293089092,22.1579699945352
1,28.2670515797312,19.7380035596046,-11.6988184142255,13.8767131149151,24.6124292926034
1,-3.63635230125475,38.5162564424228,-8.31014916943517,11.8332100667568,20.7072370560836
0,8.19219177957387,-10.2819690461892,18.9324778878665,9.88259203230871,11.4949937956422
1,-3.35695126932468,-23.1239921497979,3.04185075118369,11.6163419769755,19.5193500574266
1,4.09773686517277,-6.21294245377091,-31.5781066219972,12.1366261770368,14.07910902476
1,8.43733060189683,9.96153972855764,-1.44659551971354,12.1958109677037,19.4893208682435
0,7.47226338073296,-46.1955251633014,-3.84240841615492,8.96663543861541,11.9676791341295
0,-11.7610834276324,-1.57612185312654,2.03161015912848,11.2273527200541,12.7838552326101
0,37.0923797730506,18.5993015374609,27.5336100781542,12.6069557865723,12.0921942902169
1,3.54886272470647,0.335204652266731,-22.1082847888104,12.5746821449444,22.9920045920173
0,4.5534873210301,28.5217266300843,9.0091828134502,9.06723666767166,7.89161812505481
1,33.699354765991,-47.1143720663631,-13.599500800452,14.2526681047256,21.6607266864894
1,-3.84057681652889,2.33437450520405,-44.7628366392965,12.1957001268611,20.4314910499029
0,-7.25924592234722,17.8194654944348,-3.80806346962426,12.1476328902478,12.4500243117799
1,19.2780263710607,24.7908401433119,-3.7742056918177,12.2830928979203,22.3421831090264
0,-21.8751477140025,16.6848242156264,1.69544614059081,12.0281037981313,12.8135252182803
0,0.202181254139045,44.5698238314858,-10.4125196186258,9.30084102620245,7.05611408217846
1,-29.8991671770684,-8.76958874096056,18.707659293151,13.3464654739883,20.741492955572
0,15.9944210181508,-8.1187843011309,34.8449796585301,11.8896877990424,11.6991702046371
0,-3.67451494718372,3.03133997243389,-8.72208462658712,9.19806343308531,8.2525958986345
1,6.61965457657344,2.06394878181953,-20.4488432891664,12.4243686856597,18.7746262246686
1,3.74019985070415,2.61112201805786,12.4269911857527,13.3461981793218,21.9020200957458
0,4.13034864699063,-10.2863411595546,-3.72369389388088,9.55729004653413,8.55943375100437
0,-2.43012891404734,-26.5956281771862,6.311863712795,12.1055640808278,11.4611093324161
1,-12.0721733570938,2.31793519013965,17.4086280059758,10.9036572159335,15.6062158405117
0,-6.46167826463441,7.20835481180285,6.960597039653,10.2338224668486,10.231075297102
0,2.62096923911581,14.6052932538942,-26.8702902546323,10.5842247969344,13.2283423868245
1,-5.62545346565145,-6.88254375246491,-9.82035725736916,12.1687244501936,17.084774915553
1,10.0493752160557,-15.0457887689851,-2.73097700650249,11.1010254981756,19.3058750752301
1,-5.46207063921423,-11.5028657432856,-41.7423913788711,13.2214951873631,24.6454469426225
0,4.5253155901839,-5.90827647751773,-31.7159081800299,10.1877437774097,8.26082419751678
0,3.65453604294612,-15.4403763409115,-35.5780296423536,9.10456624887378,7.20478979183488
0,-36.4026738977163,-6.66160454873257,-9.5584205185728,11.7777312791363,10.0417453184335
0,-9.05124082843025,-36.0119700690148,-30.873899754179,11.669107630218,12.076712720152
1,-8.10854705860011,10.6500524171432,-13.9245451644179,10.8754361485375,18.6982579400616
0,-2.72621718063649,19.6181749215257,1.57601958245631,10.9350830362812,12.004980517126
1,-5.17154511879339,4.58782907531693,21.5305494885249,10.7439327632346,14.543009702967
1,-12.153405968812,4.17984889872726,-1.00525553317467,13.4017487429068,22.3783269108555
0,9.83096379150082,-2.44884346333502,-22.6954835146577,9.26918415528086,9.80148081495835
0,-0.554380150405567,3.1262698100341,-44.4133473127212,10.4214685529649,11.342675824866
0,-7.47524749395413,-8.73423455486069,-11.6668579396464,10.6394463483211,9.08296287213397
0,-6.88600527180011,-14.0311794108355,4.39987075197065,9.75960872264332,7.95639492941354
1,4.4701135439377,1.90822936969803,8.20832320768957,12.8453768557257,20.3937683210997
1,1.40682924128185,-9.15861408222504,-16.3520541626243,11.4282363804767,16.103895036301
1,10.7379774223834,0.509110015369071,-10.8465596561667,14.4111332775914,22.484695095995
0,0.627634454220653,-2.03425360181733,1.37822187215406,8.24222121432561,7.31602567298418
0,5.61847017131776,5.36447849744184,-5.76334494961178,9.23271594353298,9.82083849641619
1,44.0067503390144,1.2554290505123,8.74085641009499,11.8938061873363,21.8942633445886
1,-25.5158535545733,6.83341106930154,-9.10603779025115,14.5619149148103,23.7503607024219
1,-8.05099744174391,3.06894691556757,-10.116534151636,10.6938428370078,17.7001834734598
0,-5.81388955749573,-16.3581702473845,33.330847944771,10.7523628079707,13.2518136026146
0,-1.53991144179903,6.01918660541682,3.95355767410241,9.94080173905568,11.0461226099284
1,1.36044654979724,-8.63584759334367,-14.4683370193127,12.9081978750996,21.5620809313312
0,9.84656079107633,8.41508579530883,-16.2080338215153,9.58188703385403,6.43684187110133
0,6.85771775817726,4.82623770141898,11.1365490086619,10.3920972849762,10.4744345560693
1,-11.0689889303233,-12.03482947075,28.1781495042938,14.1359672040956,24.0634568566044
1,10.6877296346589,-16.2321728997829,-4.09328882835092,12.2363282797071,18.5818392302014
0,-2.53044645280895,16.3432210098862,12.3690430552888,11.333779280762,10.0809234633165
0,3.0324834657351,-5.22469834648701,-1.49734325914533,10.1904701994427,9.08633537496299
0,-4.53579071518537,-5.02904849762523,-11.9068630819335,10.5080683718119,10.2653885637583
0,-0.620618334131516,-28.6632913526544,-34.6605042290948,9.65249910864021,9.56142964020972
0,1.58880643916507,9.62249844071193,-8.26984964325329,10.2248824582663,9.47227104335909
1,4.9748922468484,4.30031511960689,-12.602955256838,11.5769163940328,20.1425760855727
1,-2.93987855147846,-13.1470705622963,12.5034506197343,13.727746151768,22.1012376810525
0,-0.787201884575482,-7.36360799384439,12.6111781662266,11.5291851170874,10.2993205780768
1,6.53643625961567,0.682607675477404,13.5294059039107,10.4247123088322,16.6376614719992
0,8.53229389999703,-2.10201940887878,-5.62895548620064,10.0423702140305,10.9485148807879
1,9.05321045374134,-10.0656688960547,10.5591773562665,12.1278260743397,19.314408821377
1,-0.757347805785446,-1.86878472341234,45.0446913055532,11.5687069696956,19.0216188946527
0,-13.5097928299623,7.64228234957997,-18.8038246106373,9.11514680768023,6.28871576892277
0,10.3557011628894,-7.42861737982484,7.20423156548434,10.734806374078,13.4701542869504
1,3.36145956892034,12.2486137817289,4.18079264962345,13.0264033506953,21.0788316254577
1,-29.9968099661519,-7.24645826776365,28.4973152474301,15.0105010379669,28.3181240388298
1,-13.4789483483478,-1.81638358572587,-4.82585409473799,13.9994484297153,20.6911455798386
1,10.5681087349087,-25.0286015586304,-2.96143443331499,14.7165070078752,20.7964269025162
1,-5.17238878819377,31.9171488094439,6.8499271778657,13.131172122139,23.750138048298
1,14.416659732661,1.64701800244314,-0.679510856015814,12.5696686216882,19.7081310383791
1,13.0314383289143,5.19168120016859,6.77190899163342,13.9554968927136,24.8057392848666
1,5.90337394524717,8.56415109887341,9.82009915438092,11.9252938211764,17.3818517772771
0,0.102722521905351,21.9261714760966,-29.5099132193032,10.586765299207,11.6766512134477
0,-3.08378145660341,-8.18246637167487,20.5854925782981,12.029242400478,11.5912723146966
0,3.06320034211312,57.335638921408,-28.4744365678206,9.21490509182276,11.0262438400219
0,-5.68520103039353,7.33896266903552,18.5124863104703,9.15841489627913,8.20119633130997
1,10.2254401410632,2.83265254626187,2.51682977149874,13.6934986585331,20.3473253441933
0,-6.28580273059713,-17.54983563463,34.350970528146,9.57407979662899,6.32873354874923
1,7.14190047733197,-5.64678109970923,-30.0715110778064,13.3427958362571,18.8119635076025
0,-15.8901359954537,9.93646609771098,52.1062708157739,11.0094629043324,12.1765040643413
0,8.29557217398845,-54.829779239272,-5.3475824226084,8.73725282190635,7.09848228868673
1,-15.5751013324482,7.28502102638777,-14.6721584951693,11.937242845865,21.0374279725824
0,0.0683692921468477,40.0581253289915,7.76317606978306,11.9417622070768,10.9543747796911
0,21.3481194229181,1.91281664419197,24.6330914743634,12.0964448402551,12.9438320625063
0,-0.600334778427374,21.0184852468988,-26.9061810308709,11.6383602384292,13.2501345574132
1,-9.11978783502077,-1.34749870243661,18.691672986066,12.0828361675998,18.8455854624387
0,-48.5589653748133,-5.31448955797923,-14.6478692544341,9.97756357678159,9.8561041526775
1,-10.835513420397,9.48947120802127,-29.3783838649199,12.3749153764194,18.442919299115
0,0.761439893206168,-7.7914121385204,28.1452774390734,9.79550818886817,9.94572178501882
1,15.4297627797761,-2.56251313124651,10.3303244302471,13.0000913799642,19.201743315696
0,-7.8564954056081,55.5869536286367,-54.2289972029733,12.3931973285403,17.6851448431819
1,11.8674526727459,-27.4017012099107,-28.8735371234833,14.1960683796634,21.2575135202546
0,-14.5911987466295,2.06702496028178,28.5294241817904,12.435022962792,13.6583829688842
1,-10.1670388299694,7.78905213512157,-32.2058462826711,11.9238270019737,19.9439679994443
1,-2.92331632599496,-14.9312377752111,40.3881703926579,14.2095239849131,22.648327447629
1,1.1601973759678,11.13417159415,-11.4879838229676,12.0800953286538,18.3418587592905
1,8.15170555583162,-25.4498636105418,14.6026077812196,12.5502760723247,17.3182825867162
0,11.9370699733626,-72.3084737761768,-20.2801782979892,8.71649857569922,9.10577087632298
0,-5.78246944760953,-38.7620969615245,-15.6672965230885,11.0342904895999,8.23944620684902
1,-11.1095914935937,-8.79837692680353,27.0768071528376,12.4506169989354,19.8643782133327
1,1.49258144191354,-14.003020547394,4.55575329294364,12.3447410096197,21.2139313233257
1,13.4351741947972,2.68553809414602,-62.8046036425606,12.2609880578883,20.6261468311036
0,3.96609988431297,8.17435448288835,2.68565255286799,11.3358306182454,13.2065245490734
0,8.36043753256651,-10.7777215500021,-9.19469432981274,11.6320010485313,8.24409127003069
0,-8.25697505281967,25.2183793483183,2.60194659446463,12.3602948537842,12.78137423578
0,5.20188115527658,31.5251788307578,-1.18072328404027,11.3039971478474,12.1497833948313
1,-4.3479744861551,-12.0516085677772,-52.503467677335,11.7386713213026,16.059278837511
0,4.78316603996401,25.9141143461653,3.87317350859212,9.22344795587598,7.70078568389429
0,3.55767485055205,28.2895446795427,23.2098062038192,11.9655211125152,12.7520531380528
1,1.49109898430975,-43.6607815109856,-7.81050542330868,12.8747774939745,22.8832249917294
1,34.2306083282952,-19.6335190723341,0.215980711679552,11.69612278243,17.2543474112264
0,-8.53224113503029,-10.1621878492007,-27.7971519024815,10.1052491937537,9.70234781453503
1,-17.5775227069784,-12.2163442809413,-30.4408835625583,13.2573165545397,22.5364478051377
1,1.92800408479369,3.33651333553817,56.5667298452722,12.4487141910702,20.1560166571209
1,-10.3619035849769,-10.5453370092138,0.369368061582611,15.1246387768248,23.1847017285642
0,-8.52847874482791,8.08098495318253,-4.63953164340642,9.83041907484064,10.7531629623688
0,0.946171587568989,-8.29515384401212,-3.11461006040402,11.016150942917,11.0367244680748
1,5.09009375801808,-24.1392204907659,-8.69739476646758,14.1556782188539,25.2579058641028
1,40.8742036784874,-8.2174105813068,4.42425647996036,13.9239121232349,24.2449586617262
1,7.62376011960616,7.31657269270184,6.34394778444763,8.76197867436839,14.0828177495334
1,12.9410368267031,-13.8785806640657,35.992292305404,11.1846747046109,16.7845350930596
0,-10.2302840605693,-18.9343263305823,11.9013645550393,10.6129028028879,11.136736756148
0,6.18422875056337,6.09349948518482,-1.9239284321292,11.2686850460476,12.4830845813472
0,1.40679191905981,2.20945979120741,21.9322308165769,9.70266655133865,10.8962652322819
0,-2.86995472955024,-2.85983929080956,12.9988530020256,10.9508482045842,9.25563963949122
1,-21.9585827925118,7.3083878766337,-59.6824050308278,11.7930555757681,20.6152397653256
1,12.5519820810949,48.8452525162142,-41.257209525287,10.9340989921846,17.8843080942328
0,14.6380491809609,-2.03896656533512,10.9064593001495,9.33680517051942,8.54321569072499
0,-7.78089256497462,-19.693721795077,-12.3811025663358,9.77188947579222,9.74583335324469
0,-5.23975234801455,7.13204169902913,-9.79170260753486,8.14544988345451,7.06888195751504
1,5.30076561226157,-1.59741486016025,-1.3650529163575,11.3150398656434,16.899114621152
1,-14.3151369143827,-1.77747688555211,-33.63800152946,11.860536094748,20.9950118657588
0,9.85528956949127,2.27502219743174,7.29639648313035,9.51810105716675,7.32145830919263
1,35.0336574048167,-18.3952542856646,12.1149140411482,12.8592898012765,21.9284994255156
1,-6.75651370186471,13.8850243295644,27.4580909905196,12.1043249163442,15.4906093207656
0,13.8373902274212,12.5029194500182,-7.03663219213863,9.37988596750328,7.7821129757426
0,4.60471465974495,8.40103053775681,-6.23196013439563,10.7611013406214,11.8249160288987
1,2.49394893048914,1.91854924719159,12.9337879264232,11.0727386657266,19.2739475257122
0,2.13956839157159,10.0035569253363,30.4820702838962,9.91616994608164,10.2763525534893
0,-2.04359415854417,33.1768230856751,2.3729517307676,11.4660285673593,9.19652071796508
1,3.03186972103684,-2.4932436428403,-48.5221100826146,11.4456043917801,17.9681986702521
0,-1.46856965101893,-4.24403228078915,-4.60919467796609,10.6270632491892,11.7591342987148
1,15.2374703031353,3.756290209945,24.5725399255747,11.4529568796785,20.1975771239907
1,-1.44309409869076,4.26294649509876,0.934748213081917,11.1095739174035,16.7419466042076
1,-54.4742614009487,4.39351867526823,8.01014612540166,11.9499987431859,19.5065070896256
1,-1.39915174307818,-6.49940594985404,14.8839586389345,12.6926290331836,17.0369710087538
1,-19.1110261975639,-17.4200760116168,0.491424668261709,11.9068378508199,17.6188931565704
1,3.79493279563456,23.0149157863761,24.5696714726646,13.3889618051273,16.688304862204
1,12.4270467400737,-0.0856178713769682,-14.1978202470376,11.9504595780735,21.0925405359019
1,-10.4281230276107,-30.3207168358057,17.8117589034617,14.3906341972581,22.5705921362175
0,4.96886985898497,-13.1017703444337,-11.2310988488535,10.0065251661519,9.63385439843955
1,-12.1644021042911,18.6533074776386,-25.0538104139478,14.756332554541,22.8018258786958
1,-18.7546740062001,18.6601404803625,-11.3929558117106,12.0369384358735,20.8632883161581
0,5.67799389176512,-3.14268989235967,4.40121833185916,9.28027528853472,11.0557052102165
0,27.8577970191017,3.25340723171256,-22.0385329103158,9.52206040927707,10.8708603857733
0,6.32185871395636,-5.74305347364335,-56.1685192931315,8.43809758631352,9.82009210960663
1,-17.35650475284,-43.8125727997419,-23.0190725652527,13.0930590930647,21.6234033985476
0,8.40998921923906,1.40284990640629,-42.0689539419469,9.28832759126744,10.6448360599494
0,10.5280868718015,-10.2689449115718,-18.4650365620161,8.36101484084853,8.60791334797063
0,-18.2342204110021,1.59428584628639,19.7943093279094,10.5423241835783,11.0499855930942
1,31.2197037306521,-1.72309176686325,-8.02995288358889,11.8097592069882,17.7321508567611
1,18.4993449935969,-7.0817996929155,-4.20379293557234,12.1714065330506,17.8109610178114
1,-12.3260688617253,0.190851162180337,9.51427131976209,12.9015776419419,21.0714612966832
0,-5.89420790373744,-7.56293713800289,-38.583780994845,10.4134023168639,7.83079759464765
1,-2.66465724148571,21.6703438183078,31.6085459474832,13.5158226095455,20.0584079470394
1,23.5284537131067,-3.80946816749666,24.8118508172435,12.5726676406045,19.4534706539781
1,-3.73595397510752,14.2081881348611,11.3960791197293,13.3254404999817,23.0287182370126
0,-34.7303598759246,7.80077062361307,10.1339717915114,10.0796881921151,10.371054508363
0,-3.37987372142384,-12.4055076907951,-28.7117229763934,10.149435436538,10.1791013608776
1,-8.23555387252918,3.47184516738201,11.8000011098889,12.0164122816104,20.6032334096389
1,-26.2259199284464,11.1904430417395,21.3342565318594,14.475027186618,24.9477692507464
1,-2.99000443770631,-15.0458269818554,29.1875378072102,11.272471475012,18.6574592155037
1,-1.18537484555462,12.9676229260445,30.9231456519203,12.4805813945081,18.0466466983947
1,-4.21883496497325,26.196651506679,7.22869531623996,13.7719229989072,22.8746143310584
0,1.86644181542287,-6.58904358402837,-3.05904840574926,10.8613302260584,7.57988095197797
1,-4.66276042597692,9.31533398298685,-1.67435624827669,14.5304974213495,24.1973229149193
0,-10.9265532970609,-15.348837700655,-31.9546166789965,9.57565745273461,9.61060631495669
0,19.3885298090856,0.505917297475307,30.7263671827617,10.0926768812951,9.57277656563975
1,14.7165984267966,-1.39040111194877,2.44700464533012,12.9876148647339,21.0607532660176
0,3.05651486857057,-9.43159263547237,-0.717957464056778,9.75156580165229,10.8817760189774
0,3.49150709571908,-8.26583891677951,12.2343832599933,10.9928266972964,9.44757647352355
1,27.7548192360066,3.9331604149077,-25.9306305794777,13.1172405016506,17.3240870833187
0,-10.6915453628157,32.2258069313447,-56.38871673401,11.247992877519,13.2544705029656
1,0.999471095205895,55.8439033466616,-34.5992238273697,11.8399386871181,22.706834385164
1,-12.9925463474632,-27.7596916921087,-24.8725676178898,15.3342246757046,26.6110938121583
0,-6.88988189810187,-8.4364777242104,-2.82300047656953,8.84070610689759,8.98428225293589
1,-3.76721249034398,22.4447506928683,-6.67644231654569,14.7235573369462,22.8070125517612
0,0.380363647150636,-14.9509725988153,-18.0183949863097,7.82386282611082,8.30493413764978
0,12.7522838864536,-17.8684835469144,19.1753328749522,10.5853275108456,9.00227170713957
1,1.88610488289231,23.2575397245578,-19.515080528172,13.3035578444207,17.7598457482461
1,2.62105304588345,22.4922426557091,21.4249514479779,13.0630167125714,19.6831523424098
0,-0.307671388528852,16.8407859666787,-5.1027320997222,11.5437860404796,13.5237789144502
1,-0.568529574934044,5.58123670039417,-17.1992334579828,13.3314237203931,20.2571243097417
0,-30.527112197272,-8.62530789150645,0.56150649766666,9.0337831475514,8.52237459707248
0,2.01516763456359,3.08877411990311,-12.2705569317149,9.08284071583599,10.0263383988617
0,-12.1164458274551,-2.60825541508963,-12.9310945331419,10.0155808302818,10.6427190290618
0,-4.44816614974729,5.36772247931993,-5.09669898541634,10.2094093884831,10.4874462825628
0,-6.54035907339333,22.4757111210229,4.48643186949463,12.4444005030935,10.0605673177053
1,-0.125191747538273,-41.1131953141973,14.8340951953028,12.5457615098017,20.6613215785028
1,-12.7223168766017,10.7641853486498,-17.2791937809052,12.0692012063732,20.2389272104317
1,0.338807704805928,-8.32925115435229,-34.5611436240845,12.7202700748179,18.3114162022356
0,14.5803713583417,-9.30323217328833,-8.54224151589081,9.05016525691896,8.68139100191531
0,0.0484110248940962,8.44021239371439,-18.4050396628791,9.96844558281255,8.09479754058803
1,-3.49928873396487,17.8596213494268,11.6614082890694,13.4041415603496,23.1869771241032
0,7.28109273265815,-32.1793125788883,1.04751431837881,10.4608025781666,7.70547432189989
1,-63.5979826258467,2.28406093287807,-17.4128583327421,11.4251481583198,16.854271386622
0,21.9276066539028,17.9040412555383,13.4590463118902,10.7822509777713,12.2005702296442
0,9.25489701833991,2.50677362720056,-3.77312350426686,10.7047066410715,9.75264095678558
1,-41.4821029914615,-1.1359433585832,6.20710574530578,11.7697327113297,18.3265584478242
1,9.63130528988668,-4.09220389354802,8.26781474835519,11.8034950760295,18.6378082750062
1,-10.3904671503312,-51.7454224893321,11.3935486857939,13.3276131722482,23.3455261814557
1,7.57210018345936,28.8857750921846,-44.1808366941752,14.0320385306438,25.8338264494576
1,-5.80925374057897,16.9247399601184,51.4531919416489,12.9096309723237,25.0152986646987
1,-11.0667827218408,-26.8291348351649,16.4200430327373,11.4829445661425,20.177706077683
0,5.91669270775181,1.82475098448601,8.45926313255791,11.5936513437554,11.3941302263379
0,0.630643649386186,8.69469450953912,-14.1922527776375,9.18231145976739,8.90494464684749
1,-1.00003081192528,-49.108592854242,3.97382980705082,13.5501466112131,19.6841850731941
0,-20.0515970409845,6.3654302411299,11.4742268871163,11.3706342578714,10.5417244861149
1,-12.8439481915753,14.7690830587729,38.1423247031104,12.8065726733175,19.5965943832274
0,-22.5184651435396,2.87712022148147,14.059787601395,11.480524885047,11.5056946642327
0,10.3200465888774,3.05508691401664,-1.60291696622795,10.2373239376499,13.9708820802479
0,-0.755709970633311,-1.50476883771044,10.0355994608241,11.6534532794223,11.5397069710077
1,-2.6437532901806,10.2565728077409,-35.9408220692741,14.0807568096794,23.6259896966087
1,-3.96863734183856,-38.1736528627481,-11.4939623626832,13.3439762847999,24.0617414991597
1,-2.6654388786965,6.98481462989368,-1.13151204783876,11.5007228006944,17.2154576305305
1,4.41054948891112,-21.4967173357289,-8.38476567400686,13.5287736087237,19.1447767631109
0,-12.1218577793773,-9.12169023339061,5.98953310924866,8.93752529555976,9.20792316967293
0,-12.8614119301405,4.53323965128883,-39.0235834416925,11.5571309622758,11.8992028043899
1,17.6088871311691,43.2854529275423,-4.60444588018372,12.733363647709,21.0932923952829
0,0.635596878324566,5.45645131906876,-3.86218693658054,9.2957518341928,9.28634087195048
1,-6.71718104287134,-15.9896372901196,4.53658419590024,14.0190159469838,25.1902267736367
0,-4.71223354077995,-4.64026608831793,3.88012990451048,10.1899776971112,9.47575826590268
1,14.2101092108401,16.3139860862151,38.7615479967671,12.8155565281888,19.6003640323915
0,3.4753400445176,5.55382683507916,-10.819708837717,12.039483484643,11.8799478279188
1,7.53668740169776,5.58506071507998,10.0477150429377,13.2420924556682,18.9606027202858
1,2.93454243341074,-2.8304773444832,-45.1976448601883,13.8257792072911,22.922261137209
0,-12.0580440214833,11.8240717192267,-2.60526335800644,11.9179024855346,11.6785928807772
0,-2.19827425816541,15.992932269176,-7.5966074975519,7.98386476541446,5.65058669566275
0,6.10766270687728,-2.42324738155873,-33.8943986560529,10.2869282749018,9.78512223476441
0,-3.35470199055649,-16.2132739757035,-9.5656108349655,11.3880866285757,12.3689727515408
1,2.21987630759451,-6.43242367901479,-5.42934838035795,12.8273790950462,19.0602628932607
0,-0.721732535734139,2.84744348598505,13.0451371288657,10.0034324644316,6.84713503076116
0,8.65420870903701,6.37231040579637,-33.5305386042188,10.1074197730718,11.4983550541696
0,9.85580608321052,-24.9909530788793,-49.7948543759746,11.409813849536,11.9411385067792
1,3.12047138514697,-34.3074399176751,15.5747888428497,12.5243506166153,16.3247287377504
1,11.277939423358,-15.6453601443813,24.7408328454675,12.685713049168,17.8767031396496
1,-9.443529355551,25.0310642016824,5.04707347139864,11.8471222783088,15.8234394338696
0,-6.74437792112442,2.94826060576054,33.6417279501851,11.9944973226441,10.1963023834417
1,-18.9426003369921,6.42084699305732,-43.7089104124305,12.3635700329468,20.1740534637113
1,-4.83018401263593,-2.35785808595066,-25.7142427336503,10.8137241294971,18.8097396806378
1,16.3809092871664,-7.5799307719871,-10.7822813309566,12.8422954006254,20.0147664470131
0,-4.39726808610557,-0.014884617961568,8.807891770905,10.1350548749606,10.1052436832486
1,-15.1972388078979,10.4197504063434,19.8253013695652,10.3063103105732,17.9963168503434
1,1.31092846134515,8.56317121068896,-1.23203172655065,11.7084399672033,19.5487111670891
0,-3.61976506362125,10.5312780785026,0.997809300595853,9.68491608335658,11.9752047703572
1,4.25859567340534,-10.5569375177992,9.29996065912808,13.3095720610888,21.5060421559847
1,10.6894590416866,9.1229504612028,-4.91937806167721,10.7672024992582,15.3771002728743
1,-24.3282195682223,-28.6281949393163,-22.7921851437573,12.9597176534946,17.2606355145698
0,10.0794281571561,16.1551986245385,6.93265470840494,10.8882453050753,12.422031178223
0,9.81860687164959,-1.21997324539623,0.515412397044983,10.7565046751442,11.5682161952474
1,-4.62729107202597,20.0783759136571,8.85076207967608,12.7379105209088,22.094486951476
0,-7.47205653141715,67.9291330800178,-6.45003965039873,12.1049863631478,11.0066415538664
1,-10.6339807767548,25.3058266767987,-3.33580923284251,12.40794716946,20.2278238793497
1,-13.5116999933708,-2.48390327569537,-2.68981182227794,13.0783535185414,20.0708099080127
1,23.2589452240826,-1.01529164941835,5.77810889378872,11.8235609101149,18.2511203759394
1,-5.15268316898471,8.6441478281873,5.89668227566898,12.4946195725452,18.0126839385794
1,10.8856281664826,-11.9259235003701,-3.3104656361441,13.7333844824667,21.094551323567
1,1.0984145141158,-6.66509981261057,-3.2076042200759,12.7949113265788,17.4780432541114
1,7.52030602552886,49.1126010910588,19.4641574961334,13.5895802565565,21.0000377484691
1,26.2785150969373,-6.75820259686494,-17.9929732283572,14.0993870481283,23.1371732388022
1,-14.3906704712284,1.35891627381607,32.0306516278388,12.6198626343241,21.5612907406923
0,-13.7744613772822,-16.7914481507658,-47.6194203484767,12.9060751662778,11.1456633260924
0,10.5642682323333,8.25284222589263,4.55036648345458,10.7868748734246,11.3802678083122
1,-4.56698418344716,39.0906920767544,10.2161247966041,12.6289117904655,17.3802570104158
0,62.9568371884701,12.3091112689967,1.51553769097364,10.2342981880803,12.1828973271677
1,-9.37294454907115,26.5460560515979,-3.92363469181182,13.9070745928335,23.5288801279958
1,0.472578065109114,22.0216916338977,49.3402000750864,13.1023384865283,21.907450412897
0,4.98916784892543,-3.83600034818576,12.5369470192492,10.5122790721235,9.35642308116874
1,14.5552167268737,1.15714735063872,-9.02208384503139,12.5554572038194,18.5560509280918
0,14.3064607480004,-51.9184363353975,-5.74291302243291,10.6079949933444,10.5057466407006
0,19.7537097233803,-4.91161181072945,2.73814479445003,11.280919638176,12.9398079144498
0,0.601175387985802,-0.976832363386852,-8.21223224872495,8.28729327206511,9.39481457428451
1,14.7718981138447,47.6898471466113,-9.55583681932984,12.9085836593807,20.3819534384004
1,2.10368690479196,8.71737169996719,-1.87240471013526,10.5312500390884,16.6065251016148
0,-7.87057432131291,-10.0898225090661,-12.8114894047185,9.14468252424306,9.79940117651909
1,-20.2055539343324,8.33782298666335,-10.1690986892884,15.082239802165,24.3968502246574
0,-6.79977175179707,-5.49510613241593,-0.0594510664980503,9.87712718474248,9.90271549333094
1,0.0213649806062532,13.3948673097904,11.9283927954581,14.2447115037996,21.7752438097939
0,-6.86527514120622,2.39461079829801,2.93972477347765,10.0956885999655,11.8242912654089
0,-5.67813407135146,7.31193215053038,22.3419938268415,10.0308901729965,10.3546074365432
1,-4.60277211387876,-44.599153389639,9.75335406990783,13.7266648802924,22.1193779044862
1,0.781270252052241,13.7186900042613,-39.2077785200696,12.6110132757593,18.6916518882516
1,-15.9318894734332,-2.99597899977276,6.13407986308716,13.0844013980984,20.8629313337725
0,-1.4963850126815,40.1520346840092,1.62720606664779,9.76743644458889,6.08710949445677
1,20.7065200098057,9.2429972181401,6.20335590482439,11.9328031693421,17.9447313236408
1,-18.2379295748406,5.06640660527393,-7.79514638930899,11.7902852606823,18.6784389260805
1,-10.7646313229418,4.37983383067091,1.52805920533036,11.6865661138111,18.5804110870293
1,-5.80933702513115,25.7992618979453,73.7695496405876,11.2653664182377,17.3274674529022
1,10.0805411404956,-12.2593299100583,-18.7223808409976,10.8285152983634,18.2520197825101
0,-12.6242371136385,15.9264871740602,4.63388524884832,9.81148936885471,10.6518375793659
0,9.01931040128586,-4.0105669378441,-17.7775952705803,10.7485255151037,9.9216788617718
0,9.36334179050644,14.6925853935628,6.4581835663027,10.5955670824557,12.168633179784
1,11.6706277472214,31.7643291156003,12.5816258067006,11.6468705907327,16.3485919738924
1,-2.00251478918694,-3.37938768210259,-0.398165656297806,13.0282840461234,22.5267552077015
1,4.50383647272607,0.375572118934782,-44.3906835228823,12.4098534313074,17.8240008556928
0,18.458078128,-2.99607936813617,6.43061158687109,10.8826319575132,12.2914496536548
1,4.72506346844793,5.58920844340214,-22.4313462286022,11.9849131290454,19.1689552109914
1,6.52756025721353,3.40899335059206,42.8113900381896,11.1769563914355,16.1503940043613
0,1.34151653161052,17.8200324480805,4.299351342994,10.363946039131,11.2886241732653
1,9.27400275403282,-2.8039230911567,-24.1945980030809,13.235210146786,21.0197167069126
1,57.3614006826677,-5.86049442742038,4.26002104173099,11.0712793816419,19.2728105011589
0,-6.55514922970574,2.1709827282046,2.76754629011231,11.2922310034402,12.0014114084493
0,6.5548905680333,2.00954792284602,30.1836491591431,10.185729076204,12.6233256435452
1,-9.3675273047218,27.7056602425613,13.6934032647228,12.6411496178281,20.9149756306855
1,3.93451388410592,-10.1956279344185,-24.2108851012975,12.3819099044502,18.5086598162832
1,-27.2481734372512,-17.6760304258458,25.6618627820486,13.5309052611701,20.8996386702677
1,16.564851381372,11.0074904370604,-3.31656092177206,12.2751791549386,18.2565070681212
1,-8.86726405636161,-41.4002415484743,-16.4290481409006,13.8041967337839,24.5705832256518
0,3.63594315977189,13.2040048688241,-3.6692931282933,9.33329327510595,9.86497999262321
1,-3.13817059478697,-6.60290842615394,-1.64346436935746,12.8074333129377,20.6116038315391
1,12.9869160098907,2.12205331127113,18.5019516253508,12.5980792832846,20.683824103982
1,-1.02530560345956,-18.5476597552954,-22.7825608966756,11.8598214070734,20.2949556821578
0,0.753536967732961,-12.2119126814912,-29.4024057267782,10.3349034920507,8.69924029223789
1,0.805665795686549,-0.400474130806687,-2.87191868389102,12.5405635913756,18.2223700513003
1,11.4641996181747,-31.9856593675128,12.07450119458,12.5231782681192,19.8998842320736
1,-3.96333728259835,36.1833751914315,-21.1075698771043,14.1914381199054,21.2922417118633
1,-0.0588558632828504,-2.25195552105056,40.276484785885,13.6533402929137,21.5531175065021
1,11.7506370351313,-17.9958721268549,-6.72467521978556,12.3939770941441,17.5998041472564
0,-2.94835579757742,-0.930736267038407,-2.60414388267033,11.0866131169604,11.4726350003074
0,-11.8431092199355,-1.24004730854305,-18.0877698758872,11.3734746678848,9.56376755932977
1,-7.01206282342409,-5.09725225147763,28.2258956970922,12.6196231170464,18.9424788387407
0,-6.1159214340881,-10.1056209381579,-12.9765499331695,9.80705977544888,8.31539201823267
1,-24.9274490123129,-11.0591358168035,4.64212916799335,11.8531336613209,19.390892535182
0,-4.48465021018683,1.95821450555986,-0.712961841812301,9.22512265009669,8.32443778752206
1,0.16336409375699,0.459177487359229,1.02402495337695,10.2194715563703,18.0109052114682
1,6.40807967080651,-20.0608622962223,-66.5808958605383,12.1193232326985,19.3567124865126
0,-9.52931666387688,-1.74835243508189,4.47600976091988,11.3152167546335,10.2813812891568
0,-5.94215231177459,-12.216292661268,30.1373640007418,9.93193736675357,10.1137543238783
0,-12.605065515266,-6.15707379894607,6.88808836201999,10.2962922550524,10.8115708028243
1,0.843364692185557,-9.44565559224237,-21.4844156080934,13.2914226372229,21.0018238893129
0,-8.10863563919215,-4.87081956846222,-9.67230005396741,9.2181178828669,8.32138950567599
0,3.11651810343805,19.0546179485799,2.96924573108406,10.861852410292,9.21566194811473
1,8.17923800824211,-2.23705292727985,-38.6643176585508,11.9116095046982,20.9882329764578
1,4.43966667773572,-16.6508370554645,2.61748518702875,12.083029582634,17.9087192498106
1,-9.61937253875512,11.0607326852416,-35.6850485991824,14.4401983955598,24.3804131738944
1,2.56055218625651,9.80760825782687,6.15346736746552,14.5309711250031,24.6051633665428
1,8.29303475707424,-1.30632780108918,-35.5724915248643,14.1044679735105,23.0079152080149
0,8.67521007782156,-4.17225057625516,6.58934226385113,9.67581375546098,12.7711933021
0,-28.7619353973501,6.62644598054103,27.7895753559783,11.4756233780008,9.73982556805197
0,14.6229541952526,-19.0009097535838,10.4916134897305,9.92585738592192,9.50644741633108
0,-8.15824511498412,-7.98044563665003,46.1445529228454,9.0430214548351,9.45036752548605
1,-6.71659021937931,-1.95263657120458,-43.2228642396166,11.007109667906,17.3515292098493
1,10.4730349142006,4.85979486863855,-11.4812186130061,10.6170756665873,17.8535558666495
0,0.697388602402913,14.9302770763616,8.51492981553094,10.9772125945103,11.3293903299484
1,-11.0125047689993,-7.37539479098497,7.19742073507224,12.4756330003898,20.8744502973001
0,62.1687276240114,-1.42659222980099,-52.6699129951328,9.44746910464611,9.19973979914275
0,-4.66645954108018,-2.69676790321966,-11.4783679704399,10.4676287440936,12.7503497161895
1,8.38975737543489,-19.2062197064553,-10.4230589618024,12.8509048768389,19.3717500184164
1,-15.4087217261066,-4.78010792680263,-3.86050238383591,12.5734041100271,23.4415243215206
1,0.31979143350445,-9.64772074738282,-7.13964493962199,12.8186090299942,19.4836699368681
0,-3.24302927478773,18.4597382583159,-1.37120585790581,11.622004654514,13.1255660450021
1,1.37831854314403,-38.2223591182982,7.70069358849786,14.4051796281954,23.3450205898812
1,13.2251863293992,-0.662823649433954,-15.998541503913,13.7765303152177,20.349886689696
1,-10.2652745778796,0.0142894583816923,-24.0266772070986,12.3555695427508,21.0288563798224
0,3.00908492743555,-8.38487136832038,-7.64321818099832,9.42244269730525,10.2501927817586
0,27.1004863357638,-33.947360349767,-32.0428385777175,10.8771198397215,11.3210632360659
1,7.90978902733272,-2.44350945665207,-30.8177013864922,9.89304110245956,15.8864004937927
0,-2.07212093884249,23.8400654155562,-22.9339857694801,11.6492755516263,10.5778521147937
0,2.00427008270851,-10.9276457624307,12.431738065416,11.0538253270083,9.85998198108585
1,41.2268510404796,25.4462630169891,-24.4066653137429,13.0375649281448,20.0163696708163
1,-5.28202709929294,8.42802144228135,-27.0295096300001,13.5824398263245,23.1298570183452
0,-7.99252184682109,0.250940047098089,-8.38972996892839,8.68638371119574,6.21954273278166
1,2.7118681330565,-9.5851060790547,12.7853710307725,11.08606755601,16.5473619025193
0,-8.04145911984373,3.46127512595412,-11.3878793508545,9.2273247021199,10.4286058263785
0,-11.0102728118801,39.8395290222289,13.697709373261,10.0472498884366,10.4150731584784
0,15.4643593980841,29.9326594836762,2.7630161007742,10.1874117914807,10.5073437540357
0,-6.80278968576535,2.96870929881525,30.9442201564012,10.3873330700074,11.1423893629869
0,59.4310238707727,4.10273662303103,5.24267537682889,11.5867117515862,11.0526344116076
1,7.35145446870249,9.81007359235763,-10.7876229508364,14.2268686316842,22.7062731345748
1,-21.0261802378072,-2.43165011943905,15.915518278519,13.2523807492485,20.0588933707261
1,1.25455487540158,-8.77906416404468,4.22112364587211,13.4205527295493,19.6820170184258
0,-11.2904917775491,3.46651710031253,11.8692766863848,10.792613841689,10.1251762281008
1,29.0501615266608,2.84752463225172,-1.69927077095651,12.8691636924529,19.0279576143813
1,18.9981267921613,-21.0190645844474,3.47452005167658,12.8811279764031,19.4162120970551
1,-12.5815564272446,15.1746945083741,5.86670665935815,11.1782516968472,17.4064888971182
1,-29.2626818848153,4.0085715297532,-37.9446402036885,13.2408475998523,22.7081497818289
0,13.5392112561807,10.4326750278413,14.5653739743152,9.79033254209877,9.22998606491621
0,-9.26281510426427,-3.79242073385217,-6.61994288072215,9.44018057652318,9.89296927898968
0,-25.6867104938487,20.6419371540799,-5.60907688439169,9.78079845557219,9.5098080021935
1,-9.14538788778631,-17.5769515168132,-19.4636243685707,13.1373113842511,20.1669875258575
0,-0.0331133184207826,8.69708015160217,-6.94051142051732,10.0035450536001,8.65867546590132
0,1.07205636809278,-14.626236843143,-1.36209441244813,10.7434066470102,11.5416020836884
1,-0.0332346013746806,-9.40600988541392,-1.71218823724327,9.89998936200856,17.3327636535759
1,-29.6733501941142,-4.00510878970155,2.74582130511565,13.0981182945761,20.6621790475336
0,-4.72876482154259,28.8241424513794,6.7447311085359,11.0896992198109,12.0194594674534
1,0.322591770880414,-6.47441082137691,9.13819838234479,10.9861236955237,18.0240873381483
0,-11.9747839922785,-0.920533066341137,12.7135740350688,9.77072961077455,11.7841264657846
1,45.0299905191398,-1.13398563415289,13.4121639480181,13.9080834046048,21.0980141454028
0,-6.6383139904524,-9.36838045018982,-12.8321984606772,12.1850160965018,10.7740970762662
1,-0.195762795596404,-5.30782287709353,-7.25739271417275,11.9489213824282,18.271387476493
0,3.30734645965484,14.1702370487478,-3.10403974464966,10.2888174453618,10.616014969126
0,-2.53139613645153,-4.2257638197599,-8.04438007393043,11.1823016108111,10.5050113656767
1,7.76255577290597,2.77513824253357,-23.3370142897486,11.0173718302012,18.6426940233202
0,-0.962470875621429,12.7399229672174,-5.88545207161145,10.2326053004101,9.85485084724285
1,17.519669057702,-2.13738765125002,38.3187471150284,12.8733407300446,20.0457188601735
0,-2.80096997565248,-13.8875242791821,-3.74722514972672,10.1377101618716,9.00539717289995
0,17.3082720183687,-24.3639299972059,0.831766103969422,10.638339349206,13.0635213107523
0,5.32595706356925,-23.3552612955522,0.767752797655593,9.30517882884023,11.1978183310123
0,15.7993961690248,4.57865398245447,6.50459347605371,11.8682347321809,11.5458689558328
0,-25.8695007668982,-0.585545534266732,-3.56781914039074,11.747272451712,13.8982722022159
1,-3.75355390289382,4.48482748963897,-1.72509852674441,14.2228100090729,16.8465874682344
0,-21.5692035618197,-7.47573390315009,5.96540253891695,11.2527810404264,11.1708869558171
0,8.60832705803019,-10.5464075478745,26.0495114804486,8.9004105571857,8.05958840602096
0,1.44220134908394,-4.90831242062445,-7.55735741006414,10.393703092269,8.52586262778508
0,-8.82640829735816,-10.620155845622,39.7297714212499,11.1175830906961,13.3407820495141
0,19.8900980148571,5.04274419220502,1.31774716802369,10.2602475149866,9.83907386165203
0,-27.3442938627292,28.7102702531602,15.9718238732919,12.1743182119037,15.8963006022987
0,-4.30354567031762,35.5410679625196,11.4202346353044,10.8631362001008,14.5123051354409
1,4.54010921578501,2.41555981255295,-38.9257023488437,14.5048370524188,26.1593621352493
0,-10.4938460020335,-5.0787777470352,22.5952172788923,10.9637339261448,6.69423287554184
1,10.7826301948107,-2.94104391277394,34.4000674120011,14.4109230203279,24.2644531045487
0,11.8079024529417,28.9728271805343,17.2630536878534,11.4055852418979,12.7224011121906
1,3.35883621011263,4.34178963490639,-15.6674664845237,11.0124842137546,16.5581271551339
0,4.03087986924346,23.7845500680944,1.85662948063503,10.1672697234578,11.1368293418186
0,-19.2909736477927,-3.97628834491808,18.7682094268103,10.5681462043806,11.4165483519508
0,-12.845847166421,-2.05511042015759,8.19336611864487,10.7046396114869,10.0213583311315
0,14.2864693450112,52.9477932155818,-40.5804760328097,9.46619722424695,7.88622383894251
0,-16.8740306789596,5.32955139632752,-22.4484063888841,11.3133949245983,9.6276184795184
0,-56.0130914130071,-16.6422913535354,18.2124922344869,11.205197113708,10.417174756865
1,5.21667300740372,11.5986808368329,5.18920774565415,13.5491534535214,20.3040011330259
1,23.2730230693091,-20.8019076446473,9.23458134136,12.2531788334107,18.9974317664155
0,-1.4079568677034,-4.40560350961892,-6.96965829633134,10.9418061779277,10.7104502479131
0,-8.02466438154579,0.341723257866625,-29.7546190065317,11.4013330307015,11.8777068660773
0,-21.3188604167698,22.8944555895978,-4.97169532071096,9.66936475592933,9.21506296449217
0,9.03397319541395,47.6257320562062,35.9305179805536,10.7653880502723,8.55747084861919
0,-3.49608060455718,8.05439717121136,3.59392683423476,11.0006428969651,10.3545622980556
1,-5.21691779050679,5.14151891728053,4.94604254139057,13.6254735682992,21.8830578359776
1,-19.2548835502081,-14.4930457294468,11.7540700821552,13.9588822309712,22.4519557437191
0,-7.38302617706503,20.1775631602206,9.0495295045206,10.3461101436377,7.45640971504555
1,0.184215371764858,42.9534516096573,-18.8699405305273,12.6465489472834,25.4928479033409
1,-5.77529482189185,8.29166658958938,14.6488782403797,12.0164965956998,20.0370930559781
1,-11.9797065255145,-13.76213024734,17.4168570214169,11.0812682445331,17.8167521591496
0,-3.53755144074823,4.77552408468346,-6.31044952808647,13.8432262954599,12.7249739421924
1,-1.76375978581517,-34.1044589374443,-2.25576189381172,13.7332218391231,19.9846528761237
1,-13.0513107716468,-0.72700525323153,-22.1236690171739,12.0296592249639,17.1237248187855
0,-24.0119585558349,-9.02703937853829,11.4744550131259,11.5981832781402,10.0710657431319
1,-5.41172039514902,-2.50459927280769,3.38055129288184,11.6645839216473,18.5002127265438
0,-1.06279606863948,59.4294587697121,-27.1212491479637,10.3381575778566,12.2904601400384
0,7.15792867028854,-11.6406824718091,3.35138245143545,10.114294084167,9.26976356565132
1,-75.8667092370399,9.8280083682347,-21.4861758962656,12.7679438602809,19.1183956268337
0,-27.9894749093815,-0.827601157561307,-1.90289960114014,13.2398878954092,16.7798508417407
0,-16.9994199120056,4.34448114416577,-0.12056193341232,12.3316094255799,14.6881359011638
1,-3.94820611366588,-18.2868137230384,48.0992833767688,12.2501989302851,18.0246740348628
0,-10.1123298711846,-18.3320304042755,-10.4551577190677,11.0784488340739,10.7165678238736
1,-12.303960189326,-13.6223003718008,-36.4567579243729,12.1667764185508,23.9313140268183
1,-6.07334147142658,-5.88916505838625,28.5624043457672,12.0845343641925,18.6246293204767
1,49.7452153640649,-0.695105032907877,-17.6117688349118,11.2578672497389,18.2732259341629
1,7.53456949164435,6.77507772316808,-5.85899694048853,11.4942997013423,19.2728723262989
1,5.92630108909665,0.0806768626655039,14.8024549344239,10.9092193646422,16.7149876625339
1,7.63331226556261,-0.179836074148386,24.5424082160624,14.5428397025178,22.8564262179189
1,20.8055635489544,-8.68337016111648,28.9916664376736,12.4608033984132,18.0456286597303
1,7.68828610358743,49.1820339468867,-0.402046053993101,11.1119136553164,20.0694931917091
0,24.2264867720625,-73.2790971179864,-15.8326238685967,12.7282523997199,12.4969713093034
1,-1.06294173086061,-13.4937677019564,4.31543006563929,14.2415634827344,24.166014214244
1,-16.8750112750099,16.1805471056091,2.51234479881591,13.0912562847119,21.6570705400313
1,-6.48460680565961,-11.2591902349156,-8.34769626082469,13.2859402599222,19.6988397376276
1,-8.04895924059536,-13.6934619448994,35.9009757847533,11.3415588254955,19.1438301857615
0,9.92966016324335,5.62704696740205,-28.5102009888458,9.46123125980925,9.76010145364837
0,23.4773698054444,-23.8499591078002,-3.62333154194451,10.2582978833657,12.7812506838142
1,-16.9645732078216,-19.0918425636409,-22.396834389323,12.9387361748922,21.8748513425856
1,-2.80054393525101,-4.21919385552535,-24.2154136638349,11.8874826774813,19.5553193859272
1,28.1513339026636,33.6291829301482,-45.3803808536141,14.062199753125,24.2513957745453
0,18.1045954937445,-5.78558096806284,-20.0878021877276,9.62791150998088,10.2199434126939
0,-0.984815573101012,14.4571697261203,-3.34200507179533,10.475968386546,7.2943990255702
1,18.3191450844124,6.84301641402253,14.4063402756629,11.5604759298485,18.5112989961209
1,-5.16340948765542,-9.84647687257236,4.41712547672984,11.8600342259285,18.7373553788751
0,1.85395390050701,14.5675935347089,3.94108435118004,8.89874355694528,11.6145731523978
0,5.41510990141521,-0.881601822634518,-1.01757993836178,10.8054656288551,12.4569832654412
0,-1.94622367287625,-42.6341090717934,6.08208886868021,10.4527176415801,8.992650119986
0,8.60267018350408,-15.4427913432713,-2.68947838399946,10.6763081451146,10.996964484428
1,-8.88836075277757,-16.2270075345934,8.20948668719293,10.0697502823078,17.4686498323571
1,-20.4650896126745,14.8416402706378,10.0614325825052,13.1816184285738,21.2396419910025
0,-23.4172455972166,7.42746145219523,2.9620970315336,10.2968023461403,9.9680017112633
1,-14.6966117794932,-5.41598194268302,-17.0005593698834,11.8168028400335,18.5195638252443
0,3.16258133437874,3.70024629446364,-16.3213060799566,10.6623774267219,11.093740169209
0,11.7623184646836,17.8669913560046,-18.1485077005529,10.7535977003935,10.9347568273218
0,4.94745717347385,38.2432557977564,-2.14552074824158,12.2539733516814,13.2935014152998
1,-6.84712426734876,16.1910391172229,-20.8453216613423,12.1292544124173,17.4516328515464
1,-21.3463488697709,27.9625838602734,-14.0986654838329,13.6438554553772,21.5315494413776
1,3.50974715847653,-3.99650755451387,-29.3529893110786,9.63521528499707,13.6954513915294
0,3.9160890878896,0.212647559137924,6.23399159232461,10.5501477454537,10.1226402653437
1,-6.16871146026301,11.455656597979,-4.79545326397002,12.8183378668182,18.8364428109331
0,5.85971458456189,1.52796105554888,4.64901057050273,10.3427889888141,9.50379839634646
1,-6.32980865203499,-20.0998931663572,3.56688232342949,14.4623589464111,21.9322511167056
0,-5.95277106018338,-7.44851879772429,-7.36806942866632,9.9608894041521,11.3274356349356
0,-68.0325384400405,-29.0979691434753,30.2452759926176,9.54680136332687,12.5660312717281
1,24.519230876283,-15.5163509114643,-1.12333578353958,13.2403397729296,18.2373073495017
1,4.95610011151068,11.5823358917784,27.8314033458856,12.4199009322311,20.807557619609
0,13.1561596100906,15.8311975269693,4.76185004065421,9.964880675149,11.518940835757
0,-13.0147175652365,-26.120655833724,63.0073458397498,11.4073866607524,8.34347976526427
0,0.913573546617431,20.4961275488306,35.8969603716242,10.9582548819585,11.7034803278813
0,6.43445175831545,17.099132283578,-3.10218698550151,9.6841379453464,8.64517075282328
0,-9.41740238603775,-11.6342136362163,16.3489539125608,12.3841462295111,11.2422335104786
0,-0.134280059554763,-0.905789600911973,2.23780495857895,9.201609933981,9.07228603517118
0,-17.483768346319,-7.25498869984929,3.37968900352149,9.07591694284545,10.4581199826479
0,-15.4376114055482,1.49191616571792,23.9625365196058,10.8573661857122,11.0667135734588
1,-9.62445110080843,10.545115952279,8.99256300795765,11.7905208395197,20.5340091564407
0,-7.20147544895821,42.1051118017402,-8.40682781459607,10.082802909905,9.66212583064826
0,-5.02399589600782,-1.07240378656447,-9.32045214754702,10.4148006615941,8.83090631441585
0,8.99501421355288,3.72235935589837,5.20269955495386,9.19129892482492,8.66789173967006
1,0.682425700966771,-9.87932836911884,17.7438810026669,11.0527552439183,16.1073877156945
1,-3.42124790859625,-5.32029026466254,-0.700231867471766,12.6800847055542,19.6720299161561
0,-7.63611262752334,8.58433930133108,-1.76475156207742,10.6662552915539,10.082251796295
0,8.520317451773,-9.57192289221956,5.86533212385239,11.0019239006764,9.74172915004698
0,-0.529081401368143,-4.52183348497571,11.8828530331156,10.3360531730828,12.2868607518706
1,-5.57600785444435,-11.5307402038628,-38.2390019643121,12.5520916440945,20.4214097483601
1,-9.18454222509054,-16.9453566369366,0.515747008155646,11.8401614018789,17.4965945537076
0,5.3135562420801,-8.78663485038928,-5.003071084643,8.64833366633651,9.17715685824413
1,1.92661533247944,7.68111043297406,4.13513729256037,12.1062884509755,18.4390354084205
1,-1.97675535811531,13.7825708472334,18.6161662271217,12.2366952359009,17.8305817139097
1,-9.1940565953021,14.6500884285983,-5.09526623734074,13.1642076139568,20.3462514032266
1,-8.62568311812334,7.65465731954611,-65.0051695550563,10.1214583391439,16.8110301424468
1,7.91502090698846,-1.58252342198619,14.1933015270949,11.4597706899469,22.6201826825472
1,15.6202786709515,-10.5467546075897,-13.2337378941082,12.8978018654765,21.8216709957206
1,24.3208777210468,-9.13405724298772,-24.6723991943371,14.1621275057392,21.3059507570701
0,2.84745537584913,-14.5737877898309,26.4472712340964,10.4598773004187,10.319482080746
1,-18.8741404587771,11.8352894197738,-18.7536357775938,11.3536855657276,19.6246277561802
0,2.22233690946654,-25.5096247424886,-1.46455337764632,11.0962736354943,11.0204377343438
0,-5.73609834355018,-2.31497007362946,40.8215872088478,9.7196331839354,12.8396515571048
1,-0.851420660598706,-0.280602345768931,48.4388088718652,13.4128639702488,20.0363884943445
0,-1.14039020412341,9.0294564566133,-18.0590034815298,10.0883636926893,9.05844107917847
1,-8.1298431802972,35.4902000685974,-7.55207325599602,13.430281498227,18.8565338665657
1,2.57420480041494,14.9863167856268,-27.17156309107,14.5099088617573,25.7636484275369
1,1.21684249937246,11.8952705811501,-26.2508966577624,10.458929968356,16.8559909656832
0,-22.2101360956909,-11.9292460920203,-1.78825308923048,8.14280676062442,9.58706781622052
0,-0.95127736899461,-41.3987753871957,-33.5926747756625,9.35827168084396,4.28163594991265
0,0.650604151114507,7.59151049438902,-19.1296806045443,11.6678168819039,10.8367319501261
0,-1.77467773180169,26.8202581009228,8.50556547027641,11.2987910637989,10.1723973827112
1,-5.10811573511246,-11.3558196894395,-7.24014490807569,12.6031336875111,18.5331057683251
0,20.396862457645,-24.9107026250686,-29.5394377894708,10.5471748321511,10.6543877091573
1,-13.2308186416212,10.5627027468636,23.506175761897,11.69910149529,19.550103187121
1,4.13294921580918,-50.975820426796,12.4115447417668,12.2396889187933,19.7864350504207
1,0.288903917676544,6.04688067681436,8.38494254613835,12.6000924576845,21.6074904653318
1,2.71794024389047,-37.1787193024983,17.723338454453,11.9814607082807,21.3414455835257
1,-9.64317048550505,-14.6389807061897,15.703662714642,12.9382656159821,20.7764464327616
0,-0.504778962954317,-7.70197841790823,-30.9949778809431,11.2636504368678,10.1823730898433
1,-3.6114962089521,-54.5926190778298,25.1474110064534,11.8651332994626,20.358175636897
1,-5.98576992773182,-5.4327844949599,-1.12068908758091,11.0618493373136,16.1149025750711
0,7.62800213851321,1.07975752112128,-8.6453251857028,9.67618094881578,9.06235689350809
0,-25.1622037366059,-12.052789065161,-12.6782378292221,10.0058263807812,10.5834279105843
1,-47.5730692958769,-10.7334999592398,38.4136121262666,13.182923995949,21.9713304633706
1,6.26102550551786,6.74087958967293,37.076332507296,13.665809863258,22.2259866518529
1,0.518939728754556,-3.06582654873944,-25.2945688414579,13.7858700804654,22.0545938614206
1,4.21167370299062,-4.42112801913983,-10.1484938030901,12.0876615426196,13.2804356371335
0,-53.9796267468928,-19.2790077278054,-8.76357884063614,9.08248890309439,9.46201690133783
0,8.37063080346283,-12.4609821461955,-37.6051875268254,9.69801339061132,7.6897452777498
1,13.9469680963292,16.5343565145217,-1.14239661668583,12.3906728535868,19.9932612550037
0,5.30416477080636,-4.93233680717029,0.236615408259463,9.2069427646009,10.0558694020302
0,1.32173132751873,4.8566716030859,-16.3872971658558,10.4637647772528,11.4956238191189
0,-19.6644629619619,-2.05544935598038,3.82524743253808,8.47035749309284,7.4450498715879
0,28.9502283808637,6.52039233043629,4.15210042871867,11.4263561175786,10.9135444395441
0,-18.7277293265734,15.5929934713104,-0.234049471397262,9.90220360284749,9.70287550282366
1,-6.38767860380284,-12.8766912145408,23.2195040385779,10.7870167752769,17.6420854718771
0,6.79639877068328,5.95825289149755,-7.5856658536277,10.0420062891855,9.95060829727992
0,14.817434490973,4.281421331257,-1.05021060459655,10.0495616728613,11.0303260401606
0,16.8541584166703,-3.68661176655352,-11.7536270713517,10.9463855915306,11.3392719070367
1,-18.6668632609122,4.29542884713645,13.4891277769858,13.1284336192977,21.2652576067579
1,-0.421346284036708,2.09109699797557,0.0259131383817883,14.2435623866152,19.9572298721701
1,1.15937668793506,4.69199467977054,-7.27649392149683,11.4273782005022,18.2104039706609
1,-15.4293903380254,20.4191392889988,0.909581732490696,12.0111283314926,19.1915931608604
1,-10.7476443831684,4.15671737719587,-34.8985587923499,12.6565646633928,17.828363734926
1,-5.47856784995835,-7.33085335991319,25.6037743986043,12.2878927524315,20.6334222948483
1,-2.30508454662314,-29.0652886374439,-14.91620479525,14.4736410846013,26.6736522614891
1,36.1036670500835,4.81709322724813,-32.134253170052,12.1173801965316,21.8787654379077
1,-21.7979879121958,11.0080424682979,19.9908581158979,12.6823928850915,20.1855323723515
0,-7.2254816591798,31.2292139605386,10.3995520258841,8.60523483529147,7.39777776093833
0,17.5670966773199,-0.615792576707731,-19.5873715616691,11.9294626234166,12.4766011783566
1,12.1336918678506,5.22403685335694,-27.4970708535811,12.5576742752071,21.5282134490177
1,24.0334927521841,3.62022541812314,-13.2037897903689,13.4638451449573,22.4726876542559
1,-0.71825088126879,-11.4136650013473,48.2807917166065,12.2604136945332,20.7526569320502
1,24.359124898722,14.9929331898545,6.91550349052261,11.2576479795574,18.5612398154189
1,2.58556354166255,-17.7497664893905,-4.51136272831498,10.8991828487649,17.9248930263802
0,1.29425836565903,-21.2414828917583,-24.8999556258065,10.9002980327064,9.06297297755141
0,12.3470191356292,12.7919662758211,-18.1296219220665,10.4942101871699,10.1637057889714
1,-0.879944185609785,16.6679814890499,41.900124742361,11.6801512801711,18.4485772717749
1,-5.23362573527502,2.39290357803298,-4.21333653156256,13.3900628947824,20.2045766552625
1,42.849792177876,-15.2920165064794,-4.59424452560759,13.9366655106142,25.8233790855925
1,-6.46308610490984,7.27677742945866,-8.02811022064386,11.3197621748499,17.0497415422701
1,2.28412756304316,3.70337448439809,-37.6767653881962,12.5816302894712,21.7285649141805
1,6.62600821091629,1.34785269283268,26.8120472351659,11.5963936257335,16.2675454762301
1,-42.014452121814,17.1953166389631,-29.8533396774624,12.395918532797,17.0327078338151
1,-22.4469494300113,-21.6551953386355,26.7991940941671,11.7412545293056,18.9765683707899
0,-12.5441893343219,7.38041286443139,-6.81560628579799,10.4741052227025,11.7249666989315
1,44.6572452331363,-28.9868593226664,-32.8010407112625,14.5570439255606,19.7013455740358
0,9.71235653347931,-11.6163262470475,-0.144368137976911,10.9479512218284,11.0271816155684
0,-11.7276178774023,-0.535535703192585,-4.37235913528447,10.1987761809986,10.5635915523962
1,-7.47369774709788,-10.1046494028736,28.030138423249,12.8446546922557,21.6185635847747
1,12.7635748063215,3.48105495295562,-2.38956407947984,12.6716720341701,22.0938913581787
0,-17.338343689936,7.57665723966376,-9.76546499195381,9.46129376408155,8.58558573179576
1,1.64780908480822,4.60393647534873,-8.9851374442216,12.480943426707,22.2713784431072
0,9.82953354644712,12.5290086897396,19.9634028042511,9.59279547245029,10.261640746529
1,-21.8141527545191,31.5646878341737,5.2412805242609,13.0572964099724,19.8814907228121
0,-3.52505206983098,4.96023258067808,-25.349040873257,10.2750823251703,6.43971824865897
0,-11.2590958494884,-37.3214871842872,1.79501747862896,10.1082200838555,10.6838425357511
1,5.12664564560184,1.15068027907732,-1.93811475855839,12.6682242845044,21.6936551704371
1,-12.5746774991853,5.74448834966699,0.845623346252925,12.0100821532113,19.596528095633
1,8.27011115785431,12.2428114195795,-40.6166406492305,12.173611088752,20.0882786678675
1,-3.57944093948867,59.3547519229342,19.6708173547476,11.5619741482377,18.9564507236453
0,2.0233072186056,1.21200225193064,-19.1514795954584,9.78904454443814,10.0492624204075
0,-3.51901010174428,-14.8047386310248,7.48390822142777,9.48729224218118,10.2975319998446
0,-7.20221514369397,10.897880051746,44.5664973170112,9.30939987154352,8.56195875999771
0,6.90088016946935,5.446618391284,23.6922052174741,10.6087326420532,9.82269974730437
1,44.0554503580395,-20.8564688200242,11.0613577578953,12.3520024623883,21.5112267194336
0,-11.8687537012194,-1.50137849801718,-26.8947686673633,11.1597224122097,11.7712689481742
0,-3.61867607046658,-13.0257846811231,5.62147517114773,10.286168958018,8.60101354529399
0,6.90328957456127,-4.81660883751518,-37.9874423544045,9.73578419097917,9.74381148600566
0,4.30225441770229,-4.31329621341412,42.1578817290863,9.4456139678927,7.45844761458006
1,2.88000646912825,16.6241652489065,-5.24625569565458,11.3518055872542,16.9489402935543
1,-5.04540167005941,-3.55549980538885,19.9232437341298,12.3823155023713,17.9618319122396
1,-5.14835738855203,-23.3927944004273,1.1298557617754,12.5454650241351,21.5732354611122
1,-28.8639672819816,-10.4480894429235,-14.1225991672248,14.6879198119937,21.1111279236388
1,-25.1818005112957,10.7958067823528,-4.87343392764019,14.8510852533903,21.4087437059835
1,-18.2888726365914,-12.3252212793327,0.567720123196286,12.3668028948762,18.6041525029173
0,6.48969500775106,28.7482247923753,7.88891381669509,10.8429074995098,10.3669187286991
1,-10.9796160331419,-0.38687812543699,-35.2217069147763,14.4418372491563,23.451020743074
1,3.90873672846014,0.837205604427919,21.4767315362486,12.4815194157386,20.0490076798945
0,-7.3784365266392,-10.8122829156057,-21.8458302668281,10.5155745795074,9.18149030928399
0,-5.64470504228088,8.51832563119436,-10.4010196815519,8.69067837147698,9.68168665114414
1,-38.6536042835394,-32.3665892436632,-35.1875885381251,14.2981639959879,24.2116851648361
0,3.0644768987288,-3.86026524151082,-19.0475074013871,11.6521381984934,12.2065202110171
1,-2.65494357385107,34.2077548820673,-35.1649309632821,13.6878446120458,22.6996991777555
0,0.124581056910064,-4.56578924556426,46.0787315192052,10.6747070724978,8.0001403658224
1,31.1579835648165,-18.2762521557693,18.5614499577559,12.7475036992008,19.6904437742179
1,-9.35685115557939,13.2565021461418,15.0534315096986,12.6194532828606,17.8284255806693
1,9.56767674258476,9.41691982625809,13.2789094713611,12.4217380862852,22.0344867909764
0,10.473236505018,-8.53506465949896,-8.49010501102178,9.4613575927522,8.73477109933273
0,7.7214756208683,-47.3190052394197,5.93612345386024,11.0560055554157,10.750614730832
1,-16.185553895062,0.420506157327533,1.05616487482099,12.1041198578133,21.5243369334694
1,7.783480001661,-0.346365948871757,33.4559733446883,11.8339347962842,16.4496720753112
0,19.1806313348233,3.51396782471821,-6.19812205703479,12.1837142364938,12.7649398083643
1,11.6616187006756,-10.5561246194049,18.7709464467274,12.0831804983588,17.5892064867676
1,-6.20153975775823,-5.68231220632696,-2.42050505167999,12.1427391268492,19.3987987904849
1,-4.97409589183701,-5.41711808263878,46.9993736129168,11.6200503222459,20.2686463762796
1,-2.47703446530703,7.4790846417688,47.1994251972695,11.7680936483443,19.028294880808
1,-8.56787169923176,3.77528390048992,-6.24004683950227,13.4547835077962,22.6230696901372
1,44.3522472606656,-53.4762785354197,12.7998405516239,12.9157047522753,20.1801075888778
1,-18.9793212888367,4.22970228680156,16.6705563392151,13.2002057857544,20.077406543069
1,-0.891955978739063,2.5072627631365,30.0874869606571,11.2639987039994,19.1780420058738
1,-2.74688874726167,40.0228075049265,2.46046339813628,12.4396104964323,21.898103507456
0,-16.0676021804915,-4.95121347114403,45.5408917033529,10.3997916152361,10.760179764437
0,2.05790915431479,5.02561218657232,0.628638086015238,8.54607051547094,6.57355607476197
0,41.7546003622568,1.47554272365416,17.4128585326887,10.1885251445792,9.29122364047038
1,1.12403362554923,-10.6253936684359,18.7238428649945,11.6495639247172,18.9718826675865
1,-10.110978422538,-4.82875880462819,-11.5537659069983,11.1464004579605,15.7136881463396
1,-40.0366146611779,32.9268442837979,55.9892117730213,13.080661266347,21.196543313201
0,2.20588027930048,7.09844087609089,0.0677658777930095,10.3090898400285,15.249055959475
1,-1.90091098898956,-6.08713865921818,1.18582217444849,11.7139344363479,16.830055003896
1,-9.40124478717242,2.37967478178136,1.27118625474445,12.5449451390072,16.938024150037
1,3.86000474700967,6.14878262713287,27.1346012591213,12.6636261699381,19.873820221371
0,5.91717284216542,16.5720752953027,-4.02991438355078,10.6145662413597,8.36597740733671
1,-9.23565137164396,5.29659731119366,33.1838776543597,12.3115866066261,17.8512333995261
0,12.49818948454,-6.9183962618441,-9.34394590538541,10.3294729124219,8.53880353132434
1,37.7077992622054,6.64800367835346,8.77562693127031,14.8267645731608,21.0650528531646
0,3.65157405429254,-43.2837142399387,46.9257165909513,10.0548432198964,10.5825844363457
1,15.5796348472054,-7.51358224683256,-18.5284456600796,12.8179355541629,21.4363057747647
0,-2.52879551968463,2.13425088066118,0.469842365401682,11.5203307962103,10.43462512751
1,-5.8809542255872,3.85632252408081,24.2006528036289,10.6748342312063,16.9035346358946
1,12.9934011097466,-9.30917075969841,18.7074043133889,11.9614714684687,18.4061461726847
0,6.44264548788093,-23.6152035131421,6.61289241313293,10.2534627666623,11.9248778693152
1,10.9169352665522,14.0051449144126,31.0858691602834,11.541544114389,17.0001483371963
0,-5.05897018296534,-0.0242106488916089,36.8620366880013,9.62393302384014,10.9388695621071
1,-7.34842618757057,6.52975903861312,6.56450095949728,13.4704373777655,18.583745767428
0,-3.60767250966776,9.71978617691295,-46.7056925626067,9.47926856214048,8.52549718898417
0,15.92127800152,16.1667462280899,12.3890774941086,8.93873796134596,5.92994030099623
1,4.01512134103583,10.4522441664497,-5.70624989431982,11.044126031262,16.7161669679453
1,-4.45809052372232,-4.44166525405233,-13.6804149381624,9.19231422446056,14.4556983646917
0,6.93861307043528,-14.7135026150321,-9.09548118349254,10.4701124066663,10.0519814331284
1,-10.6125897926531,40.5461651340753,-11.1597328387178,11.3295847609588,17.8513822419226
1,-18.0240637044633,31.8195422039891,4.79265356215639,14.0067728740801,19.4080730737913
0,-7.05338459118523,20.6321348537892,4.12657396505577,9.83059082677985,10.0088976552637
1,-8.38352415406326,-11.4595436495519,12.9675527145967,11.8299449324896,19.441930341703
1,8.0499702038459,-3.79868429277644,10.9952684207304,11.0634653587894,17.3511973940193
0,17.3276073859411,5.93938684854801,-0.827413016261117,11.2831464190696,12.074702782692
1,-0.310776324212106,-11.8757523179769,-33.3207632515667,13.9741538230774,18.8597084354791
1,-9.18551452931083,2.35971997342469,4.92149407985828,11.9256902509698,17.5398528618901
1,2.71763081356279,-4.19542164031948,-14.6086185245836,14.0282145824193,21.1128156051234
0,10.6197586270834,-0.170350823971976,27.6069362460522,8.65970639621866,6.74895250044002
1,16.5678407884414,-3.94021767264224,31.4203844001042,12.9042655869322,21.9785821779066
0,-17.1313907652683,-31.7482571115039,1.65926367169856,10.8547478735439,11.0936868040843
1,-44.5273686137855,-21.0160242787966,28.6526720905416,11.4914526387019,17.1311229561345
1,10.1337787677399,5.98480114460469,-22.6786029564408,10.6595713132761,16.6341087343314
1,-11.6075146707482,-12.7708516445412,-3.73531130510848,12.8903245817459,21.5084672229514
1,4.47093296229545,-9.87579669858859,51.0412138653612,11.3412241532841,19.2911673241643
1,-5.23462522651809,5.80532810350899,21.5073821253027,11.5360153882587,19.9190255670266
0,0.827901360213373,-16.8990237380817,-38.7190507857769,11.3667217455136,11.1108381253857
0,6.20798235368605,-22.2055073608478,7.31401996253501,12.5185081345957,17.1351826642947
1,6.75506883669322,-8.58909941422705,-20.9034289075994,11.96289941002,15.0107178530686
1,17.871439381491,7.53233621001828,-29.3175728846225,11.5985220108662,18.1484822598586
1,1.52934292426594,-4.67628214727531,0.920489221775356,13.6339230366726,22.1211781642664
0,11.8813528576174,7.28162324918698,-2.19663227399914,10.5531171035446,11.1506389476642
1,-18.8150993172161,-8.18572838003063,-4.66533837649541,14.8665463876829,22.0557444327195
1,-4.25505170756921,21.8105078466675,-20.4919621006246,12.0826092473277,20.1440364296965
0,7.94738687170581,-19.4822587107759,32.9334026154522,11.7159806189345,7.76795435445284
0,0.620118084216189,-5.85511904355575,11.8171787664378,11.4115108437966,9.85689734108786
1,9.24439898075764,2.74680501068667,20.1394698293441,11.4112143796131,18.8538688212708
0,-4.09279861720887,18.9066293131997,-15.4383381554498,10.3547592810545,10.5905028571241
1,-0.152280687223173,-7.26189161745954,36.8300201561604,11.4447489415283,20.2071585299794
1,8.13119723212904,21.1041667172593,3.32496023749256,14.3817997050897,23.8763476247707
0,11.414225376828,3.15415621514172,2.38752171699616,10.4977159319915,11.3960759156176
0,3.04614682755229,14.9650776795902,-10.3608890666197,8.49422730096675,9.29866325205803
0,6.613753190727,-7.90794083881415,9.25064023660902,10.5425153034797,8.87630974868764
1,5.76484541837011,7.85630361856109,-42.0181162569078,14.4057047646044,23.0409805068694
1,2.05290408056006,1.59406357038995,-6.9982189203585,13.0056697233907,20.3440003532111
0,-4.56605015653268,1.61746220363561,44.5316980246856,10.5885954204708,9.9962717784357
0,2.05446390460004,6.86617446845441,-7.0404044266727,11.3912847810528,12.1331527490721
0,-9.47294685873887,7.73025146805208,10.614371707173,10.362613658473,10.7407873252993
1,2.74980719811725,-47.5272574777239,29.539836407474,14.6310984486619,22.6880236430337
0,-2.03058949115779,14.4872520274023,28.7494551198368,10.4306800052431,6.07671843024941
1,3.96927768560477,-34.6389942224634,-2.69283169810224,12.1316512287368,17.6918821122907
0,-11.0691783308907,-17.2990510490984,-29.0951526494392,9.81161886662539,9.48127228015106
0,6.59322820494643,-4.65196219614827,2.87413869051552,11.0597657720017,10.0701463171911
0,-10.5474275792094,-9.42978014369827,-3.07031317165177,9.54558578963006,9.80316467078282
0,-6.0062898735528,-16.361821907447,5.70097703001075,9.57172807866739,10.1366314819547
1,-18.0347512543692,-7.28830095318406,11.4920868112842,11.2177161359819,16.109694891964
0,11.0897271080794,-3.16065499828342,-5.78642186668211,10.5417741822146,9.2277371621398
0,12.0532599340227,16.9763216721941,3.85632325711941,10.7960321925072,9.4464916958902
0,21.234903698554,3.15893467205475,12.2846590851103,11.6668252813382,9.62108952181415
0,-21.6358126479406,-5.61687377956178,9.59996008409655,12.4195279431319,13.0464860441368
1,4.43722282102024,-10.046847997741,25.8257747154459,13.5301611675409,26.220496289403
1,8.09961890500156,-12.8054056946346,3.10070458444945,12.4883273906304,19.8259427539769
0,-9.53808845506365,3.43364551365952,-0.482732204355483,11.0440698842409,11.4537748354757
0,0.491889237581612,13.4836392458254,-24.9941005618417,8.90920033463691,9.35186461269565
0,-9.85979857151351,-34.6300124589389,-4.77476079499583,10.857235007648,10.621458341126
0,-11.3930638601514,-37.4327077363325,-1.95911966055452,11.4949398978502,11.6483374762958
1,-7.67444974580932,9.77211044991665,16.5770559639117,12.3205147758965,19.3192419239008
1,-20.8007423639102,-7.09857483952858,-5.91999100649926,13.6718394646985,24.4049947266167
0,7.65174437501766,3.76944934889323,-0.563000742371521,9.26395291548539,10.4781224884427
0,-7.49762732690648,48.472862779362,6.47356368318282,10.5231817619155,10.4534864973379
0,7.80621436848354,-9.28185738420636,11.1999357490689,9.46526065368516,9.22940102754504
1,-16.0905414117865,-8.36598931005821,3.67845177389128,13.5280145505273,20.2717073886866
0,7.07109735801415,8.11857280825728,-1.18993376064627,10.3363521056223,9.03720216919443
1,-26.0637997313669,-15.2762054489899,8.89097115713887,12.4434562628068,17.4313296409955
1,-12.624878391559,15.1244984596582,-26.5643614536695,10.100778486031,14.8215285395494
0,-0.267801281797014,-0.834553483879248,6.77252534427337,9.16040254585223,10.8106453463236
1,-10.6733974017142,30.0290912679239,-32.0211192145427,12.6080016803518,18.8325248694353
0,-33.0386614817323,37.9695952278732,-5.44421690474591,9.52977735405862,6.41029437313842
1,36.7316015846637,37.8368006282225,-23.4147037258168,13.2887325247867,23.1779582780046
1,-15.57250420977,-9.1776468110362,20.9909684470267,12.3563223681259,18.5141424794626
1,-8.16299840973767,14.485902416786,6.26550419623738,11.6699468167008,18.0240124736784
1,7.07974441616196,-1.26597231997209,-4.91591877191761,11.469028758338,17.7379834120112
0,-11.4288634647453,10.3473977205623,16.5111702110059,9.19642673529835,6.75442458047713
1,-7.55445540203952,-10.9772561226939,5.86282220690896,12.8372118656499,22.0121296717477
0,-2.32926299156055,0.597510262660975,32.0460451998856,8.96971914896295,7.37387741323763
0,-34.2632947204267,38.8519182572712,-10.4879318511384,11.1385621977638,9.42103757579789
1,-3.81092826387545,34.5879485394533,3.93223349159812,12.9580088371902,19.5193698963133
1,25.2039629191392,13.2757263159437,6.33398694705056,13.3284292080133,23.4471549513726
1,1.27796625754128,-24.0480350372507,-20.3791381894969,12.0928945164531,17.5136078545744
1,17.9958126448109,18.4995807908662,2.50467957355956,11.8811959538788,18.8400816669435
1,12.265877715177,-0.2226534242235,19.5363742578609,10.6237916279467,16.5658370788038
0,9.52605855475227,-5.01404610190282,17.6117394748117,9.79531188808494,8.05472006947927
0,-6.39992028985328,-23.1465959833943,50.710834902238,9.31825191971315,11.8474023995268
0,-29.8042300159361,-8.25920277310037,-2.82365993286233,11.2731981105739,12.8603655238176
0,-2.0153297635581,15.9116808553247,20.1769364373486,10.5599320307038,8.00406766996285
1,3.10674653319091,6.89873457922404,4.81220858828778,13.1263539762041,20.5989655697779
1,1.90404685352186,-13.4258058316789,-6.56301115728427,13.8974552674242,22.4468259710591
0,10.3900356864792,-2.16331928555019,39.0976617018915,8.08185855908148,7.33024978966746
0,-3.66462790690725,-20.3421306430304,4.00928737285224,9.05175694850695,9.16469935038519
1,10.2894983403046,-0.541899344113861,-29.5108384237865,11.6433184613973,19.2228223030103
1,31.3218838364091,-13.9562449470426,-5.5793185889876,11.6235116940824,19.2709647393027
1,-19.5602787626142,-35.3339240421366,-8.30142320127673,14.1505853030865,24.3084232708944
0,-20.2960599269743,3.99791840170085,-22.0321282458432,7.54381645220665,7.49317435745509
0,7.22284383606366,-3.17714871587826,-1.24199501598614,11.6799083250355,10.7601686990108
1,9.30412668331809,32.7359346264021,1.40070712867533,14.1356338518971,23.8929753142421
0,-14.0939313409485,-10.2750262546766,38.2127458562468,10.921679328083,10.4941863993197
1,3.32569480457784,0.470818012951279,1.19965504832674,11.5205331478913,15.3765655658928
0,6.87867985840881,13.7674569303592,11.4070091281906,8.53355774064924,8.76038282217318
0,6.12150170446701,12.171492960438,-3.53776916083294,12.9780533282065,14.6496027593863
1,-10.6151370231738,31.084231041012,5.20251803927811,13.3348453634318,18.1793620807671
1,-3.31814228485094,-1.6642699221829,29.0284391673127,12.2413241682999,19.8095273000013
0,6.61995815430952,0.423765365829391,3.29319990917817,11.1361695064139,12.6394097410516
0,-31.6899712295315,-12.6027803300407,2.8692490759953,11.9383919168211,13.8870653930818
0,-4.96966283606615,-2.34948928734611,14.580888299465,8.99988782845324,11.776774718585
0,-7.42315074101299,6.01669397377569,11.8000749501603,9.89819802076811,9.90367355846836
1,5.25814373876879,-11.3857168536739,-24.2027105550458,13.7629083230042,20.7624891776804
0,10.1682387821798,0.460383660530811,4.56362968518901,11.5338141332226,9.45415449882668
0,-18.774887287519,-11.402189169554,-28.5451601517134,11.1782090222418,10.6876299077493
0,-0.03964713783666,12.3019093721025,57.2698590716371,10.9616416364105,14.8171841551437
1,-4.41758405859826,0.732705785769995,15.4614634742973,11.1879411901828,18.5037819284727
1,-4.07549933127539,-27.0773328018114,11.2847312572463,12.539798155954,17.2647261890955
1,-13.0181489493257,31.0115773765301,2.61100168755189,13.7729395175681,22.2264643085253
0,43.324157709732,-12.9320329578152,-5.76627683551249,8.82420341906586,8.36101042891579
0,3.35738899001758,-0.0952461379328464,18.4903028758234,9.82755295209692,7.14885707195032
1,-0.881306932558618,4.27699046482276,-8.30720695468199,11.7184795351126,14.2033515919578
0,43.2974541454213,-4.78727617483713,3.63066510335323,11.3061850856717,13.7064851115737
0,-0.518801798142367,-4.6457877912909,2.15361017987629,12.5864116206076,10.1308456410041
1,-4.04596455784888,31.0737871119956,-39.9370859562399,13.8024011394547,26.7023283684989
1,48.7270155932242,-6.33077923045905,19.793486009662,14.7257720672726,24.8212592751299
0,-17.4661067356454,33.3906124591518,-10.4780830150384,8.80893049810221,12.8378717713798
0,12.4824302793637,-2.70850598968105,5.41358216676826,10.0725378168047,10.4693202772678
0,-2.32302933957224,-28.994631534028,11.2231820401207,10.3451732390451,7.99974903011387
1,-1.79823721910401,-10.6237780150556,-5.85423402319424,12.3577609069928,22.8828686084762
0,-7.51817229278444,-13.6796088904874,-1.95093470877,9.53680804100985,10.4650524207098
0,10.4616927471767,7.61105589119303,-4.23274973087696,11.8912996844952,14.4142801129826
1,23.9418092239114,-13.0744361475788,-0.188524659616182,12.946356699613,19.0417730654715
1,9.96152765478096,20.7676951457614,-5.99412715671763,14.2907149171131,21.224114532826
0,57.836146777442,-5.03492455716063,-12.8713644667965,10.1683502178392,9.75174799603677
0,-3.52304400207816,-34.448335841479,7.66817929232776,8.93338733565856,9.88684420327947
1,-13.585594696815,1.57143745841871,-21.7967926428555,11.3211953956191,17.7753438514341
1,-2.36927029551548,-13.8314747982574,25.1179560858133,11.8662032910172,17.7089066545698
0,-8.40581443989951,-19.2481017171798,4.20391685127345,10.7146302666754,9.85969490126988
1,3.22982108307276,-5.60069443900725,8.05356230067476,11.5860296781499,17.0277301377672
1,17.1547803030634,-5.70840425475618,17.3797225136025,11.6532648418317,18.1567008128696
0,29.1617166817139,-4.52777909795617,12.6204208563553,11.7691043769344,13.5363648841707
1,5.50438267930072,-9.46789830869027,-0.244369438795696,10.9852860521716,16.0721818410285
0,27.4116820318166,-4.32106332091998,-12.8837926513838,9.17277414992116,10.9252170302691
1,-31.1188599145842,12.1826794497381,3.435832331501,13.3234404908845,19.640943585629
1,17.0727082307591,-0.548970913355689,-9.34366707065348,13.4318322547212,19.9224959632876
1,3.99523523741289,3.16258690048027,17.2714131360609,10.7788848850994,18.7670142384629
0,1.33694304651627,1.59748919896861,-3.53711989589257,10.4191646632894,9.81016505945459
1,7.73199552292279,33.3448187167343,5.42608399521788,11.8622489203648,17.7142648124963
1,-7.21965467949208,5.76810992099296,1.00560650932492,10.9345369619236,16.9450543180303
1,-5.14403254458281,3.07991678663245,-33.1778883392407,11.4872104372752,13.8191686741478
1,-42.5548653159584,7.67930046051863,-26.8562673168732,11.6906768815243,18.8771309457688
1,1.33022720119912,13.1922511307571,4.73275023232649,12.9886025313194,19.2315440423957
1,-18.7641384340873,-0.350429320886174,-21.1756626525712,11.3968247879828,18.0526336562929
1,-14.2511027847533,-18.9577437790639,-29.8968402479336,12.3157388783969,22.3451940360421
1,-12.7922769589456,0.26008245773588,42.4511775098598,12.2445695231171,20.7584960497441
1,22.8916672708203,16.6212899461195,-15.5136443607049,14.0198401007072,23.0021478444229
1,17.2937319758666,4.6901836024636,2.57665431036306,13.0440832108282,19.4293131723625
0,-11.0986917150266,-0.206882886970181,36.8432236114504,10.7372742550436,12.1617971139403
0,-13.6901132796919,-1.98201996948204,22.541919874599,12.6157153947545,13.5010692519919
0,78.3740341548907,-9.69734077487417,-1.64395608209774,9.91822889914511,9.85387360643254
0,7.88676740774333,-1.88889522879117,11.0039644706255,10.0410543266291,9.88584925743418
0,12.9028324718687,2.08496390094786,0.412793290817998,11.1615988295022,12.687927722891
0,-5.60922112615632,-11.8099130567413,43.3435369694455,8.38916362171834,8.9705484495297
0,16.6068892860616,-9.58663971974921,8.95593750501068,8.51356717564516,8.22297954276179
1,7.82251317297183,22.4447706630821,-25.8936363809369,12.3581856260597,19.4139627349712
1,-8.41988775069771,-39.9196840436775,-42.4248285827438,12.6737015922726,20.3432077711917
0,-27.1727061149295,25.4675102143151,-1.03317157708747,8.84603162335794,8.45185796570917
0,9.75444205692401,37.3654450271446,-4.9774358530645,9.22341602653438,6.63755429907867
0,21.2703413295322,-7.93217163111722,-5.18953061342693,10.1630840395733,11.3492428926305
1,-0.830258497584948,-2.97944266945686,7.40772339475579,14.2524819654839,20.0480384514131
0,15.7769216606453,-10.2928273666686,20.637706767367,11.6182053496239,12.9138700371657
1,-58.5781055936304,-1.40976817915514,-13.1309900547453,11.4822875478909,21.0740694424597
0,-7.72690680961843,5.74190946025171,6.70245211664479,11.4685153948626,12.6337396540553
1,-34.9908168697826,8.01750792046721,6.15382460663775,11.9600575134829,19.4638976010819
1,-0.156457376377364,-7.9893258110879,2.81233706905833,13.408068017969,20.7317208004688
1,10.5410203503796,3.3310001155151,0.208548775458003,13.3068245798941,20.9639501393589
1,-3.19033904440824,11.2381867987447,-21.0185609274314,12.776213823771,21.0715342310371
1,3.19863441750258,36.8301281323835,41.1353548868368,14.2444088067377,23.7320820471766
1,0.183693794414064,-0.743455826856182,-9.79714739591204,12.4027058357734,19.6954636297464
1,5.60725825505349,-36.8932732361179,26.1768572168864,12.9913754097439,19.122115620641
1,-14.7111799379961,41.2454321018834,19.4517243036673,11.8428215858703,19.6008704893886
1,29.6696234391249,-16.3367433610634,-1.35916300354339,14.4276578098883,25.2940305480886
1,23.2180833908987,3.51122552296572,-1.3435563469914,12.1918261464389,18.8337588395308
0,0.158700388604593,4.93478033079012,-19.869665582552,11.2319644633187,11.3299130370559
1,-4.41217166825381,4.21121012603239,-16.5740716849536,12.2755974865423,17.6284366666312
0,26.9296823990184,-0.11279081875735,-28.0614015425948,11.3766366082473,11.7009764972151
1,9.67362153445093,9.09268356983209,-3.12038543602096,12.3179935632888,19.5849416721719
0,4.43013695070113,-16.508309166714,-11.1836915713416,11.6391087705328,7.16492356268559
0,3.98842208136212,-3.09874290006561,2.8654936687881,8.41068110681716,7.19575995457997
1,-16.2081462333422,7.59496349621404,-0.0577577131040468,13.2985708126373,21.2470603641652
0,5.89324298520074,-4.361471863125,-8.41875296113286,11.2077200632339,10.4089603125949
0,8.78658312043145,-10.2219390611493,14.9830294957296,9.76092602086717,8.96100282556099
0,-0.729204927313836,-12.3507017801407,-12.5596044907728,13.3431856747099,11.263350593568
0,-13.9933910302192,10.0744680642684,0.74865251515542,10.7529238561314,12.606315171417
1,-28.9039302424291,-3.0201097802898,-26.8284701080884,13.9838363080304,23.5590467340991
0,-2.32878142800042,-3.46954604254394,25.2374835802058,9.4297466067837,9.9395767972138
0,-2.15210777505111,1.594562686713,-3.48285347868831,10.9516806600076,12.9577614359246
0,-5.40705635708913,5.72857529253363,5.61494943188915,10.0967756810595,9.32324174549293
1,33.8986712602874,30.1364007963507,-16.3361149969499,13.3706540132898,19.9975378476031
0,-12.073391745869,21.1062378546562,30.1109252889237,11.275765384536,14.5194106081305
0,14.1371359236965,1.97447751240028,18.7678192351494,10.8206520575264,8.36761088185876
1,-22.7067828386756,10.0595135100164,-21.6191053184876,13.6219234111617,23.2014536622518
0,-13.4121567106097,-17.7617517039713,2.01028497911674,11.7633851185237,11.0170554318495
0,3.91946421700762,-43.3375730661673,1.88647288589531,9.90018288838092,10.2703228580588
1,-6.09063041547145,-20.6402593621836,11.5942858407553,11.6921241309791,13.3859678676187
0,-15.8078301353274,30.6169569561257,-26.3294837827667,9.27090452119878,11.0116532105473
1,7.18700576838674,-33.9109201199187,15.114267980267,12.7075875630259,21.4955186633603
0,-9.13306997574815,4.13825669066401,5.49297286699029,8.34984652307864,9.99863364777119
0,-9.41749905245202,-32.5163799528803,14.0410349978242,9.45602778320765,11.8993017672918
1,-8.91100485728218,-15.1430583574125,51.2490002966928,11.4235245470451,17.5481921844641
0,15.5287609841137,-16.8717792724713,21.4534529866525,10.7763696221377,11.6538536216639
0,5.74965498496979,-10.0946341791088,28.0360138526778,9.30606850149612,10.7110572407324
1,-0.675883180490681,-40.7659356402834,-2.09751089480682,13.0015301900192,20.386783387063
0,-4.93450667165492,-12.3830357281118,17.8437466711358,10.7984177238023,10.6532169412886
1,-16.5367444127335,3.63388765213607,42.8565606036465,13.8955813091544,19.6874137147165
0,9.33038839269042,8.49207179524751,0.446549757714239,9.20794420424628,10.2766505307341
1,-11.0388685023375,-2.52025183324063,14.738936644721,13.3165874653234,20.1781956442945
1,-32.9430484099116,-2.3604573481087,34.5407975133436,13.4243385479944,20.722659767689
1,21.0309620745097,5.97110103770641,34.7060183743619,12.0761481084091,19.3605695268405
0,-11.215679657751,0.701619454987738,31.3736559748207,10.4788388210386,9.99653960854948
1,-8.36537121083428,-9.85717825850037,-4.41610268067903,14.5938897847764,23.0515292468219
0,6.75134308835938,6.69672572519831,45.4102775668294,10.8191697428469,11.7634243120595
1,14.3864121816227,12.0005671515276,29.9334663083141,12.1986554927224,18.922519528067
0,6.24416388159876,-13.3890911548456,-1.3632975659208,10.7625681644404,10.8721954191201
1,19.8145775952211,2.72257539862115,9.74757173726529,12.247225649556,20.6906903936888
0,-10.1049400782423,31.9336172364007,7.10244142725025,13.3859799213001,16.6183874793122
0,0.119007484344628,-13.6910980275452,-13.9935388282675,10.332966947521,11.5019781975977
0,1.32094395958572,33.1996974316986,17.7062050236518,10.8030487159598,11.2184944781133
0,-3.10866543831753,8.62918462452126,40.7438017047188,8.29792129529809,8.03853825157601
0,5.88726912422657,-9.86280087972264,-12.5559844208054,8.39587909140344,8.94289606597703
0,-5.7917251863704,-17.1361265884094,10.5439494398293,9.95358935111769,6.92501554707816
1,0.981269906384107,9.39038932385044,-18.9642038166605,14.2568200277034,24.8005742859087
0,-8.27562626906432,47.6743041231556,-37.8252564609589,9.34531338298461,10.1484295097122
0,0.301910351635625,-43.5813994165644,-1.9793039532773,9.59342635565133,7.40480849983698
1,-18.8738773345378,-1.808890701304,0.125265182007503,11.9279983413114,17.6750970199193
1,-1.50296254179949,27.2617781557347,22.728566014662,12.763556166324,15.050604923174
0,3.98520910883938,6.5123328541602,5.01285024997006,9.77418156403813,11.2917739456925
0,3.53229731819865,-31.9828209678168,2.67073088472005,8.43774859533642,8.61582345867369
1,37.1683146613105,8.06736629815599,7.82014198423245,13.7883969881227,19.1458790572059
1,4.43935218055691,6.75512336468199,-41.2928522224483,12.5904445039028,20.4911349690403
1,4.57460648431147,8.0578041611714,-3.73279275859193,12.7923920061223,19.3414519462125
1,-4.52955991823215,-13.340118042436,-32.3446773871458,13.5041762929073,20.7589850289455
1,11.0605853966309,-3.73194376710192,-38.1171733985946,11.615528180901,18.9901405518189
0,4.38976623566563,12.9301474921558,20.8292972683693,10.5941044938812,10.6194712639626
0,7.43892834659684,-34.8438460313513,42.076313553412,9.71558715368902,11.6156671250269
0,1.53014315222333,6.05814413848443,-14.5349046425138,12.4818081549938,11.6827677498256
0,11.3999784853024,18.8815723895613,20.5457384397753,11.2956466644804,12.2153231604101
1,-8.58432950895294,1.44679821493789,3.50445146169142,12.9126966167026,23.1608731521777
0,-17.7309536650885,2.00024040585203,2.39120802692544,10.6786763140654,10.9238716779355
1,-21.3868982753594,22.4621934843694,2.73940534120376,12.3312690985758,18.2254781539741
0,-10.6301537823515,-14.6316821558664,-6.88865917628882,9.09349054346375,10.4970801257782
1,4.27078939622124,12.1033193912302,-15.1001527355061,12.3541812748309,20.2675850939764
1,-0.429035457290559,-18.5839871080295,12.8363349512043,13.9471792421242,17.8920215846064
0,-5.85523592747451,-8.40801677384161,-19.7583546525543,9.35863760745395,9.75249065146184
0,-0.076295904604621,30.1672352070407,25.8498232074714,10.4715266954106,11.9760482162167
0,1.46834694949675,-26.726148998849,-51.2264310578269,10.2483871785391,5.89704339672984
1,-36.2538877125184,10.9143109631151,19.4691207630952,12.1149772128046,19.3166784342965
0,13.5881620594102,-68.9885384605283,6.94643875118193,10.4427655728246,10.9847029441084
1,-1.74436946390332,-4.6622691179441,-2.68988756362973,12.8761371145699,21.7447939596401
0,-1.71769051619232,8.36508412738928,-19.636133735725,12.2333460313339,13.2810230833554
0,-10.6586782552412,-0.780332482118335,7.02444303189593,11.6467748430464,10.482079929972
0,-8.38441019888674,7.38276159438638,9.15984005932525,11.6488584399087,11.1856904489318
1,29.3653932005788,-5.35778928665849,-37.3624977451305,13.7207536651834,19.9095692655311
0,11.3378412873543,-3.21060141856471,-15.8182602612388,10.5525457259411,8.24248655297081
0,2.15659980839602,8.71206737164933,0.129313109827018,12.4349971125287,12.7523051404064
1,-9.52524619366049,-8.87881028698659,-0.862087904327747,13.6693309558207,20.5299686993797
0,-7.05937605154442,26.8722220712286,9.2990591125581,12.0574509274369,11.6028101038644
0,-0.2542852557814,-16.8838828624678,38.852131383811,9.06335835405014,10.2818629963943
1,4.32243763836315,6.61955021517074,36.469718298359,13.0664272171172,18.4451997366332
0,0.5104608368725,-46.2089357459383,-37.8714528677091,10.3971300075783,10.5642049307434
0,11.3206382162781,0.133245171741923,37.5266474294251,10.212718384922,10.8593561319266
0,3.82596918690481,12.3347209838445,9.38934550951045,9.37124761491806,7.34782609900104
1,16.880733342779,2.12503986533155,9.09413166442968,12.1522100277692,19.8377834655949
0,3.38378815295347,-32.3473206925819,-5.10707821782343,10.4170637707961,8.92037862017078
0,-29.4462043548933,-7.01656021585516,19.7245404735314,10.2820266524711,10.9391061283192
1,-0.0193163834673277,20.0964764971096,4.89304578297844,13.3222416471767,19.6200277818111
1,-5.38509216870135,-7.25308129184742,23.1649197144282,11.3725378201406,18.9383076102875
0,-1.58786951612817,1.21161510698649,-12.5870612758908,10.3397469294608,10.1209179597161
1,-0.956601410712664,2.9762335790945,-30.6449853643156,12.6081147518199,22.6494276556174
1,0.614722434530588,31.2692954831908,-12.0241803750156,12.4289746886373,17.87007024424
0,17.8513708337299,-10.6990354628357,-17.1923513734859,10.9223541051715,9.80200690997794
0,21.396738977789,-1.2837303025325,-1.73296290544673,9.33263099684877,8.8244513332532
0,19.3577227503845,-6.11914160907077,-16.7864792839638,9.37816345190974,10.8672271335607
1,11.3113875211332,42.8060668801094,25.8917136667609,12.4917953920562,19.6408054347793
1,0.0578421168731061,-2.62610306949432,6.8954544827787,12.2789251377504,22.0448072152981
0,-5.29701159316502,-5.43588928668615,15.1529719362749,10.2943749853541,9.17567759892619
1,3.01878736803708,-6.03925093243211,-4.19226924390388,11.2068436829087,18.6457867325397
0,5.51167455257325,25.5158741365069,-5.91690821757625,8.79336100893152,10.3765547893918
1,1.05677342971167,-9.09300745791422,12.4035007567949,12.3084821209402,19.430874710232
1,-12.4044612837024,-0.416797359120245,33.1729677171614,11.4049929956489,17.1860522311307
1,-5.20230700553125,-24.0077325649042,42.7101026620899,12.232666454702,19.0217204031957
1,-11.7374632905815,-0.340384797429215,-17.7858395374801,11.8252037495119,17.0264546582528
0,-3.94377478558527,6.37602719679888,19.8116154226337,10.3328762766708,9.24416571352385
1,18.7304928568386,10.080872514806,-5.31829659006311,13.3605739096982,23.5613059231035
0,-5.07877989509549,17.9262737838174,-15.8320172858927,10.133211298499,8.51660660296622
1,1.25511114430836,-3.39009140476565,-3.12263975360337,11.3653648292858,15.5861792335251
1,41.0155070617351,3.80466685383751,8.41213473704254,14.3669586081812,23.2198561297031
1,27.5271008064304,-5.98756227360378,-28.9683155098638,12.0063604960094,18.1219113544669
1,25.8472689928808,-0.699233213984954,26.5900929294191,13.322422490034,21.510467282946
0,3.64435799151261,-3.71692953714536,-20.0570999423241,9.50058739709231,8.63857380159427
0,-27.7813822327252,7.94930891410667,-63.7642691773613,13.0944513743401,12.834410310238
0,16.4666425859447,22.6326129764964,-44.7077789663494,10.2823645108495,8.96842023807786
0,3.94402259998314,5.94963162379898,22.6218327641112,8.45248177828605,8.70304314274
1,15.1645972014597,19.7559989997217,-7.29939933146651,13.4606297771078,22.2491796691149
0,1.61993277662167,24.8445914724325,-42.0226331347044,11.8806343254993,13.8004532950257
0,-18.1985863674065,-12.9571561276473,21.0908973701382,10.5712065358391,10.5967697310221
0,-5.54796714522851,40.3425731176455,35.6321869132327,9.89662966013364,10.980646621148
0,2.80050390503538,2.96474343293999,3.29675008493241,10.4016303010959,7.14497919026094
0,12.2928015867379,3.70773904009333,0.378931118318351,10.1805974997709,10.7318280744754
0,-4.53724819591733,-5.19833350994242,4.69006447414934,9.01875475101492,10.170666858039
1,-24.1037099984597,-2.14745526510763,0.658043978824291,13.2865317464026,18.9376049731792
1,1.39329464907393,16.0804177699564,-1.17150564142336,12.1155236169767,16.0677637582165
0,24.3464296218976,-3.03232978439744,-9.49313097302285,9.06898771346056,9.32076527088141
0,-0.0293036594600484,-2.66493292699068,-6.91946019734433,10.1686529429171,11.0753299463298
0,8.58030258603923,27.3823658050589,11.3523690767923,8.66438670594184,8.49879522572398
0,-5.14860866640877,14.0547784301372,2.39040501756301,11.0248905358794,11.3362928944752
1,-25.9443345926059,-20.0764780782876,-11.3757048400519,14.0218623330456,25.3028425335832
1,18.0176452849601,-69.4184095373403,5.03373965909622,14.6324279746461,24.2377585395301
0,-3.28192405351223,2.91321228288974,8.24604657495523,10.8594230708798,10.6335224574934
1,-2.57009298642791,38.7906241334814,33.8112359411663,10.2790608039359,19.3538420911179
1,-39.1875986962004,-19.2716389470544,-21.464569453195,11.8690713731972,18.2356647515084
0,-23.7105376242036,46.9805726314429,-9.0252197863563,9.15306786978443,9.70076156827117
0,-0.247311299131717,24.7365137344568,-2.37330138536759,10.9900325401628,11.2774035445741
0,2.29376815014823,14.6026172105961,-0.783456230719465,9.61498495717867,10.68088138856
1,-5.35008666158044,-19.6963516441365,8.95091244825961,11.8128200054129,18.2776150572442
0,6.62069931928141,13.2473835887323,23.6894440253895,11.0081513638665,12.7468368140601
0,1.09510711591909,-8.69802773799244,-1.40137828547486,10.227432336418,12.5056590205561
0,-23.03371832785,6.19653788817213,-4.29274278758723,10.1215565279755,8.76068812253459
0,0.112614972214287,9.76716854059168,-21.2350548083325,10.8187252318443,10.7413462136894
0,-11.7870727454358,-3.08851610525151,0.856591584125521,10.2094655913224,11.1907589542889
1,13.4184972141825,-23.4766957023055,-2.79293028222486,10.9020358545296,15.9005560149897
1,-19.2695357354273,4.51573726247212,28.6007994248882,13.9222252549477,22.3550694019018
1,-5.34040212750662,-1.84332049985076,-10.1528391128048,13.6519184835046,23.0507097433992
1,0.275302131715284,-27.4696329966052,0.526742012715621,11.2917080822879,17.1895444792759
0,-4.95981117859255,40.5548824188375,1.90337258228182,10.8761199035777,10.4617564603311
1,-1.28842613735598,33.0414277566121,12.7662102787617,14.5044629732997,22.653109804954
1,4.92115832103979,-6.72019184776107,5.66634425735669,11.6448230924448,18.8246003196582
0,7.60687726388352,-15.5198432398859,12.9063089813813,9.519428792417,9.62090166828058
1,-1.57116383946261,-0.17150796484886,-20.9627717084425,11.1005948119872,18.6363106591192
0,-7.78572885480244,0.762830499691274,-9.62129812262079,9.09664657902004,8.87890237344272
1,-2.67455566070332,-39.2637803839154,-42.421876997968,11.4465161935491,14.650149731896
0,3.11321980898284,32.2727520804079,-5.30437990178734,13.8971516944433,12.9545210380263
1,-40.088996795623,5.6278342500581,19.0365994736979,11.6320343719858,18.3214052730512
0,-46.1496576803508,9.75495125229025,-18.145313553601,10.9673075186978,10.2021721487754
0,4.11214003732758,-42.0505533018371,56.0764185818192,9.1496724561114,6.8445484748534
0,8.76662157995031,25.8704211874799,-8.05755271426833,11.4558804881273,13.3326539141819
1,-2.23693234738614,3.03562268673051,36.0292127108187,12.9674240573053,18.6381746840002
0,12.0471356930667,-20.8287390537736,53.7588555449244,11.2055610927621,14.9109637893301
0,3.58083859477661,37.8397240569162,56.2308985523285,10.0609739663106,6.69678705243148
0,-7.18765379115116,5.79900767939404,-3.60359182975276,8.71009204319618,9.24026898333659
1,29.5200214187092,-4.15288442824317,7.02327215262887,12.5279526826311,17.28735409104
1,3.73835719079879,-11.4296667926218,-23.1928279342335,13.5201614505024,22.3980646682081
0,2.35825708318503,-1.89998555438887,-16.833023267753,10.5846295300695,8.65854187016264
0,-4.56268229527004,1.23766526080486,-4.35756793041811,9.42822308548364,8.83529147476461
0,2.82384581802821,-30.1322733513088,8.10766029462414,9.21253985648834,10.1981245421695
0,0.888816284594164,-20.1738435952773,8.82460297796567,9.13793822638798,6.59124291693349
0,10.6259669496594,5.81119759750375,7.14075002641249,9.68759656081788,8.38657850143291
1,-7.8050566433513,7.13829780457444,9.51911977344009,11.741678563613,17.963735733552
1,-37.5943558697771,16.7857364247529,10.1588560299186,13.3037890684453,22.9965675918796
1,21.3266163946334,-14.309892941731,26.1383389528207,15.1343861802627,23.0371079299727
1,-19.4605929379612,-26.7902368466266,-4.49024750716219,14.0234163141377,24.5133254353571
1,-1.18675647881382,-33.4131347258815,19.7661379535924,13.5008347528583,20.1410425229517
0,-6.16238609237314,1.61570424644336,14.2832959667776,9.23160688572276,8.36543616062106
0,-3.30141086844638,-1.96542243514552,-24.6890720600695,10.2175411892273,7.95222502377968
1,10.3797661884273,14.3217854510668,-15.6664387770762,12.09617339638,19.206001778304
0,-4.83316809121276,-20.2627667348864,69.2471590460033,10.4929139559932,11.8769538335095
1,-8.11974228740051,1.6244114298976,27.2006409190023,12.6613208646926,19.173651058205
0,-22.4943548072385,1.99030947199316,-21.9160128564803,10.7233299671667,11.0845658506408
1,13.4710666153178,9.78082065371662,-7.86802156799313,12.7751461491934,20.3424980781907
1,-4.25485099799662,-55.1592972514516,21.1699041366032,11.6149590155556,16.8941494138456
1,-4.62677966042207,-47.2609996544091,68.9090302971857,11.9308356160786,20.1496238861898
1,-48.1446379535763,-22.8995318373046,6.89540889016836,12.7855576950653,17.649481247044
1,2.03303817479947,-3.86287396827085,-42.4899350444921,13.5516323156185,21.8673733921421
0,15.8447498615811,31.8114811855719,-22.6433066900875,9.78719993321389,9.6626813988848
1,-7.347857085897,9.04020410792256,42.374840384935,14.2580210169377,23.1252705386586
0,1.19344147388077,0.712065162356484,38.6557639263215,10.0746463047846,6.31357989956562
0,16.2100316040372,13.2498504365768,13.8402155328932,10.6012247116154,10.7913349837377
0,11.487157073441,2.32930517575414,7.95473816225377,10.4295974627278,10.0440064424336
1,2.18955314104027,-4.64607875014503,3.89566959535994,12.9839873240648,20.52978501648
1,-2.39259126146089,18.2440608295831,54.1252777079493,13.4311405679953,21.1963737732431
0,-6.59612767739658,18.4971349137006,5.39784271493973,11.216846244707,13.2829829037209
0,16.7711440159219,-7.8115316809638,11.0158351638519,8.94453152075913,8.91935727774459
0,-6.90971261504976,-4.2921492170472,-1.77267975810649,10.7610738307662,10.4513718409236
1,4.55445340060878,-5.71328820070882,-0.0602355462836878,12.1084681447628,19.67181612731
0,-2.11392682266571,10.8081730213287,-2.25677045620093,10.2866493423052,9.87492578911428
0,-1.96822075397912,26.1923933706726,-7.20335514894202,10.3712358659971,8.71071450375984
1,-4.43883368708539,-1.81043075228501,14.8884926654647,11.1273151248909,19.6457409665393
1,-10.7019792125623,-23.35649835472,20.8549531020168,13.8771829237095,25.4480268456912
1,7.58505805612764,9.86246036418004,-7.63279904211645,9.69337911925353,15.72427811039
0,-1.95808892328671,-2.5517225998076,-10.1739245902795,9.14286910611797,8.00145339138914
0,-15.4151226523924,23.7974708476458,-10.4622154101526,11.6161566347226,10.7033209961069
0,-0.468890150028239,12.483521510623,-42.2417317490869,11.5213652220036,13.8830732256327
0,2.3595195998512,-23.0895266691566,-1.57732044474689,9.10252807839194,11.6962714125008
0,-8.27450453611937,-1.09191700791032,17.9793383200876,10.421947320975,10.7439514726753
1,15.392696785556,-21.1673750926478,6.02854814405494,14.0894879053427,21.5244418256002
1,-0.72955586551587,16.2675988791158,-48.5371635700945,13.481340670947,20.1864013328246
1,-2.82116433120342,10.7972470971624,-26.5784837213956,11.3723897407355,18.3566514478985
1,36.8886097029367,0.745271014779264,-30.3402261158785,14.3962223144016,22.7489684063295
1,61.2599516969433,12.5142804963955,10.7554068769642,12.2535735072887,20.7325095119301
0,-10.6509917949786,-12.0134709877976,11.0047123059625,10.9623575921461,11.6164829577112
1,0.0211580479655071,-13.0579127859454,-10.1085800775226,13.7327055807443,22.0992655483464
1,10.548685020116,-2.73356405649189,8.56342343178661,12.8885687751862,18.6929564309442
0,15.3817010278387,14.4593693643516,-14.6194178124646,10.594851547719,15.8245559980409
0,10.1393159320522,36.3206844772444,17.6276457122359,11.0816262156418,11.5366813361433
0,13.0468764131183,-14.3727719583192,-50.205280680731,7.71890543615872,5.59704465583815
1,23.3879464809718,14.1568806187931,62.8539462608837,11.5605477378694,18.1076444453435
1,18.17860209358,-10.4797127676145,65.9824403216864,11.2703256067623,18.4764163395335
0,-14.7289492932117,-0.166560779685069,7.12271687052982,10.0367209113052,10.5801989840994
0,0.512538608164972,5.09813727357609,-3.68244562608731,9.47601252593566,10.0079468909461
0,7.75738162222024,-21.0462875902964,-4.98159787451397,10.1067488607473,9.60315790423386
1,8.23279285900853,-91.2808641307313,-3.95384378574276,12.9299810926126,22.4294507436956
1,-1.996314252062,-13.0502068262422,20.7125127582785,11.7137604367855,20.7045451847915
1,-0.514861818566106,16.0370585064386,-28.398180698002,12.5667163756485,19.6192780281738
0,-5.07239812813343,-46.3554169606647,13.8380837655076,10.5590951194631,11.2203104381784
0,4.16144705963876,5.07678148842759,21.4615472472973,11.3206850586611,11.2497239016093
0,-7.41567437864075,13.0288957512427,2.96233856280353,9.47941759405377,8.53672936897724
1,-41.0737727464554,14.3506614309101,-1.6636269926953,12.5060118752703,17.1854159432323
1,13.1562878320519,-5.01716850279869,11.8292798412522,10.9854279546157,20.0225795750733
0,-0.37965496801445,-12.4955664831965,41.6865642112556,11.5829967169035,13.3836353071183
0,-0.394922566935273,-1.96334555691338,18.3065558156717,8.99941836497147,9.27178620536371
1,11.4227217100418,13.7901227184788,17.2993397954285,10.8257533785605,15.5180182056877
1,-35.3000322928806,-1.93997427334761,-5.57160403686189,12.8569349026174,19.133565857487
0,-3.87646400038016,-1.4444864751733,54.9487472093379,8.96663526794558,9.00712390488152
0,0.762516947890179,27.9897821217478,4.64124730355504,9.43760256003517,8.68868000251061
0,-4.57107678099439,3.19242071746395,7.48662576406808,10.1769033485559,12.0420477264477
0,-2.50184320484813,-15.0703628271984,-11.8425009245424,8.96430131123461,9.94269457837464
1,-0.949008373752699,13.4539570995259,26.8077454722178,12.1761986154668,16.2622968275144
1,-38.2248899783122,-8.69687299395349,1.444412398175,11.0858468427114,17.7159733328583
0,-2.11776455203315,-4.29358457790942,-5.14597572122868,9.23042646001974,9.53995407280389
0,-7.7649080518651,-1.26806738934797,-1.00868979812701,9.51730527984313,10.9830442160138
0,-4.30895556318451,-15.8703557558187,17.5632639345875,9.67216447364747,11.7850427266116
1,-7.55443734391928,-3.42677291408385,32.8534600991713,11.122503011017,20.4254584283137
1,0.436397673446689,-35.9714713951483,-23.450077601334,12.5350772028934,20.8087352492381
1,-4.67340572362628,9.3963239712012,1.684678614235,12.0975294710068,20.4912976070811
0,5.20633041819668,1.0216872926507,-6.30889958006524,11.2553431399665,12.0430010751725
0,7.06686439777103,-7.64148508023144,15.6545414142927,11.0181548588585,12.5463841375581
1,2.83594294182891,-0.93653544560455,13.6317355496671,12.3732767344199,19.1757761323115
1,0.478458130643032,4.56818941180431,9.33960374171357,12.3181047063498,21.5652775257096
0,11.3761590172069,-6.98921839362515,20.9140275982001,7.93293728971959,8.19961067427177
0,-4.38662466627944,33.1660581414651,-1.35670551960625,12.9459448276706,14.8571996992492
1,58.6273070175919,-1.25998098354583,3.63783848839661,12.224119159706,20.4789987304755
1,-15.3045893073161,17.2042788629466,27.3468160027172,11.3112539513242,20.8425415827934
0,-9.23644584934838,19.6378819148798,-4.2630967309656,10.7356882964875,11.2382091187363
0,-11.3292399755486,-8.51088876274737,-5.83985823199646,9.46300309309164,12.4728802211825
0,9.93552074342313,-0.713438562954948,-15.4144228318523,11.5803631641366,12.9606658469289
0,-6.91650156930391,-23.9245812749236,1.62797500933445,10.1997865908885,9.61316377735838
1,0.347969258886104,-9.50950543361598,-57.0317621476982,13.2048170076291,22.304997635361
1,2.90947757182821,0.245370211887072,35.48904933756,13.1343322999061,20.0065037246103
0,16.9884946152939,-1.57519967693185,-0.252500595899666,10.4110120434538,10.923986429865
0,-5.34824083269655,45.0842143811772,2.84096555836154,8.85752871354631,10.144103731111
0,2.5560477854279,-12.2850828312607,9.46226035543278,10.8829723744458,6.2155873626584
0,-2.78286336110438,20.3403248042704,22.3749595021862,11.4151494361549,12.6519586515952
1,0.505041436795304,-6.15646077790174,-13.495249735708,12.3024821212755,19.63888140433
1,10.536753610311,-10.7668441378606,13.9513882137461,13.3727476077827,20.6158769044083
1,-33.286097996551,-5.63377116015838,30.4290156655388,14.7175934615555,23.8786460046689
1,13.1838984281105,-9.57053679218316,-0.335114962899423,12.1121107635362,18.4371293458986
0,-0.509878479478887,-0.753377355158634,-5.77058038320123,10.0472605689007,7.61107828175627
0,1.06290805113965,4.42034313961477,7.12332415530349,9.77234072523872,9.26076949430412
1,14.6371848220231,4.85030595006071,34.9043909841746,11.8157849189307,21.4409886120581
0,-4.41022816273061,20.2306217051948,8.57695310718248,10.5989726427369,15.7013721781064
1,-0.212433976301271,4.013627013875,25.2741754691173,13.449160514835,21.0541951695278
0,-4.76962472028361,18.2460766719243,16.8175945909258,10.3465955569453,10.0635850089017
1,4.23933038841571,0.543843632193947,15.3654905114792,11.602887903432,20.3506448484677
1,-3.87655490304314,-10.5901000683374,-53.3813397431657,12.8944707653921,21.1849252493841
0,3.08382955020984,-27.1533402593978,11.9658809410757,11.0936304239312,10.1059425947782
1,2.59869331245361,-2.86164946044296,-42.9965181932924,13.6145632932251,20.8796589794127
1,-6.98683087103825,-7.74159560710385,-20.6367743528967,11.927422303085,19.8103548623055
1,24.5449296481359,-5.3714858947355,-7.36569195732056,13.5294813582923,21.8521336308101
0,-4.38574020670512,-3.85218291585477,-4.02368874099736,9.76679752431153,9.61225250884101
1,17.8086143523929,-6.93939744039633,-14.7727439883102,12.819398735586,21.2774822368917
0,-3.92816571240871,-13.9724606442097,-52.6124600916938,9.42739425273171,9.56541323643869
1,17.7990246587547,3.26295766544534,11.1343307176563,12.4198851854508,19.3036053033182
0,10.9704650693153,-17.4027481275495,1.8985664725233,7.69315070036784,7.71855427344248
0,-6.53448085436156,2.66145409317415,24.3424343004066,10.3949236830641,10.6503662104047
1,-6.78727365506626,1.89529639250499,-17.2068457165028,12.3857113763091,21.4103753123728
1,6.31392185494605,-9.33931966651877,12.2188928263517,14.0883793385103,22.7212666976927
0,-5.63908735136085,-10.1856637307367,-10.0274030464091,10.1430779349876,10.1534033524317
1,53.237684014761,-18.4394628071766,-0.0607449462957874,12.3651087035863,16.2595570581649
0,6.49646830108228,4.27604394601699,-25.4675316960601,9.67107715123253,8.97071747814898
0,4.21515104488443,0.257012468166801,46.0346106190957,9.82936867225641,12.1503446507728
1,-20.0785132931092,-0.434618555821468,7.09563348558836,13.2396870880505,21.8495914607739
0,2.89612043304008,-7.83649861661168,10.1073516088211,10.7913559749029,12.3833195021637
1,-8.40114454170143,-6.77148324702389,-14.8257116230214,12.4263736560604,18.3735906729701
1,-9.02522824294498,-27.64073260735,-0.788378428795839,10.7000324715122,17.048556396033
0,-16.269546228593,7.41588315220454,7.98472122932383,9.42423073531082,10.5540738793581
0,11.3133609801405,-8.50739146173235,-4.37373956291527,9.85321434065616,6.72591026346477
0,-25.2902963961371,8.45083782628785,18.2589389871463,11.8341579836445,10.1500574116679
1,-5.12093954218676,4.4285940904757,-28.5357171123724,12.0719084642509,20.2434863847043
1,6.3154375183355,11.3144936756402,1.98316513943048,12.6432865156039,20.4019343459406
1,-20.8469845260531,-80.1213996486801,-12.1697953090111,13.5929915829664,20.5108185955845
1,-0.283191406353943,-26.5306166876435,-16.496490871907,12.8858415623563,22.8998863711333
1,-34.7539295468147,-19.4876674759678,50.5118700097272,12.5889515691606,21.6061992641681
0,18.6027717420746,-7.28911785371311,22.8008127146904,10.7983061100554,10.8475894521772
1,26.907056633762,-4.06136541809083,-15.1422062108742,14.1929147750145,21.5628202138139
1,-4.30547954900838,3.01898603607748,22.3049605739999,13.5788266039362,21.7624650710519
0,3.08913938829745,-18.3878644416407,-1.11263843623912,9.32069449650657,9.82715217142662
0,1.5448394783315,-6.62458430423734,-45.9100405782386,11.5235383197765,14.9325928865929
0,14.1418663112762,-19.1368373618093,-18.5649595783429,11.378844438421,11.2530545811187
1,20.306652751055,14.9644525994699,25.0083864093056,10.8756325686496,15.4316891849223
0,6.5273650419275,12.3893259085234,9.70777102955383,11.5818873565212,11.5156954323017
0,-35.0638642011971,-16.2206279104738,24.3649756364994,12.3208614465198,10.7970560378156
0,-1.47712789695697,-23.4657440591178,-19.8593666723804,10.0523327436782,9.86773473525033
0,-10.3377833240343,12.576156415766,0.149525676191001,10.4651981523762,10.9352545318204
0,-4.74676736536591,-0.505117407388275,-6.93548150381251,13.2324753725862,10.8499659624248
1,42.9982253805171,14.7251613096434,-3.28241354595731,14.6201837680719,24.0567207350232
1,5.65811265798648,2.94447275207211,39.9971054940175,14.3223844150704,18.964325663061
0,-8.55534674872946,14.7593311288513,66.0453547706003,10.5030806934362,7.1424147796595
1,13.943633642525,12.451994087666,35.4666191102968,12.7534710274695,17.2848507561715
0,-4.98501369306971,-18.2417610205237,-21.766477960272,11.2440753224761,13.9280838742098
0,-11.6048568922119,-39.4023822488944,-40.7199244047784,10.0656828638838,8.32858534023986
0,6.64181866747823,-8.31234611013108,-22.0883936813066,10.9233989695602,11.5706641639571
0,-6.24330966177467,-3.92718865138544,27.3127901851887,10.5249826170744,10.0851508641301
0,-0.204847722039266,26.3264209099889,20.3821166624768,9.85713057883196,6.71049700614534
0,17.0766322225457,-9.64078501674577,41.238074105129,12.2291289528063,13.8352667824289
1,10.0798610683616,6.31746409081102,12.9445473697612,14.2946721124354,22.0886979902267
0,14.0136147904674,-2.65687052130824,10.5763748814567,11.1465816188495,10.2827567619879
1,10.6715291329585,-11.5792594731307,-18.6945384274275,11.4357362739341,18.2039543631316
1,19.0963182283047,-23.4497748467606,12.0530971055993,13.6066248509689,18.9408670887746
1,-59.7264525513534,-2.59620517870764,-17.2422423251898,13.9224288099655,20.9074793287005
1,32.6821232170801,0.907892103012165,5.24273241272036,12.8038115993982,19.7437924512615
1,2.84851986982789,-11.8966205610325,-8.53744012611472,14.8079874104234,21.7931908637972
0,16.3178933800867,-31.5997430326136,-29.4867682140195,9.83247918716173,7.43029120020686
0,9.23282493258708,16.1553396735033,-33.5958761739418,10.6411291339057,8.54354824268407
0,13.6299460422644,5.51865573074497,3.44313974409612,10.1992339313203,9.16279463689017
1,18.5357028104428,-0.510061638082306,-1.27868702992525,13.7015554324124,20.1541219546656
0,-9.00809080577608,5.58255441042323,-1.49777193221012,11.1732284106419,9.29881015085991
1,-20.6761561422952,50.3626729351375,1.63967294952366,12.4380083917831,18.4295006470786
1,3.27484968107587,-12.4478487711256,-9.05924894139233,14.3695508293187,22.7687760268009
0,2.13370614921927,10.4565332089189,-35.0090497560595,9.58057024422041,9.24816977012184
0,8.23251394591283,35.3396259654392,-4.66748938590671,11.062919709662,12.7831949151484
1,-2.37589998301601,17.049986654004,1.09487291700005,12.119383366746,19.3862750225152
0,0.445409554246098,-11.3841784675984,-15.371679655626,9.88741724856835,9.63368126590038
1,5.02883138575334,-6.49152188540616,25.0715134980142,11.6962840018731,19.0062141651545
1,-9.96693582589601,23.7420637360232,-24.9728843818115,12.1566841021089,20.0101665446142
0,-8.83755779312294,-19.9203727344312,4.41303412223496,9.05857502954352,9.24430773100047
0,28.2885703288796,-26.6971143398053,-17.019475077364,12.4438973279552,14.020256323161
0,2.81319745513159,22.2459348982934,6.94122195914544,9.1466104502526,10.8740037714613
0,-6.27732574376248,34.9703078187069,-21.9810045754174,11.6507698528829,14.4315641791349
1,-11.2554123375183,-10.5053207984639,-1.98074459534186,13.0452673899297,21.3968030596701
1,-0.574961457496924,21.6373911445127,-28.7728568516712,11.4857540351202,18.4720039321123
1,-8.54890881548476,-3.9143216674948,22.4531125218497,11.6730578537355,18.7637676037231
0,17.6995090185149,42.4862301676672,44.372252296508,11.2822429149302,9.97288890111981
1,5.69065719852389,47.1462383678517,-12.5746114274884,12.4767729229347,18.9455021417285
0,-21.8124085466408,-3.0545508097167,3.76044617439488,10.7171668141111,9.79136978264035
1,32.470953075694,-7.3205148731137,31.9680325716803,12.5776974531076,21.399347648776
0,16.131431767939,-9.08896043895965,-18.9964150705905,12.0467120946972,14.4301289125678
1,6.82182155905878,-2.01386679002963,8.88176485670234,11.9882425490613,19.2168259952088
0,-14.2100795041517,-22.9192512950509,1.84599590894366,12.9200485685113,14.1019751147349
1,1.8833133801063,6.170665151694,-7.64356457515224,12.8587833545688,18.7282910506186
0,-7.44563410718381,8.76553114942251,-16.0277141225596,8.51359563226717,5.75324722031196
1,-9.84906309071424,-23.9128585581265,11.3305051008043,12.8213538695958,18.2521046217005
0,11.2444503807375,-36.8603616094256,-12.9080571089833,10.9665435854678,10.5049121235724
0,33.6613927494936,30.5326014432854,2.17013899929276,11.1697627065413,9.81504201988634
0,2.79229606597983,10.3248647222409,-26.136945184837,10.5024792776573,13.1425654374931
1,17.828946482942,19.5733653861045,41.8877098686907,13.4728240571423,21.0348803917153
1,15.6947523147268,-1.4193537299602,-29.72190500123,12.5641355063789,22.9332758072652
0,5.62007734419585,15.3108288141768,5.1967315295444,10.9338828358423,11.4281994683213
0,6.96201024759095,11.209597214156,11.6903518685393,10.3847548666152,10.4355615476094
0,1.51608373855885,19.5012891958667,-30.1943570787051,11.2209200433786,14.518200118737
1,-6.97763407050712,12.9728758918759,-4.18159801600937,13.583317761636,19.8674210929662
1,7.4043820695663,-22.2048238039156,-24.8144397631697,14.072157030174,20.0913244229369
0,6.23426907316878,-26.9965975878223,-8.56215666866538,10.4769931714662,12.6321717986803
0,-90.7733512130848,-1.11793781403683,4.78100044150956,9.63001742498775,9.68073106815831
1,-2.9904227303364,10.6405894540536,27.827828796524,11.2577021292103,20.2362662786276
0,-8.21951609217819,-3.82967829067275,-10.6709360901297,10.5468564712793,11.2760595827745
0,9.48798836581627,-14.8432787396591,-4.05401226157886,9.77791604384277,10.4194573803712
0,-0.246957245883399,7.26088017546551,3.6663560648967,9.783498678897,8.42927983392434
0,-10.267619058995,8.64442245556124,14.9218662921015,9.7993861130651,9.53829284832665
1,-11.9414704800495,19.0103487563944,-28.7099441910005,12.4417857870789,19.0273268254158
0,0.521137582615596,14.3667376579472,-24.9578321244085,10.4319860347846,14.1044620869498
0,17.922175623272,12.3545585725167,-8.05974190457686,11.2003168481933,13.6137792099052
1,-2.75151229052588,-5.72925966857421,-41.8588694177769,12.1966853411103,20.3511826248707
0,7.7595818044671,-35.9597282549816,-20.4419784814594,10.0826044146715,9.26860391265478
0,6.85512316475795,-7.25877812336879,-1.91991332622576,10.6419097749296,8.40024084929485
1,-6.55024652488483,14.0510446826565,23.9088818037417,12.8813051972059,20.6942024698402
0,-3.39074561094417,1.33708763812846,11.4928510300006,11.0070347959118,12.7460026180029
1,-8.50522969269558,29.7328559894817,-40.8896753890396,11.8203821767429,14.5128466867048
1,-33.6543783058582,-21.1410550988327,28.9857873857529,14.8936230711108,25.2723038911807
1,-1.80765967687826,20.8609191154689,-2.63319092242107,12.8003892845084,16.610218534573
1,-1.246304696215,-2.52059853276948,4.53421850970699,13.0349015542667,20.870136474915
0,3.51192413243526,-13.852801919565,-11.5187818391491,9.46090011779234,9.78442494825065
0,2.03774136825758,-9.21694573141764,-26.0122003647023,10.9885665806155,10.4061092278669
1,14.8127037252544,14.9426102459517,-38.3769999058726,13.2202789222877,24.0524227173002
0,24.0692343907595,4.44677133365819,-3.05382854831873,12.5002287933341,12.2757227111764
1,3.58094769097328,18.0088261686193,-0.0958305611735186,11.7678069712545,17.1846995169447
1,-11.3015691347531,-25.6975918838355,-12.9701242472119,12.9190883689416,20.5122762660082
0,-21.0551591179487,-9.99990609832776,-20.7058632266183,9.3157595488456,10.2777301946776
1,-11.9144293957598,6.35280137428486,-1.2335701963837,12.577484650196,15.0075074735194
1,37.9355521168575,-8.4311764745919,-26.542638747948,13.259514035201,18.7057673539018
1,26.2613113417972,-20.8911345290523,-1.37549435291038,14.625706174236,25.7295279391183
1,-11.0034139105468,13.7619366933884,29.0770177572417,11.0814970467177,18.1121785965463
0,-16.0045054668783,-32.7759985214875,13.2202364256505,12.383209234967,12.0594852660293
1,1.41939045991173,0.327913837894874,-8.58116393193889,12.2805453733619,18.0708042326038
0,19.2733042567492,14.4101240922087,-20.1884796879786,9.76123363405363,11.1833012895007
1,-12.3098770507007,-16.6837958454292,0.0725455250019371,14.4826698059852,21.0969017926685
1,0.387927918882767,-1.81761303210846,26.0546199500817,11.0671949346588,19.1540386874325
0,-1.92292952471723,4.4366931201625,17.8785661107211,8.75569181365595,5.44304306870488
1,3.91654354214579,-37.9639011615267,6.11980031561145,12.5533887505038,17.4990331301965
0,15.0067092115198,-5.1724410293902,1.48400130427822,10.6507779773943,10.1624839538959
1,-38.7528730767439,13.5186598569291,3.22559055824864,12.9457787112154,20.7959976808948
1,-21.6158821653924,7.49471530326424,19.3380559765789,13.2680066266111,18.7649727764408
1,-2.31538817885213,11.196234597285,16.9268820082768,11.8051158602732,19.3066644463012
1,-13.5834786716239,10.7006781024384,-31.3549666569628,13.533703369272,24.293505516561
0,-18.9657448679358,-4.5436697201627,29.2007358435639,11.0038323354349,11.9212132187122
0,-8.77712907684918,0.306706700866601,-48.9227535012198,8.28041798524597,7.99805740022955
0,1.64002318232779,-14.4188654443953,23.4494036675172,9.03567291775227,8.66582374230491
1,12.626454813831,-20.5073293550806,1.17968184375984,12.0091866712,17.9947690453167
1,18.6584523478285,9.30442937059968,24.4370149332945,13.045576529611,21.2680099593967
0,2.01649736149337,9.1344207655606,3.98163630186258,9.65861111302931,11.2452011367936
0,13.0879008889226,-15.597813328082,-16.4343008665691,9.50638940300768,10.0035625448207
0,35.4920152190905,-21.7202985452971,-7.48931921604734,12.6250725322051,10.854775396561
1,9.5399488310076,72.9594750207692,-12.3610039741963,12.5722391150535,18.7823388211134
1,-21.2614980537336,1.76747210843185,12.7147958085254,13.0449201523103,21.1382980486269
1,-0.396583495019931,16.037765378655,29.1847908865605,12.8957589404103,20.4406053515414
1,14.5364378628254,-6.16178200907777,7.92338370506955,11.3575141532198,15.2093874622848
1,1.76399248482215,19.0105573152558,-11.7066581109148,11.3450653448922,18.3604870406952
0,20.9293961582444,-8.05018244481773,-4.79405740208114,9.44213307744412,10.2672023141093
1,14.6602796899099,-23.1935379760792,5.12106811908827,11.8668560258502,20.0477893293401
1,7.64028215278967,33.7330053527866,48.0962077357991,13.4717954959492,22.3992372729711
1,-3.30375189148912,14.1020497364751,27.2322847730232,13.3636233019577,21.0573412439662
1,-8.67534244929852,13.1969094630779,17.0155778041629,13.1662900776465,17.7462952440804
1,-3.95856022963277,17.1434662399924,27.3654672219848,14.6352021392311,25.8806140418796
0,14.4732060590207,14.006236696335,-24.8704166787754,9.09285237451994,7.52239013711907
1,-18.1093197198635,-4.1783094502475,2.35800522082329,13.650088737353,20.5635629610788
1,21.2020258228872,-13.2433015255344,-23.0105692005168,14.4228745396114,19.8504563634423
0,21.9508864515218,-4.62177302871001,-2.11654288695568,10.6491334067426,11.5127231866701
1,-4.30547425970267,6.56549192736514,0.288656282574735,13.0659238341499,19.8182309632909
1,-11.4807697315138,20.3365944801435,18.9966744977271,12.5300658573174,16.4643450548685
0,-14.9611542352601,-3.0137107859986,9.28667925584548,9.30473748799952,6.12035956837123
0,0.303099849635533,17.6278180583958,-36.3789768384114,9.94622673067617,9.28924399454535
0,-5.54671291926546,8.0832589365281,4.34160749296657,9.38391083836821,12.53675829005
0,10.4688015662689,19.3464333653149,-7.53502854870432,11.0226969952295,13.3081132429738
0,8.86476921120413,-37.4486194537177,-15.5230570479526,10.175307908401,9.97357671723252
1,26.1348404225146,-12.3801354053575,-32.7660169016271,13.4073568051364,20.0779667405465
1,-8.66578801965599,35.1198398337173,-3.91947631159956,12.7619839928149,22.7175905559322
0,11.938844212165,3.10099155178016,1.23905059142406,9.99020056258814,10.0246394988773
1,15.5864475914209,-13.144879264899,-20.5303093717469,13.5876887987146,21.3435328834367
0,2.04195132279221,12.6191660928754,10.6206764376756,10.6165168772481,9.40224190613168
1,-2.89225171342225,35.206947231886,23.411260707288,13.0664400459174,18.1731767534338
0,-10.5660282861636,12.3592797381569,6.23187661128617,10.3170810433968,11.0285704244325
1,11.1532068799684,-18.1311045098668,16.6699893783651,12.0695464499536,19.1101788860318
0,-2.97662286419351,2.29223325399164,-3.70123632134506,10.9492224024756,9.04515384683248
1,-1.82674228657408,-23.3136392992716,29.7467875517986,12.7533406038082,21.0345727085867
0,-5.58707535401023,12.7714279403636,-3.13238190209592,9.46332546389972,7.94511793179319
0,-10.915987982184,10.4633715265811,38.4289814568049,10.0333975513285,9.50722936992847
1,-22.3328841242093,-8.3065903549904,-5.37364749226145,11.3950347332882,18.6646932485581
0,-2.65210515532727,36.3410779490556,-16.8134215391674,11.9734974776918,15.3381082686779
0,-12.2990346656489,-2.61786181911755,4.32032394266344,10.2950074698787,9.84405587739844
0,14.3936216894613,6.2039803409946,14.5058523854815,10.3321834761039,6.32379700316429
0,-11.9703274567091,2.87285376301888,13.8162012108536,10.6030696399661,12.0921419064236
0,-18.0079402241452,9.36062510630153,4.14077501272112,11.0644129521181,8.62567198981841
1,-1.7591020470578,18.1646449441842,-3.88473287501594,13.2350468544239,23.3749412450393
1,21.3018999286175,-22.4409053115146,20.2531991203734,11.6810911222269,19.1015533907896
0,8.75253539942292,8.79845700370942,1.97296362193267,10.7023095244566,11.8953207213657
0,-5.01585853823317,-41.0882706544094,-24.7408438474711,11.1819520994042,15.1859250731823
0,-0.430136572525674,-18.1625074813543,-0.686146415790777,10.5426217740585,10.2792840793352
1,-3.83635943716668,3.95223662102703,59.9046029560944,12.2147668706916,19.7949006039551
0,7.27523791788466,11.1347272542495,2.62245998524065,11.1753508994941,8.83498447742797
1,26.4043966477109,-6.90693477540976,-14.6519231775283,10.4212802982084,15.5198850053261
1,-26.5306078757662,15.1378204059647,9.6344973029901,14.4738967121792,24.2619494786597
1,19.2563325220105,-17.1809971048683,-28.0116723310571,13.4562562043873,23.492576339892
0,66.9224253408155,18.667149054122,-17.5971569320927,10.0512970494899,10.0969611642359
1,-0.0824066068779714,-73.6742792617577,-41.4195385360401,13.4715455297584,22.194956225002
1,6.67378501439438,-5.38219399367504,-24.8766722835918,13.0270474698715,22.8880926832964
1,-10.2651571925115,9.6675741108309,-22.6374700623593,11.4857181300726,19.2879895486074
0,4.35385899608844,-22.9367554871628,-7.07135645438746,9.63485208601346,6.80257226067665
1,-8.46369668133126,30.382519958857,-2.09987902800022,12.7112164323922,21.4718641223679
0,1.75037210842403,16.3247406698567,-4.58300576824132,9.52328649529897,9.63463239457139
0,1.56648880763014,4.79826361667855,0.624630505604486,11.3076862866468,11.8802097479229
1,19.7110304087373,11.1612282777956,-41.4264773136087,13.343422567179,19.4963844540208
1,43.1958333007132,11.8465415578975,-6.64053196154751,14.0672042681139,17.3691140612672
0,5.87491784376238,-2.67218463058127,35.955470401623,9.1320368921353,10.01056681905
1,-26.3731366444942,-4.09974931583023,4.87775723181629,12.6563393536211,21.1529707361067
1,2.72628273982226,-22.20955962609,13.4723577975997,11.8903026955965,14.5329745828305
0,-11.6733315677153,-8.81276909079039,22.0666354516282,9.88958017440817,9.70691888625215
1,13.6083730292427,-1.5337333591232,-36.5214035520642,11.4143862136661,19.4737198683862
1,8.89915003287749,7.63506655228399,-38.7345063471998,12.6200429327986,18.9557946159543
1,32.5649968053104,5.62924729836511,-8.02897367746174,13.9397059689852,22.269699849587
0,15.976536503499,-4.26450552256844,18.9391605437629,9.78949619035104,8.30480203391418
0,-4.15911960498232,32.5549169881571,33.1581927758834,9.85763721467573,10.2829866839264
0,5.3184701341497,-2.77235341718103,-15.6613550548679,10.1163900092096,9.83587657243467
1,26.1657224734198,7.23588883942735,-13.5401678741045,11.8061223092067,20.701851381854
0,0.66283196968953,11.3150562128757,-11.5644302363865,10.8134847307609,8.33232832256757
1,9.8028692312436,20.1413263197266,-50.2443359448252,13.3023571867349,23.0446035534216
0,-9.1870417594473,9.54694745120271,-16.2336391673731,10.1794556690649,10.8144798532689
1,4.17935789936862,41.5756599815294,14.7554165014127,14.5173309360915,20.4986424864276
0,-6.10767964469741,-2.92661440218588,-9.43545595024458,10.3008746684741,10.5610846499375
0,15.1058801325496,5.70628756807024,34.0365569356998,10.76052296546,15.0623996179198
1,51.5396612153675,-11.9550570162223,6.1402479587053,13.8097052627621,21.3257894632098
1,-13.465120896964,12.1694412098176,-11.6928164499299,14.1345629907139,22.3801235016711
0,-13.3849958170895,-4.21213105276308,-0.835538088255049,9.52728454916998,11.3527171413692
0,18.8630601367405,17.8627676272694,-10.6102768423938,11.4327894163847,11.1233568162948
0,14.4005012147945,-4.92736516417842,-5.69183657104894,9.51587355505757,9.08408982285647
0,-1.80221751581674,-3.27128614422478,4.98845272501472,10.4076160264514,10.3453553809192
1,1.36568146909093,4.3777345130695,-1.3217879428897,11.2808619054971,18.535649528545
0,11.8907543653662,7.32561689602897,35.350924582457,10.3895214708385,9.11763310101581
0,-9.27835280970787,7.22329041511584,-45.6525547276357,8.58781800732773,7.05997189233776
0,-21.4365232619023,7.51684811533277,-1.72089207212243,9.84836511899,10.0753864495455
1,11.7778755059852,-1.58597996639594,-26.4934041109699,14.095600685173,23.0018419051176
0,-6.75509430867102,-3.41954234838984,24.4833571195363,10.7049299483567,9.34649162027184
0,21.945013303497,25.0276778505838,-25.9988927690554,9.31707673426279,8.72954521121334
0,-9.07656191742409,0.657190339964315,3.00229469874261,10.4657633786024,11.0132843765726
0,-8.02220813057003,-65.1189847560859,4.53416069787134,11.1928924609457,12.4547450003638
0,-7.36877727252088,-26.6297114327058,0.132051822062857,9.68142987331643,7.32608597163278
1,-10.2359951824273,-11.3062392915484,-9.80509514926598,11.061507186828,20.4430909918959
0,-1.47313503349725,12.6258823268705,-50.9872759460345,9.82266250165593,9.9286626192054
1,12.2164124296156,-8.34645221180776,-38.3293160926579,12.183447803169,19.1120303209045
1,-5.4580313957888,7.60996523335956,-6.66095313980331,11.0454121095683,16.1550370415762
1,8.42108264535999,3.18194466817003,-19.1193271642684,12.7420362504757,20.7591302680874
1,-2.99326451421493,1.16436937330706,2.92980387764469,12.8976427231761,22.3974605773215
1,9.86876184123965,23.8420370716893,14.3795669676778,13.074643193767,23.3618554083086
0,5.6717446526488,7.86780988458544,22.0193941133288,9.23350094162485,9.88804959549002
0,11.9300711100953,-0.358363104781806,11.7264534035873,10.8858333688766,10.1938890317813
1,20.2778449593779,-33.6721069462542,23.6871519087155,13.3149758380174,21.8946779402582
1,6.56746163162787,2.51758234286606,14.3532527654141,11.0254353794888,17.7251205040614
0,2.45622380144629,27.4506086556406,4.4687829070188,10.5480167197616,10.7622161518658
1,1.4575698140173,4.31554921150319,-15.8408070283057,12.3746613816087,18.5522101271171
0,16.3870217042048,21.1728755845746,-1.27646367940736,9.90435042573607,4.89781368216219
0,27.078453200737,19.0047827587011,-6.82109376813924,10.6661094175879,9.8162716967845
0,7.1850168172202,-6.86873617908397,45.8221018907385,10.759823748586,7.97259177541366
1,17.4432841317285,-26.3226721386147,3.71897083316686,14.0537437395484,23.9996368102086
0,2.83162009589112,-25.3614192865212,-9.8331282274231,9.95783992457326,9.91114981601575
1,2.53583609522779,2.49397230267139,34.8722752836106,12.5345282421565,18.23080562436
1,12.1428486975832,16.9758559564754,18.2915396615654,11.5473432439292,21.3328788338502
1,-17.2127609048404,3.30623869301232,-18.0703937851452,12.7410198487059,20.1641149256227
0,17.7176392528512,1.1064904400163,-10.9975072899422,9.66845514762716,7.20243337050835
0,-74.7893259996033,4.7295530975502,9.01522902300565,10.5902113994373,12.0276392019261
0,-6.64330522535775,-14.0190394808412,27.0721247398624,12.3573888525973,14.4915010446511
0,-8.25009810599888,11.5773897462607,-7.47790163393154,9.93623298422483,10.9568122246917
0,19.415457310691,1.50224872751609,-11.8713553167094,9.8449292616964,11.3841847248749
0,-3.0603407489452,-10.5794854760847,13.2607070089212,9.84520461176589,12.1297123095922
0,11.5771758530102,-38.5665222594745,-25.8587854039721,10.4911477722558,12.2545926450576
1,12.3204203374205,-23.3965164855807,0.37110644876,12.393249310381,19.6902113668101
1,-7.0659533300922,-10.4745048331124,-7.52266668267893,14.8215721844117,23.0602444911685
0,-3.7045441620425,-8.54121635085556,4.18096334021165,10.5512615636615,10.6299267752523
0,4.67430888743591,-50.5520043856385,13.3568088752217,8.91913904132475,9.70135121413451
0,17.1625055229164,-0.203062621151397,-18.0706415922556,9.51706492123104,11.1888551947396
0,14.567917938977,-9.11490655775484,-3.06559644189083,9.48299946460098,9.28498029736648
1,1.62081880189222,-4.79570802363057,5.33805586582984,13.6455810702792,21.6903402082357
1,4.7595874748496,-8.26116325799973,16.1778285268197,14.4591835621436,22.8231045940193
0,5.34100337850695,-2.46075139095785,6.57357406528827,11.2979987822441,13.2975075617104
1,-9.22546272998461,7.21891991578665,-46.7714600213749,11.2426062337617,16.327248789129
0,2.66901205738894,25.1864046421595,0.176322973346554,11.1445966084235,14.5196628500428
1,-43.3735601779859,-1.21487484917779,2.22168410994773,12.6944217475049,20.855285536841
0,-6.25513504197424,-4.93205931281806,15.2655376618233,10.9172610037821,15.2682170133255
0,-9.00551377120276,-8.5561034437757,-11.956428952648,9.78414103330086,9.63369669703765
1,0.874063398274735,-7.77005714043167,33.3732134659297,12.0929611868095,18.79059353637
1,-5.27782890648716,-0.136763089984616,34.3582691967009,13.2756755871452,19.2901427836495
0,1.05476708447986,35.421982380249,26.5200915640191,11.3639449693923,10.4700737824293
0,20.7014504849559,24.2015745245004,8.31011650303923,10.612758181335,10.7460845549742
1,10.6120391038095,-11.3300397545823,28.7222717523344,12.5447910345816,20.5512986446554
1,13.5075466652583,14.2758023552554,-2.25038523549502,12.6661487119057,21.8272470183091
0,0.321032683307825,42.7303480313454,-8.00273381604227,11.7272018078433,11.9274762117882
0,-4.14516329735986,15.5115102884629,-47.9462257477435,9.97799581214982,10.8568783364401
0,-9.85811605439258,-8.21721865112597,8.8864065184136,10.4335016016292,11.0757972765527
1,7.47962839633729,5.76599008577935,-39.4870593280184,14.5271251122531,26.1528613514725
0,-2.66564132961895,-8.41021091149968,-28.1476469530861,11.1228179959726,8.6165930098307
0,-15.8952448693076,1.34634997405305,-10.3885381635683,9.13769199652392,6.97224895939101
0,2.17587911571476,11.2863991832198,-5.98600571767266,9.52728332042629,10.1565454129387
0,1.71938445114337,-8.09190046249635,-0.179355781372278,9.55904652122125,10.5640180304808
1,-7.69145977388876,-14.8552294408519,-26.1165162453613,10.7028304923244,16.3225902689554
0,2.18356127225941,4.51681806595966,-38.0812069477167,10.5809688950625,11.9699067159154
0,-5.78249011786786,4.22039808639622,20.6574276019185,8.52162998507876,7.78505695595
0,-9.03000380519997,1.41641891249397,11.3661388992339,8.5115997852085,8.8197746618969
0,5.13734726244316,-8.41113862510324,-7.75015769572818,10.148587985269,12.2926494263626
1,4.56488881025292,-18.6133171389001,9.58749220391994,10.7565307232026,14.9886759604996
0,-0.79020565453805,1.82231617846063,18.5178694048177,8.44249237073108,10.0158048945539
1,3.67977957460139,3.38532103460319,6.72410395067974,13.2830297514746,20.8895902314824
1,10.6341301309845,2.96343107194039,-9.83249129822183,11.8094942465905,18.8357992509663
0,4.46923100615067,10.981677621167,1.63398571357836,11.6081456141271,11.0639280686724
0,35.6603807923623,0.299968082525302,-8.44995911703156,10.6581715650229,12.1975611968469
1,-9.02093187494886,-6.05498987516468,27.697434036925,12.9627709685555,18.2456779469262
1,16.93091643198,-8.2616892740596,-4.35790722540357,10.3502042729308,16.8175596631083
1,-28.7912430424966,8.92738435989223,-16.5654834573626,13.6960052041425,25.1753897141978
0,-10.1925778460195,-34.7299455451187,1.68746740080335,10.4023937563655,11.1498223040366
0,19.3200803199553,-3.10243403367577,-4.3604480493786,10.2078862089084,8.81313420015705
0,0.514726728796173,-4.43618309971207,30.8029755477822,10.5343000144962,8.10852418356398
1,-13.0367395399577,28.1451057742563,-21.1218543648731,11.1684316859664,20.0503355025831
0,-10.329778290061,44.0146297035736,18.689467465832,11.6928825665687,11.3476847039306
1,1.47759109901419,-1.57269016334176,42.7589590031141,12.7246287227461,18.5711775154703
0,-1.62622670097445,-3.01981381057577,16.7390263187007,10.3777286731163,8.94776806283018
1,13.2404012758503,0.635694551737332,1.67081887221332,11.6652502064233,18.7457924604629
1,23.4904059501939,-24.9777152564712,-13.4232442374413,12.6039875008922,23.5599372282317
1,-12.4577046137344,-1.15058597408136,17.7984354492257,12.1929557079342,19.2891220682386
0,9.97870706243109,4.34293836979439,-2.51198318925162,10.4392775644682,10.429788329511
0,8.81858099638291,-28.2150743382439,7.34644548788648,10.8624012667456,10.3616388328721
1,23.3015145470621,-4.79943431458156,-30.7986284446704,12.8616225023108,19.5441189182507
1,-9.43021875923559,-0.155172456856187,24.0516453554025,10.5332890297068,16.2469625236763
0,-0.000997047682393211,13.2223851489011,-8.89585330766075,10.0958899274733,8.74327006366879
1,6.6194275353383,-22.5099185400669,-16.0126501004046,10.0113497658917,14.9944959866637
0,-1.84810529899129,-16.7018702657239,-18.0108063618222,10.0206976584604,10.9675339718807
1,1.39960611556118,9.08181709216043,8.17048308378392,14.3567779923322,19.4578634904813
1,10.6657865981938,2.61032071786978,0.588071022802807,12.6344688772961,19.5180135548173
1,3.70105360414065,-45.3097548382701,11.9344050328723,12.8963728534803,19.9121653064504
1,6.52428561986562,7.73278788227603,-5.55996971385753,11.2724411226083,18.1485539818909
1,10.8429518946787,0.0138891717777489,4.72750516201185,10.8950314396222,16.6956590178345
1,27.9748172840181,-20.3899150300813,25.6660010102982,11.7165684428265,18.1381328251287
1,-15.6239277861049,13.140593771156,-5.58492108979009,13.0163393445366,21.9891418785487
0,-1.95227750754128,9.02913632532317,-6.62204689240579,11.6241771540042,14.2214386140119
1,13.6675358021073,6.74422664320212,-38.7383449984353,13.0187327409426,23.545614927225
1,46.6269189819311,13.5656610969808,-13.0610162627498,12.4142225471182,17.3444132255867
1,-2.76228004898882,-8.1478046667244,-44.4878806326999,13.1695032944867,20.9273309715609
1,6.63058451109034,30.4399007558056,-11.3651770547132,11.7775023798031,20.4664819278739
1,-6.90484512313067,21.8179210136531,24.2236685549215,11.6218837358464,16.5757436147208
1,-1.15839680321289,-6.15394044641024,45.0042884766076,13.8798940117032,20.6023316378098
0,-11.6867653163051,-34.2132910878037,-4.03863425855623,9.98487217792785,11.046648141229
0,0.0579894914549017,16.4109876072863,-7.66212118389195,10.9928916941675,14.09954674975
1,34.3552308856977,-7.97252384616184,22.2883683676454,12.1877395714018,18.4875698173263
1,-12.9066238937543,-17.215086319106,4.53246239827619,12.7677576825644,18.7095351083653
0,-6.49628906477627,-14.5458443130225,-0.76118615457722,10.5185333407767,10.514760025339
1,7.71613722766396,-12.988240988806,10.3038149387739,11.2554181889917,19.4866421557677
0,6.29401368599776,-6.45307587979827,-0.864333816098921,9.62673878255577,8.43906813231218
1,16.7435783349861,-3.93200067146087,-22.5523298629452,13.1230238509501,21.0688404265075
0,20.3957465026784,25.7459227082768,2.43735645501922,9.59989701976682,9.47488662698802
1,-5.74192229850209,24.8147413112496,-13.0487825772116,14.5277260659224,21.6990913536976
1,-11.6826557672334,-41.1440995588697,-64.1033452007765,13.1387600296648,21.1355334306624
1,19.3460767646757,15.7627026017457,10.947281187586,12.1657951311589,17.9851668188107
1,13.7461286690254,8.81997288579948,1.98064517392357,13.5589413771138,21.6172530903026
1,-2.95204957167792,14.9863915157308,-16.4221203803754,12.9287661747632,20.6177043757246
0,-8.46505053036913,-30.7293867273481,2.72244269649562,9.16958136929529,5.70673920944827
1,-4.2216467624352,7.47903873505811,-51.3237583543078,10.8171984050824,17.0372300981305
1,-12.1113601290973,-49.4034148150505,-26.7554558054185,12.2228086597043,20.9402620824969
0,2.73776525338917,-14.0782351884131,22.3824513638835,12.0959834352302,8.55230247688398
1,9.0153666955304,11.3096558732596,24.1731416694825,12.4023819112839,20.4917943878813
0,-16.1358873517339,43.8460548518943,-0.421855059982481,10.6557505618213,12.3357725436484
1,19.1563742519334,4.5345423132688,-2.86668273914004,13.5698015220505,21.9391580402185
1,9.27147068189016,-2.29168612822603,18.9695226023895,10.4399473750061,13.4693552553013
1,-21.8970117111771,-6.49174724767462,2.90132408374313,11.7087279612206,17.927048125976
1,-10.8929622204744,29.5677881373868,8.92598232871836,13.0934566892981,17.3527514991373
1,67.4231239093819,12.0527097427242,1.76751816507159,13.9890134116918,22.140234759549
1,1.31447364115537,17.5181306807786,-5.14622526547052,10.5927702030918,13.0869211264676
0,1.91312605840262,-1.52351415499716,50.3917246993465,9.98908233839505,8.93088468143146
1,15.0373299210955,-5.07635189775869,-24.5192816551097,13.3348632048583,21.0078657482966
0,6.13675179168556,-11.6672521363818,-7.13912961526787,15.3768130661141,15.8666076051101
0,7.05837406282135,-43.5716971773675,-25.311518388658,10.2080259734986,6.88098421217873
0,-9.60973006184228,34.5526632616735,-25.381718633236,9.87575960930157,3.25864117918126
1,-2.89104220152612,51.1628515356188,-24.2234871195756,11.3408634590405,16.8096099573104
1,-4.26983142693133,-10.1842884930439,-16.4778981093617,12.8753295650257,19.2169867919054
1,-5.20906265214557,-14.9356215751568,-26.9810723330776,13.9974348012096,22.565480213617
1,-20.6173010438141,-13.3932775601542,11.7796887725568,12.1567824266334,19.227511108788
1,10.3842878169761,5.39582080115557,-14.3406815816175,11.5475162574652,18.2554195961681
0,-7.32178731582249,-0.172595308903745,-15.3976044186894,10.2106437814848,10.612725907627
0,22.8169297717131,51.3053512643082,18.0033098424185,12.0439455538326,12.1157383303093
1,8.5531283633003,11.2917731791766,42.217703694567,12.0014194736914,18.5045719696961
0,-11.1959547821281,-9.3604294220299,-22.709774009567,12.008076398396,10.5483807402249
0,7.69602413291307,-2.13641301117378,-24.9364315627798,10.1421147884175,9.77779120642472
1,26.5549116043862,24.77065046319,24.2717449578836,11.7846732266125,18.3999462607304
1,-19.7319769843783,0.392239815549046,12.7510499045097,12.2541324961728,19.4218633443519
1,-6.34147643424921,-7.40828567486674,8.46329053243036,11.08035406308,18.2030706348231
1,5.27781447068089,-5.42875249064091,-20.7487553971906,12.8751364643664,21.8464562601488
0,3.56535179751318,-7.55731926322636,-4.83266117562006,10.8420010789978,10.779275994449
1,67.1694542918142,6.49918863878474,-7.27764112831711,12.367623956105,21.9021789354792
0,9.28254035724879,3.47850496716906,3.34863078753099,9.14555458047481,7.20339086619138
0,-2.91287067339495,11.881221415482,22.5130462202323,10.9508721572485,14.0828235664673
1,21.2932985872064,-25.7444872690104,7.92364717106321,14.4555040600182,22.2525131259107
0,11.6550551354491,-43.5319178757329,-0.50384790792629,11.9686941844758,11.2098217091302
0,-3.23721075756848,-29.7733656255257,-21.6175165081246,9.77715932907856,10.5132273742792
1,13.4297795817208,-9.10701909462819,-14.2080743851694,11.5985650832689,17.3221767258151
1,-7.09985506739207,-10.7189433076647,-13.0939571776539,11.7462325766575,20.1409052585428
0,-10.3081618449211,-0.946376023397038,-4.74932379999818,12.5501822588603,12.8682808506822
1,3.98878670364903,34.9215006874241,-61.8368590233951,11.1825273510963,19.0464203586055
0,-4.851802944571,45.0962636894013,-1.13810644889173,10.35663155396,11.157749149223
0,-16.0956617886495,-4.06031450207988,-2.5942626488378,10.8614648830975,9.65776845742529
1,-14.4484534310548,1.91032035680627,-4.6417481978136,14.2699055651233,22.3378329222674
1,-34.7088617883359,6.36453077326125,16.2938242887069,13.6863563237475,21.9588035575419
1,-0.552089418757334,11.2206927932507,-45.8626072045437,13.3354892915586,17.0416591353064
1,18.9647714955609,-9.2332690614621,-3.15782552927385,9.61823136425297,13.9057739115068
1,-16.8382441182125,10.7959485776675,15.1713436017937,12.2062351322512,19.7555840123794
0,11.8882516495546,-13.3102443969154,-5.50129503682114,9.53043088581313,12.7978981572385
0,-15.4706622544507,-12.5864568789492,12.4170162370339,9.9595269254306,9.31713046512696
1,-3.08904148196479,-12.465825410069,1.51654074245786,13.6732980134951,20.7804334126188
1,-24.3750833124531,-15.7684716638521,6.54136079855469,13.186489561795,19.8826747549818
1,-16.5594471621657,-40.4415713352263,25.2444579190658,11.8892376367658,14.2115443602339
0,3.43719825996117,-9.38579321748651,37.2152449395052,11.2051540198299,8.16420906932925
0,8.6348655981697,-13.974498086436,41.5240336598507,12.1658064582183,9.49425266191539
1,-34.190946634602,-0.103446401185783,-23.1086948726206,13.1753948432537,21.1577463773566
1,1.74921299148493,-4.15732220666788,-4.51558431072705,13.2317103103077,17.8531649445479
0,4.40884157001383,-7.74729325983932,27.5654774440195,8.73911290153717,8.26988504248587
0,6.79210583469699,-9.56070587566841,-22.7548006137037,9.34669955409659,8.83856313347622
0,7.87804562538884,6.99675160415507,7.83086432935006,9.52612058301958,9.89139583640427
0,-9.09618379096353,4.02645804673748,-7.83247125341665,10.2953676075596,8.98937407168788
0,-4.29498663261643,2.16101337390111,33.6300481854227,9.77958442246879,10.4121440152443
0,-3.80221597682618,2.18570369908048,2.46553455445533,8.55595458578137,9.01033023493929
0,4.41056521079779,4.38623207406729,15.9931394795047,9.7526931941157,8.77786511285078
1,-4.43875128738561,-6.10409019161806,4.51322911034925,12.4303519439462,15.2947035732593
0,-5.19617221265084,-20.0800685923495,10.0369520981368,10.6189640516838,11.0873878894775
1,4.13139374197431,2.28851431476792,14.9848104438037,11.2932007541187,18.8227394930055
1,1.79847391627939,-4.67462505322854,14.1669282493075,12.7595826607452,22.6191658057522
0,-6.91070900322923,45.6351408302529,-5.47202436512076,10.4567017268813,14.6800977561136
0,-5.4722760178795,-13.7745273038762,-7.77289677567416,10.4535175587161,11.9432140095676
1,-12.4618979831621,15.4076356010877,-35.441175013912,13.8235712682976,22.5537017651423
1,7.40251289185391,-6.49600716395382,-0.436857262336829,12.9621942103744,20.7352865161829
0,-5.19758224763524,9.76742258595271,0.869360354569696,11.7116470503186,10.2936310345247
1,20.5523431219643,-19.6614356553122,-5.11611197704381,11.9332158690571,17.5996455567459
1,12.8368759164952,12.7280593225396,-6.87366024011855,11.0270197094171,18.1849913210244
1,-58.9639012287368,-14.6809001671285,-37.317696183593,11.8388679666759,21.8242708036203
1,11.932525958966,-2.00944286830422,-12.2815150289573,12.7839765304835,18.2333213124689
0,13.9544155945216,0.624364319551023,-13.4685492597023,10.8861811884455,12.3294921707262
0,9.93204504705529,30.0452507700973,30.1794138200014,11.3398803901373,12.1259731450969
1,10.7931665990598,-1.71476948004111,-14.7618382809335,11.2747698156117,18.5996598680198
0,-4.87572595345471,7.10275877651407,-19.109715673942,10.5707990691785,11.4104802411255
1,1.61918031390304,-6.02086382175662,-3.75284431997267,11.9192323548667,16.8527024628373
1,6.1386880880215,5.65689647412159,5.17059397877925,13.1398837465625,18.6982575399239
1,-10.0037167465778,-12.919511046269,12.1623522995702,11.946729283383,21.418325047888
1,4.14561014703902,-7.39775522958637,-29.0603656922491,9.62057436511867,15.5843265790346
0,-3.61507828873837,15.7661954414259,-7.84351112400612,10.5768636173989,11.1597400687664
0,-4.57351499742372,4.84610490534463,13.6046644055225,9.7942168798679,9.47059441872912
1,-4.24240456763386,-27.3584405221457,39.7033585007409,12.4502824400264,20.5920211966474
1,-5.7921607685665,-33.5969461016813,8.08352564021119,12.5046380508017,17.1275815023763
1,19.385705372381,-7.3220967272524,-20.2275377436662,12.1487691209392,20.0040422335347
0,-7.83750716847476,-0.152914373165775,-11.5875076873703,9.41532786988977,9.49579198084562
1,27.5669429652256,-3.07775616261324,-44.671797705875,12.568228207244,19.2601856973139
1,-14.8848074312769,10.1216220087424,9.38803906297507,12.8070007363894,19.607237630581
1,-17.8102808016836,-30.9913927442643,-39.618948460546,13.8235815917017,21.2246626836006
1,-8.10332459913723,-26.7476935028732,-3.33545000249743,11.9939759335686,18.7224940901523
1,38.558898799412,-6.82886205779739,4.20093236501625,12.0035293676671,18.1069394038721
0,9.4643082440841,5.68527796221181,-2.56210710215592,9.51763213645273,9.59294893940825
0,11.7159230283865,23.9632832877841,5.65122647491083,10.4487270454079,10.023807129738
1,-4.76065439617054,15.6900761975925,22.4586201026148,13.3886841386613,21.5817727339469
0,-5.11472922751771,10.3752942181677,-45.1933787933619,11.9565810629678,11.6254053162717
1,21.763637598185,1.18477317778124,2.42568212098478,13.793210852747,21.8216181751986
0,-2.82972658979326,-12.1804888212638,24.339365244751,8.4216232107669,9.98625209638558
0,9.6169802727792,-9.02937943134171,8.56143850592565,12.6192719671886,12.3802342525091
0,19.5348505256487,1.40150893441456,-0.0371344729675449,10.8176428357597,11.0061156916883
1,-12.1522843752518,4.7406277035983,-30.5486341135403,12.4359781557005,21.6783748467463
0,-6.79510890181463,-6.54116202653304,6.2912165571665,9.85174074139262,11.5930265999051
0,14.4818031525278,2.55895831986467,-7.69776064973751,12.2732839094386,12.3232756905371
0,-0.381764213579207,-17.9357517856963,24.5655937807028,10.3104044777961,10.0206209936614
1,3.6958118003559,1.9052185633378,-66.6347505347918,10.4698368596215,17.6577720010336
1,-7.98178531184812,15.3198589817357,-33.4412944724434,12.3327673098951,14.94993940656
0,20.905986236623,-29.942371034224,-7.32293559502869,13.094052367075,13.0169824433878
1,6.76697487273715,-8.6848108708504,-41.3238534043526,12.3062925936357,18.6112553264085
0,2.63626716207634,40.852564059045,39.6695259471372,8.58835836211336,7.09179854711133
0,-23.4385089974612,9.61594585403347,35.7936988795859,9.95008605565183,12.1646669232588
0,-27.5650596541959,5.13073386845065,-12.4144830520604,9.58578372302924,8.77696051361681
1,-9.36618209715445,22.5714597123517,1.20784296834614,12.6181691111332,21.3605453290464
0,26.9685854475714,25.1192311724297,19.6287888862431,10.5252413285865,9.67562765612746
0,4.63644450938363,21.7066773269855,3.60255522290143,9.68616570703864,10.6470861753291
1,-10.8934143575324,2.00816730701084,-14.1635252930351,12.8454339985693,22.002595866131
0,4.60748929281854,-1.38075162606036,-0.0906810589937352,9.77514984658796,11.2575872129811
1,-20.7293005113348,-6.72530688519507,-2.98744460345124,11.2192336188854,18.8537307800916
1,14.0309600088683,-1.72249393248185,-12.8657659305541,11.794296711487,17.5018869441263
1,-43.6610771106129,-18.3131917133619,-5.65028193708308,11.9853252521471,18.0429921270716
1,53.4444049505566,8.86695201330422,8.20403539802088,14.4461788262216,25.2473529051051
1,3.66401677844169,7.24507616012455,6.24661136730241,15.2438719473989,19.8175353495211
1,-2.36240193754178,36.0720637692866,-23.7492027809818,12.885359702881,21.4525989147407
0,13.0777691164777,-38.5730347086066,27.7343088553968,10.8184269123104,10.1884000419549
1,13.4381015271484,5.11683637245571,11.5683665533923,12.8263767562426,18.8947821837915
0,15.966928930714,34.2968491636341,-13.0909828197266,10.4024856386485,11.8332767190647
0,-1.30219545898186,-2.81861399076987,15.910023371562,10.395666785287,10.6746382094702
1,-8.53192480599215,11.1094824509523,-19.1658711121137,11.4885605167458,22.4340173580726
1,40.754260937597,-40.7399857240156,13.721846602704,13.6062242945227,19.9232077806221
1,-20.1126488899185,-17.3138981607945,-9.34822612161504,12.4762197143861,18.39965925171
1,9.14327909897974,15.5131478766786,-17.5689674334561,12.6918963876296,19.3899992323837
0,-3.63989357974957,26.5214234394038,-14.9625848893197,9.61143222425947,5.68901944996361
1,-9.65240575663695,-4.49475623195257,13.3546611603874,13.462803116395,22.7884014547883
0,-12.4382441107789,-15.5634292344455,-39.4090355575695,11.8366385425095,7.8915655422905
0,-42.9767209769515,-14.6909579809451,-15.6176009503843,11.5103500755757,11.4447933071426
0,-12.2766975591856,-5.24923545953805,-21.4411454989582,10.8833349205096,10.9484680524745
0,0.112713966654349,8.51082737780543,0.991598373042033,12.1338189547662,12.1875599523507
0,-19.7134474634892,-7.61102095890701,-0.269497732147066,9.96525854891841,10.6672342282475
1,0.640993733064988,6.95380105135813,30.6291748306656,11.3950909480324,17.6679894343397
1,-16.8208973911899,51.226177427062,-1.97916132746344,14.3792244492826,22.2429219168359
0,-1.45132018149696,-19.3294175743098,-33.4251011091324,9.56203946617413,9.06905141573238
0,5.7543961076269,-2.43490094188893,19.0311008431713,11.7818078885096,11.9632315776311
0,13.2274223920376,-5.47378587607489,-6.74330229362977,9.54644292519469,9.73210377364351
0,2.15987950605546,15.4022743890359,-22.5427435706448,10.3829693869187,9.01200721402433
0,10.5184786833662,-43.6714228237081,-10.70669697493,9.65592021780598,11.0433648755967
0,-8.46575357774691,9.96761344325943,0.071187505197805,11.604105787195,11.6969379483567
0,13.4357950574146,8.25445867275192,-8.89640374682234,10.855472680669,11.8549818546505
0,7.63129835998966,1.74582275935619,-3.24095460838919,10.0676247644942,10.346898403151
1,0.33035712542262,-27.4986075286534,-18.4121325397307,11.2967520535276,20.5285101583007
1,11.9643998831208,19.199341286189,-4.74069341361148,14.2504675694554,26.0782956750743
0,15.178532635388,3.5264265200677,7.4815841162308,9.7329049502616,9.64383456847202
0,-3.22259420342882,-1.79660083173499,1.90498227518803,9.76953030344305,9.38348975081222
1,3.91620274778975,-13.6291307521119,26.5892986694106,10.3538006057813,15.6680383843862
0,-14.3546989910911,-2.99855011168458,18.5948875493904,9.91129326315705,12.2392646671533
1,1.51801978249234,-6.10930609747281,-10.0369824664191,14.1112050210324,22.3461356356893
0,-2.00958973911945,38.5670544857293,-10.3291189602012,9.89626006163602,11.881133043004
1,11.7296518385985,6.22659690129307,-2.56221632803431,11.1877589461528,18.9780811090524
0,15.0549918149824,-9.98775536463011,4.12730100024132,10.5405589244882,11.1388794712476
0,-10.3109155172265,4.85281910032392,-24.273656665501,10.1018961755985,9.03486258854788
1,-5.00178677866081,12.0604403265572,-8.69383265999826,12.1275112185993,18.9015373533348
1,-5.20406937372342,10.4014543783349,30.8983206305089,9.81696171179471,14.1842917317533
1,52.7633604849612,-5.44707081513459,-21.9490931388131,14.0730171053712,24.7208307788541
1,27.9037600669287,4.26155151995143,-20.6900071995529,13.1299347896332,18.8069511833383
1,-1.03997991111843,-23.7096055598964,13.118345054224,14.8560052171239,23.3993751501637
1,-14.6310545472723,16.0240556570983,-17.7405053075621,15.2327015914439,23.3669327125522
0,-14.6404780544803,-12.2224851839775,10.0675411508319,9.85409388912591,9.61196549734758
0,-12.9164582991297,-2.38094187514736,0.103239268627243,10.0153935190251,10.9468660355603
1,2.68755080036723,8.66413862305245,-7.14968941510222,12.0487254513685,17.5601892440501
0,2.94387997614579,-46.1608400839951,-2.23964423805867,11.3196669828209,11.6062705238879
0,-8.05624517648944,2.53569658400513,1.27029391037166,10.4783761504818,11.4172128507037
0,-3.8460146176738,-6.52443856345556,-9.33931615274265,8.73530210501421,7.56559727074457
0,-14.8829721335325,-18.6989505323594,13.1938259559867,10.1528774717898,11.0407810858635
1,-6.47715096971036,-9.43987599289092,-52.2477053753365,14.1937301694667,24.7322834900714
0,-1.84597038899728,24.6878768509478,3.8082427591927,10.4526258764858,9.51337906063518
0,-21.5434635000844,-0.992780047470032,-30.2828147462203,10.7337538109653,10.9123796603826
0,-11.4965939626986,-2.26021767133421,20.8738402448197,9.97600455925299,10.0180638577478
0,-6.36989880632044,-3.32835925701586,-1.71053267621792,9.94798374879465,8.45365571284278
1,-9.27130574177457,45.2459638733907,-6.62841549933449,10.545055062111,16.7450439418692
0,-20.7713582719329,-6.44254144805818,9.26047793261675,11.7362201334031,12.6869488319607
1,15.7406561288129,14.0655721047342,-18.4090687995559,11.006909093307,15.4541580204654
1,5.55410762774964,-16.1165063164963,-8.11656876455885,13.1787898447609,17.5949604818495
1,1.58908819280558,20.2317314321918,-0.336673155397232,13.7598121218095,20.7164190249072
1,-13.3280127904088,22.2112964592999,19.1817148698221,12.8457380721358,19.9657792205856
0,-8.51283677417129,-2.23269427834249,10.4951129156988,9.00694290643477,7.5044688298926
1,14.4230451332888,33.4220089317239,-5.65477260217874,12.147385084113,19.9920286558573
0,5.18896867123371,-15.0282618391294,5.04119129832532,11.6204558419081,10.4844072466053
0,-23.7912191059814,-3.84257174953873,27.2570854438327,9.42900126752689,10.1530939456794
0,10.8697921166284,8.95066334535651,-52.8424258584327,9.36715668109679,11.4901454205254
1,22.7893377068195,2.85505286424689,9.4873171864828,12.1999857879314,20.128237168311
1,3.33840988670899,-16.1837794367262,-17.3789457663839,13.5394173359225,17.1007324114337
1,6.94071393913085,7.51277159070521,15.2486545856286,11.2190776338539,18.8703393368599
0,33.52735357754,-4.7272766689682,3.02797842011164,11.1363458467577,12.8028790973176
1,10.4686593037472,-7.74390534685411,-0.516354382091918,12.0152904743914,19.1908290345319
1,15.9637476141746,-37.9731688368718,8.92941885087538,12.0176936423835,18.5847010714998
0,7.64052547357837,5.39206403467461,-11.5057368780474,9.89341683280821,9.49136480480282
1,22.784169342957,-39.7423279592989,7.29260281729181,14.0670074785596,22.742392585467
0,-5.29326666008397,-6.55053516368654,-36.7142969157101,10.2340156866171,9.25768403600662
1,-3.50301924499339,36.1874083231871,16.86428153435,14.9958794184481,24.2801794613704
1,-26.8344581513911,14.5971425042208,2.06848410017391,11.9239187554609,20.8010817243856
1,20.3441976589154,-18.057554006119,38.0980186617018,10.9395521728317,18.9081413496579
1,-18.417490044408,-3.08629308008244,4.22481054979656,12.6269176161241,20.0295912513437
0,1.44920734215118,1.74576859320414,0.24085705322989,9.91819016879308,9.94852856575971
1,-0.126016122494444,-9.43706306535856,22.077878424937,10.5219225233522,18.3957290060657
1,7.55379533493431,34.5759240199192,15.0438959572185,12.5214801521889,18.3467840850074
0,-6.12466536422909,25.0956183516911,-5.85791164615138,10.4497844668075,9.51457667105309
1,1.95591778451076,-18.5043706832991,53.54958446703,12.3893126098582,20.1269443511126
0,-0.590617177101768,-20.4075017568539,-11.2320506283206,10.8114730093203,10.9934164379144
1,2.43759750252721,0.0666960405169179,-15.3006429316895,10.6062524613544,18.1441678359489
0,-5.92393249530793,5.2652373252386,14.3598512152419,9.33942352116938,9.95712249790789
0,41.1714994515618,3.40912909353086,-15.8092476410449,8.97333337929741,8.47733774970494
0,-12.5904686593396,-9.54540910839994,-10.3916486268528,10.8610862796886,10.0657712912195
0,10.9684367993222,2.71771391427125,2.6757569199857,9.7801929713638,8.63605631263583
1,35.1701260870605,-2.40664819686275,7.54038121161988,13.3854976653496,20.048590404556
0,-6.43652551338204,-2.02587332242264,-9.93658745853761,8.22457357685376,9.31761834044645
1,-8.6273196364123,56.5455631550693,-15.775465716755,12.1470481270639,19.7009465464976
0,-15.5753892256571,15.1137888340766,-1.35234362596458,8.75966250732379,8.47704981404675
0,-1.65825811366107,-17.445170313444,1.61803498086766,10.276672348611,9.86146014020004
0,31.4085277982367,-4.21312755297122,-27.4912305974795,11.5316271392629,14.6147708752478
1,-0.953311421615738,-10.0743456546101,-17.3603823312219,11.9217448218534,17.7519952896908
0,0.208091063407171,9.71951366825713,7.97871480562035,10.268889791188,10.7415193401617
1,41.2995580125826,1.9421667455872,38.8271846222737,12.524877994986,21.3533324156761
0,16.6003422143551,-3.97312842034153,-4.15522684888324,9.36197199048137,7.6692155488962
1,-35.7190713473197,-25.5037513678659,45.1211865137789,14.5075066399679,22.3155246011487
0,12.9251136966953,-13.9992366317095,28.1157220585475,10.0442519867381,9.49318029697293
1,-1.89133184730477,26.7442831376724,-10.9321947802913,13.9409512559744,20.4440986795925
0,10.118768540923,-15.359249246473,33.5405097203391,9.13325448099123,10.8805002421016
0,-16.7351363999834,-34.270919452676,16.0324329369634,10.4857547448474,7.30782484738551
1,36.1277137143196,0.561989134832196,-0.712726042329316,13.1379892291286,21.323363121693
1,-15.2445780613363,3.97733872025059,11.3997500316534,12.9797053091865,21.2612060143929
0,6.6728863439359,0.0495922914536512,-9.33553020205243,9.52845270837013,5.89526656175556
0,-8.1728615851472,22.8777248143001,54.0481760158808,10.919069721139,9.39297032047435
1,-59.5513166894359,-15.8262911628939,-29.9982120680013,13.1067162914103,19.4280993411585
1,-11.2894793964699,7.45441325692859,9.73582171137654,11.5213926793956,20.3125122176689
0,-13.0325607876271,43.5040746489704,-15.2041396366099,10.7057863045645,10.2350380117259
0,6.37156434139305,35.9056939427222,-23.6540892039545,10.8814454914469,11.6650600526208
1,-21.7375713049618,-1.78425936241496,24.6094543309243,11.9445960122462,20.0906941523225
0,1.49315557569006,-9.88371568402472,-34.9137928651996,10.4608892912908,10.9456760388209
1,-11.7487073448609,-11.6570059427398,-11.8136847810155,12.5348588400695,20.1957537003532
0,25.939155278445,-0.656836724020492,-45.0379798478818,11.0971448062716,10.9912399824358
0,10.3030680167691,10.4874640095232,-8.78205434479167,9.91055916853083,9.68122499810214
1,2.17082148083459,10.097719177469,0.386955555831974,11.1724062811065,18.5730999267136
1,-3.48474820956043,2.91839588706983,-41.9242769106527,12.7563102224206,17.6225357736216
0,-12.666435828395,-1.27335514335672,2.02879003018002,9.53391083410094,9.3032592896866
0,-39.7666909067199,24.4273607482475,4.17246530235681,10.8264779480488,13.1659511948549
1,-2.65377057009539,11.5428773847224,38.0817617202558,12.6718462059492,22.7964389721424
1,-4.66310921320639,13.2029515826895,4.08551275663105,12.6107730891362,20.6460630852236
1,15.734501747848,13.2298832425713,-31.0005298172441,11.985350486915,18.0319984414121
0,14.1614016994036,-0.880532713477315,34.6348797804214,10.9331198690538,12.3249129734025
1,3.64514412594369,6.12847092919209,13.3269811533681,11.9915512311197,16.2658917418633
0,0.370026026942351,-21.7971765376494,-1.14997378517389,12.3766328539542,12.0694319711753
1,8.1514303719036,-6.56779855491878,-1.74046326218225,13.0070635123436,19.3588772393768
0,3.77802341995145,6.93121929419586,7.03951439957688,12.6939967205926,10.8262847750802
0,24.9121469909282,-11.4264565032102,10.0474805127663,11.9830522488694,11.6892328216206
1,-1.3373592646785,-47.7997915169526,3.9410690767363,12.5127064656756,21.9602642598937
1,-3.90563577272909,44.0455241606748,9.39944895847233,12.85314378696,21.5341724883246
0,-4.60982659140705,-3.93103688035681,-9.25527674040273,9.36216400486666,5.69008012101457
0,12.2390383665239,14.3699678242592,25.826201819779,9.8944881673452,12.9309074794048
1,-5.77027728969176,7.79602846269439,41.3143001775802,13.3170641860491,19.3264655358124
1,21.0199870281336,-1.72546094471223,18.6462693136064,13.2272496265434,20.030302155465
0,-8.58622919013804,45.9379954333215,-15.6452486982944,9.85755525906112,11.0283775113738
0,19.0384475175603,-8.02673945833668,26.731229280767,10.8320452998585,9.88811752540522
1,9.12254275839553,9.67141754829101,7.74658937724814,12.0643632246366,18.476351653669
0,-0.00304574345152765,-10.7430771613381,-5.18930140170673,7.56629773697703,8.69545989198912
0,0.024072401195422,-5.34937963690433,57.2863905983629,8.88561877739844,11.2026745768236
0,3.27105457813134,5.82228163516702,61.1491068356114,10.9991389605351,8.94332657094352
1,-2.10545014774838,-18.6717217366787,9.26279182621889,12.7197470043956,20.4150071622491
0,-12.4331384573928,-0.615936030835205,-8.40092434394971,9.90219661331241,9.19672990227686
1,-16.6661603054211,-22.3024380926322,19.5160609967482,12.115343529825,18.1296205937755
0,-28.025614775831,14.6758861034339,4.4011845017912,10.2819629571242,10.5852250898111
0,0.617521387710299,3.95743455717731,18.0564236607521,11.2154021295123,12.4805363782562
0,8.02247247779063,-11.0306933367677,7.40804616535917,10.3112861519245,11.456098693604
1,-0.37368359755113,-30.2560291396583,-25.6927856248559,14.4180641798271,21.1313756013904
0,36.9789390108738,9.16280796739332,-19.469062066847,9.81339318964974,7.65313817738527
1,8.58795550067428,-1.04834766464458,-11.79206409811,12.8862165665046,21.8519363630321
1,6.27108375931005,18.9987968866202,23.3258813528359,12.5138241186547,19.0312631069542
0,1.1859926725764,8.86259907888348,9.70897097854361,8.29935041341323,8.13886875372119
0,7.97103703579405,5.55187722603699,1.73963549836187,11.1102618602966,12.0697981254466
1,-32.5299214254238,32.3784849754832,10.5980748828866,13.2187881118883,18.3517115156357
1,-8.62781928519267,1.19221312813638,11.2349013103094,12.4770248603232,21.5487376211844
0,-1.15224754467508,20.0482703907349,-15.1057313052432,11.3912140485982,11.2226811715633
1,-19.4403063422692,-11.9814131230422,-23.0551709632551,11.9271465687345,18.4905411429322
0,-9.43773149082104,-21.5405284700132,-14.7464849855035,10.7411202227239,10.3629156292018
0,30.8567144074672,6.37282679424947,18.3998384624162,9.86972577700411,11.8609936567912
0,-1.22554763006427,-1.30762532143657,-19.541797589717,10.7563624073555,12.0688455363211
1,9.46705695103326,-1.47325920323582,-2.78813678817896,12.9166494345251,18.9144957991129
1,-5.58199329536461,16.6375299844986,0.748706500920285,12.5447961143335,17.7971515389602
0,-4.18811398609977,-2.33178718297372,14.910248388868,8.87890881545592,9.60103269642028
0,8.37736305764612,-2.99882226991487,11.5417666924734,9.21536418282046,10.1530482053131
1,26.2990273885947,22.2826366806504,0.177603365506065,13.1833816329678,25.3225227703061
0,-1.64330256192409,-9.97508759122661,12.4856045151388,9.71437671526523,8.68108860774664
0,52.2175011443093,9.50446628162469,-12.4627975229721,12.0005246798827,11.3066704196062
0,23.8683307654596,-8.15413472538813,38.3421795335849,11.4553659266115,12.435207711466
1,-5.74825918972732,-18.1631672197439,-26.5608668780416,12.9691629951235,19.7004975005795
1,-26.8638650369415,-13.9360581210492,-11.8907620714399,12.7768245732256,19.4864571236281
0,1.67996687659842,-20.5958871709479,-28.0238260647557,9.40582809558991,7.97970778365452
1,-42.4608699957253,7.07378906260508,31.6939170924791,11.4031995171236,16.2404132590646
1,-20.892541119313,3.70228693465613,30.7396032682893,11.3611435401824,16.197580147662
1,-8.93047210366212,2.2271912340436,19.261037449291,11.7843665931125,19.3337276927212
1,6.70602124289657,-15.5424649300966,-34.3950185138654,13.1059169441147,19.834602841554
1,-10.1260800316667,7.67278696961318,-40.6535322793404,11.9746620531762,18.5011535296359
0,-13.0637769421283,15.3883172365839,28.5270895900359,10.6520480676271,9.97035185560533
1,0.306338287547596,-5.94545709274748,-10.658867317606,12.3982353114251,18.4133709288965
1,-3.59075593032111,-9.1265536764221,11.387175573093,11.6700389286412,19.0592270168921
1,-49.5337516462525,13.7617833725083,-10.7233872449628,13.4639667387865,19.9298729193932
0,7.22242623309742,22.1742892751964,-26.5827822688159,10.8399634277843,11.0753056811359
1,22.66044235026,-7.54108639712915,0.561250022600897,11.802498706009,17.8038621149385
1,31.9560527556296,1.59260994164726,6.63887489011543,12.9225725974639,21.7687076320158
0,5.51287847610792,-29.7482912387832,-8.41109428831211,11.740662900785,15.0141308137539
1,-2.17055151595134,-3.05872701734235,0.519461433589246,10.322699426812,16.6478932521283
1,14.6914363147278,-7.01732920381307,-6.71991236478399,11.8479156330987,19.5672455624473
0,-12.3937851255662,57.6241535729075,13.4820405321624,11.8276927029045,13.7299615653467
0,30.4259405801567,-15.000929526339,10.5422037640996,11.2310410946439,8.60501850369566
1,-3.9466052126986,10.7490854386257,0.169978137638197,11.0688447136165,17.3884529149677
0,-12.9669795823483,4.51266701768019,-3.58384071784399,11.5422359917686,12.7435953348332
0,-22.4778598632564,6.54230050078971,9.35002431057053,11.0822801178619,12.9409536398507
0,-13.2158314803902,-25.0283222541785,-21.4737604290766,10.6025629339706,10.5502095489794
0,8.77640132473203,-7.22250107447439,4.50835685369085,11.6799175974302,12.5374606280036
1,20.2891620365535,-1.31685114490965,26.4623852453009,13.7664870990974,23.7143420665152
1,4.15084698551412,-3.50904673559083,-25.7443054474031,14.2566248485802,23.0934868780561
0,5.6143984634778,4.68991317274019,4.48797485031454,10.7370927795924,11.0106087598009
0,-1.80969700331738,-3.15912436184102,-3.60755629944811,9.22985130552516,9.92437705799568
0,14.5673962281121,-30.1074487354339,4.89574672939389,10.0961663223154,9.99666486645737
0,6.47766501177789,9.33968254188964,18.8938873564837,10.9513165087501,10.3327021551123
0,7.12686015588789,-44.5719046667125,13.4121312879927,12.3325086924101,12.2294631016927
0,-7.82637944309087,8.55586710121517,-0.0214186557349303,10.1096714520717,8.21303939494483
0,-5.21458849059056,14.8935345345523,19.5457077847651,10.1946623212886,8.10815131868359
0,20.9260326169501,12.9222769795073,3.86409431805038,10.3578036767758,10.0413897289822
0,8.98299653985491,6.49782447788726,13.2383938520307,10.3835967640008,11.4476227965264
0,8.52603862238555,5.66916205146833,-42.792728245768,11.226773104479,6.05643585524609
0,11.4930256986389,10.5869096628176,-16.6593630979851,9.08431632992144,9.3454844547367
1,17.5164132780111,9.07777679197455,-2.81105142904207,13.2290590031081,20.2537372518027
1,-7.30796248579057,-2.25606413905885,21.5564829018635,13.6594917748037,22.1979959098801
0,-13.3474952612416,-7.14797168000329,29.2440935821905,9.43854672692366,9.6423536814934
1,7.55315544436242,8.87538097331547,-5.56681359989112,12.6308895767968,17.3053482657672
1,-6.47432435174234,-27.0002558071128,9.52589382631985,12.3787365675166,23.4200599324318
1,-5.60342789166403,7.91994789943316,0.0601765602618539,12.0079047345582,18.8327844458122
1,21.5767999931734,6.58277683521095,60.7080087929093,13.4168043137628,16.8830543447178
1,-10.8323264966958,6.45909517695128,59.3463713714965,12.5238260782456,20.0234986282029
1,7.04096276355509,-25.4206549673906,-11.1756352813399,11.9205836958626,18.3443857049291
0,-11.4743211329594,19.5582717259045,-4.995745397992,10.1334433861068,10.1428025437537
1,-7.96078476475311,4.75306450763705,12.9141659129945,12.6730605053681,18.8281817298609
0,7.77915773260605,0.304457987070873,3.54111329837877,11.2693516608485,10.6503153956754
1,3.44002323610001,-24.2682142617694,-18.0110739290678,12.9069495276782,18.9342242938697
1,-6.53227985656719,-7.34218556213941,-0.718220611780146,13.3613175591035,21.4623183908018
1,-11.1253932691679,8.78486293399378,-41.2645584039935,13.6061089755451,18.8952804357606
0,9.96262390393662,17.6142707005715,-8.50415285159343,11.6720941898594,9.54399847210311
0,-12.6946402913391,-31.9974224954404,-10.9115993199699,8.31358946578503,6.48241878740626
1,-32.2674452186526,0.573010546912237,-4.62019813975695,13.552016913209,22.3381615108561
1,-30.3505252663844,-47.8272137919756,21.323048265487,13.4705766417096,18.2082921369645
1,2.73655205330971,-31.0810990806435,-5.564602951139,13.7620677569104,20.4910417226154
1,18.8874137694118,2.40545830620821,10.9019286142042,11.8845609065204,19.3493409326984
0,0.588774417579667,2.49952525289013,-10.721667985216,9.03969911774876,8.84511031716996
1,5.24357893556997,43.114228566987,-40.3049236577047,13.8756720111861,21.7891644827901
1,1.24435945395304,-14.989415625007,-14.6641586563216,10.6366614307436,13.6702324829839
0,-2.63579651260968,9.57320414361774,-3.83177677261078,10.9664966411696,10.3714295589799
1,-8.57550814457007,1.50600857935975,23.337054888464,12.1278480635713,17.5784291930824
0,5.52236728669783,-4.2027170993879,0.300018831743428,9.3582370843633,8.38355240692077
1,54.6124766459623,-5.02608465330104,29.7931675761318,13.1082821474229,20.9828799862044
1,6.78681237107823,-10.8489840508403,-37.8567846483115,11.9826410803886,18.90469349522
1,-1.19273052813254,12.9762043171274,29.028791233973,10.7645330526937,18.3225343611655
0,-18.9906196481606,30.8589770389,-24.2614149210465,10.0793983033513,13.4760004524386
0,8.67253747970464,13.5326902391506,-1.34255865395704,10.7024004808456,12.6092414279382
1,2.09055265752715,6.83473143862867,23.6097043432973,12.2601954044722,21.9348129155
1,-8.16849099628446,6.58093643613108,28.59173682087,13.0438470522072,21.7202919786964
0,18.2555609353169,-11.479340564688,-12.1249678123919,9.32592528126755,11.4107501631246
0,-5.0464644506757,6.82955506957716,8.74175722277512,10.6413487892554,13.9823105064707
1,15.2055147349022,3.42541390800337,14.7707620191193,11.9785333099914,19.5132476322179
1,-7.3818634994398,-46.4492526503493,-18.2133651232964,13.8172333300324,21.0847248682736
0,-13.7283491152618,36.5191033018048,-0.691158864490178,11.841857653297,13.3053923217175
0,2.40580138393371,-25.0354831877358,21.3043938455344,9.49156433700622,8.20318137999839
0,6.52638903273206,-4.34674762569249,-28.3890391021049,9.08367168522224,11.7885504242517
1,-15.1350373900025,1.98838748236369,-10.3433551045726,13.7270780538189,21.8853234295036
0,-5.96652536494315,1.49121284287176,12.314359057035,10.1526462599152,10.5260007743142
1,7.11334657809571,7.09204981111704,5.03799313600246,10.33119447092,15.8259302142009
1,-8.62896494322124,-10.0095746330298,-5.34525193579738,11.3637870006565,20.8715915046881
0,1.52395181604889,-9.70668538505884,21.058275510561,10.856167397497,10.5587175045092
0,-30.1071891532038,-2.6649762132636,8.16548863534059,10.0160313523955,11.0012185680874
1,15.0026718112588,9.14877063543283,0.615481286790639,13.2655521959662,22.4839108124413
0,-3.92520378493553,17.8434468119424,32.413378804221,10.289639949522,8.96627488116366
1,-28.0347874343749,2.96913297959192,14.307403513504,12.379286014883,22.1831750052903
0,-0.489292358806255,-0.595818398290894,18.2244661296599,11.2832333415225,11.7407690468976
1,2.05264135822168,-1.38319636036826,-61.8530036614894,10.6326237527818,16.9383721707785
1,-4.31011858741633,-11.1676623706828,10.9060600305634,11.6729218703387,15.1170969858042
1,-5.90730858051921,0.479470425937991,11.1243320892987,14.0465399864799,20.5719617409365
0,-7.78137460562669,-23.6392551035125,-18.8839971890752,10.0454034948531,8.42600988485168
0,-43.328932058994,-2.1825184208917,-29.8011405628431,10.0842252965055,10.2842303565942
1,3.98585287691084,12.1242957511761,23.3865558770108,11.1776802969063,17.4883626792358
1,-6.26906895714533,5.59459812278151,24.5932422169484,12.3368903472696,19.2297643762266
0,11.4023459383991,38.0507671000115,-72.6393278537072,11.0914424912841,8.08989393381354
1,4.5734200011498,29.6678736963879,-12.8812997997432,12.4100103542803,21.892355912068
0,-9.17315174600754,-70.0850166521346,26.6770452146391,9.42772800736825,7.52845179104983
1,3.29041248983532,26.1201894424921,-2.21393172304816,13.1967492866421,19.5012141429604
0,5.19370969845448,-8.18085368340383,-11.8621590774534,10.5880732106516,10.0129676983105
1,-2.46391975935723,-21.2236855376469,22.8743234970982,11.3968464055531,17.3356463008405
1,9.03002869240135,-1.54461182421925,-23.1359432123922,11.9587935086489,22.9464402321559
1,-4.92400578446448,-28.4400372916715,1.82929366169449,14.385734991205,21.8507966059345
0,-37.2977069458418,18.8987714603483,8.70334102576256,11.2019080716076,10.7520264953301
0,32.4249127923955,-11.4983947711813,11.1874337207255,12.1817189146573,13.6280967896681
0,21.6770500862004,40.0378008142182,-2.04948662300322,11.5509746897826,8.9784133858753
1,-2.60210251032788,3.29699840599393,-13.713879608737,12.2405636250165,18.7651513979375
1,-5.41073668609765,14.5546754400438,28.7147996868309,12.8133970926917,22.3695952171414
0,17.9971002853044,4.14572908531467,29.4774697417837,11.5604522822403,10.4118040851503
0,-7.96737708952601,-16.5283625893926,-9.81803772129238,10.2277374181259,10.7833770343322
0,13.0241559691027,-23.369120917606,14.0263914738312,10.5644985271173,10.1836423172804
1,-19.552380191665,-0.227872477342081,13.3231571548432,12.8514667652364,19.2813114064102
0,11.6785910066599,3.91180393772523,-31.4247050079484,10.9377681818799,11.23811503368
0,8.40685954129657,-5.97578949835668,-4.35323469041982,11.0305620258565,9.91570926012323
1,-19.3363376806121,-13.4641638080263,15.8463179102089,12.1611259921577,15.2583194805608
1,30.5754590138492,-14.8403349456055,39.477859793276,13.1999807074347,17.6735364742586
0,0.911246570934084,7.57228677129272,11.2166813548608,10.005692638981,8.82110260905302
1,1.90122548955669,19.8990916697974,-7.41192250874845,14.7230181284598,24.8196539328239
1,-43.233051805649,1.80136494452296,2.68578927207604,12.9779326959335,17.4349709127282
1,14.4744600438346,25.7706571610244,10.316064213663,13.4165352700783,18.2753930575876
1,-0.598365703422868,-9.13482841007262,6.24766733772337,10.8703648471924,16.6766990107509
0,3.86357070345297,-13.0779201643962,0.690160866804723,10.3668816157049,12.2067270534327
1,-20.7176540134203,-1.92812230068603,9.37799797127858,13.370558564795,19.9464885039193
0,-15.3824868747417,9.24355415755327,20.4678488301956,10.3401675682867,7.30383577132226
0,-0.0788393337353323,18.8751798177627,8.91757183494758,11.6724707930359,11.1534658100554
1,-21.1783510585789,-11.1470831506466,46.2992882632417,12.7881492113578,21.1180855873011
1,4.33237867654933,-8.42401193566266,-7.21353717570867,10.7788081232084,15.6845719626604
0,5.05704717599853,-13.5390003016794,-35.343765896609,9.44666148411718,11.154701016771
0,1.42719518626394,-43.0207464078022,6.83973330794889,11.1802460877544,11.7991022066235
1,-1.71144652322493,-23.2774516479321,9.07796029715613,12.0053857113362,19.6128245026943
0,3.52313207808193,-9.57753802023263,-71.2442882790946,10.0877527579576,10.7245930579646
0,-10.1373762287673,-7.11981206384224,13.3444948369119,8.90409785102932,9.15680157594292
1,9.01686319388724,15.3001558167665,-28.1420962790228,11.5978410107588,17.4452848526525
0,2.9893226975204,18.071519264025,7.02963870638165,11.2230877375138,11.3296440503375
1,10.5174271226269,2.85824291355937,-42.9288692957905,13.8746636870843,21.3232299509451
1,6.05702846390785,-26.8594007840448,-9.61295216026762,12.6444443963652,21.3719837157103
1,-14.9697435805061,-10.309410695412,-11.0492158546588,14.2037657907078,24.3218502279697
0,13.9848869471408,-2.37446986373935,-12.9935226317925,9.87801112976731,10.6849824429807
0,13.0323894990037,5.09167408561222,-31.292066669724,8.78415498182227,10.7395189987299
1,2.44948089576724,-0.579163937395531,23.0799397109321,12.553866770892,21.904870837441
1,-2.29723894427245,-7.33224951559137,38.3149942077883,12.9276518095907,19.8558721187393
0,4.78853921000732,-5.92545489416749,-14.8977178593847,11.7765370292186,12.12063039311
0,-3.36422537850111,-20.8465053616182,14.973789221371,8.32572517184222,6.62619452307213
1,-5.2276990524754,-10.602441954656,7.85308355530619,11.8235125324213,19.7090782109989
0,2.92910498110249,-14.3906775997302,-2.9140947581883,10.8555801704016,10.7297313324248
1,12.7870336584103,8.84144352698278,-28.9577323622856,12.6337864268853,20.4319359027441
0,2.65213214926942,-14.4385638206465,15.9522400544209,8.80385529218258,5.53949100641772
1,4.07162925168307,9.24869610356384,-16.3562240745111,11.2761883167259,18.1553252961965
1,-22.4822538412474,4.04102150423127,11.4788816184924,11.8402546412517,16.8152567394189
1,-1.70191247837053,11.8381286700321,-2.25587846354726,9.96851125737604,14.9932798369965
1,16.4380710764762,-1.35740602930322,-2.03602689168997,12.3880659159171,19.0497974973438
0,-3.93547883217057,38.0258975325383,-23.1955047875908,11.3273817122091,10.3347569707291
0,14.7696761666369,-4.20699480224654,1.55751714804588,10.4444785522435,10.4941761210866
0,-11.1208467456428,21.9959832692814,8.87922295815838,9.20332656044541,9.89490685077013
1,11.6649359961891,-1.08054282843459,24.1471202066887,12.6181380135539,18.049304195586
0,-7.08104251316723,-3.08413051778646,-41.2481263034585,9.50083869977835,7.99084697832801
0,-0.431854705401332,-3.1768968456139,-9.05558081470386,10.0875450688386,8.476996064445
0,-2.76740104309953,-1.9057890501124,-0.837867196870301,11.5353891239922,9.66830892692866
0,-12.6418196110599,-20.3522239723087,-51.5184528849705,11.2823082442542,13.6040052230177
0,-13.3262674872955,-8.08252403646976,-18.3358846822603,9.22710124813125,7.99759655076307
0,-22.5993545938547,28.0786170609929,3.06657137110597,10.8805054952933,8.83333434492864
0,0.75474218225787,34.3292686743023,-4.67799437309252,9.65175814699158,9.73749953048964
0,-8.89993876632627,29.8975038807977,7.05667579650142,10.7760927492233,9.53251530696962
0,5.91932029078492,29.0240293566275,11.8445349261025,10.3211929169633,11.0058841357308
0,59.6563672618833,4.88909265595786,-2.51134641913531,11.1771827826695,11.9205795495561
1,28.5603616010105,-8.35694271757126,2.60760019167582,12.8390516492084,21.1537673517499
1,-4.98764391609923,-26.9081858496661,27.2647239140036,11.752009650741,19.814693006674
0,1.45651118673083,-17.2727266028866,-6.22843266324913,10.0353278402743,9.98464690361692
1,8.86173144508083,-6.33305969954426,-27.5152224862199,11.6233984551217,19.4042293920286
0,7.38906177416727,-4.92257521959184,43.9261699475635,11.7905257170884,10.4042491882523
0,-5.69619059472975,-26.290580856841,1.33970529835775,11.6414669572428,12.2823977369908
0,-4.55317221833374,7.62981578735687,13.8759061869435,12.0159447328864,11.2885669461979
0,8.36833469083853,2.63787600785886,12.0071178844522,11.0222900802444,10.8323330746428
0,-7.88338505721344,-18.1921182233985,9.57598474841464,8.99468143392238,10.3351569597925
0,2.44275616935234,12.8239862837032,20.4688505002072,12.7162322035764,15.3134795220846
0,-42.1622803359881,-33.5676175060457,21.3780922732006,10.8702369148234,14.1196731599386
1,17.4106899886077,-31.3341603795171,7.74362130581488,13.4259719372226,19.5583413019389
0,4.27116436409322,-7.97611753366677,1.89837479667001,12.7399812679755,11.80319293553
1,-3.34827954088111,70.4896351148965,-4.41779842349149,11.6755597991116,17.7778780126824
1,-10.0208463148328,-19.116370330417,16.2443910498116,13.7403898146835,22.1393153363369
1,7.22878357311527,6.96412302578424,41.14469961904,12.1141179944759,17.2511313742833
1,-15.3986212975725,-3.29719077221967,5.3887359762197,11.5995650280555,18.9402065796021
1,7.66120966851589,56.2291149887831,24.9807600439789,14.1146304519658,20.4101777341042
1,-3.88707253697597,16.058640517965,38.5274998286903,15.012638505343,25.5952964870818
0,-5.45310210413143,-5.26780169686726,-45.9562260562576,11.1830353552979,13.2610852941731
1,9.9393142702858,-6.77884640245235,-12.9986680215562,13.7755805744086,23.3159808656984
1,-37.0315484374825,3.22044061297425,2.1149367087426,13.1342652278883,21.2063748464102
0,4.72348563765795,9.94513604511559,5.90269423987823,10.1685895919013,10.382860574314
0,-5.29819157548376,-8.55358639860371,2.26975413346777,9.41340473300418,7.39867046484873
0,-28.4794848326174,-26.8460475555479,25.1657465958094,10.4889249208439,13.1365976959807
1,4.68619396910292,-9.55249758671203,-19.2098515826538,11.771405834538,18.0971661753698
1,-26.7343855235726,-2.92382019414852,18.1579912153701,10.5308236374583,16.3484406942105
1,-19.9649424131455,26.277683750644,47.3250758290974,14.6274053182835,24.2810308343832
0,10.2789003672509,-24.8725756915631,-12.0207454143756,9.5147377661326,10.680091981084
0,-27.8547395856456,9.35022600698298,36.1075016403841,10.6681373450616,11.1295836729996
0,-12.1375222637751,30.0137649526122,-8.02554801055334,10.8820038312566,11.3331789739154
0,-11.8499077464613,-6.02389010685218,-55.7966339066298,12.6407504515635,14.5061639944964
0,-5.46202812879288,-8.85654694020616,94.7852262778373,10.3258870694764,8.55107511888772
1,-4.71616892744342,-18.3291670575358,-45.1683529260592,10.4997484459789,17.4732536908335
0,36.2740316945956,20.7201617410029,2.80286941882953,12.219373589243,12.1588470332819
0,-14.5679161933686,-0.328545916626195,-19.4193444615529,8.48040454587566,9.45835417362561
0,3.85631283263212,-28.7239636616095,8.44483162985593,11.8339177755348,11.8717507126413
1,-21.0053354307325,19.1907355861749,-21.0003308435858,13.5521860441643,18.1955805003104
0,-0.45712597380992,31.9962117139252,-11.3339578686253,11.5663496353232,12.5675461215285
1,-30.3484926637653,27.4915341942875,-20.0106853040127,13.6097708793569,22.2641952308338
1,-9.98991832337548,-6.54744850492722,-40.3333738909971,12.9658758838632,20.3378037121936
0,7.42637466099882,17.1605415985881,-34.2186223464389,10.15664280859,10.6630490548648
1,-5.41384898678469,-6.60707513426773,-34.6767742185718,11.0168850776955,17.2699622141925
0,9.5411653037989,-18.6774065833738,14.0242681452325,10.1975341190428,11.7692092831427
1,-7.42280418967503,6.48266562467996,12.8901574899164,11.1917320032869,19.6688734044512
1,-9.35664353243294,36.8358798575115,9.26899795982923,13.980979348976,18.8779215004527
0,11.1771852192387,3.59504107574716,-3.06906024062516,10.4463817121314,9.96445940289454
1,1.28289046241488,-12.213440672751,4.05852113929209,13.6019095819933,20.1097312782248
0,-9.3072906235574,-7.14301622233663,-3.59156000506489,8.66606192420955,8.45414387689634
1,-4.69780717510352,29.9444877209443,-55.6437719929733,14.3294513307328,24.3837504659908
1,-31.058278769759,19.7165159310917,-0.0473470593814542,13.1326580231233,22.633549409102
0,8.12700582561366,6.24716023288662,-19.2930375739686,10.649377970831,8.06777439935528
1,-0.401976149830585,-20.7505783756401,-1.42823114896628,13.4495094107946,21.0426487454928
0,5.90122079187478,-4.22466905234911,18.2737171783761,8.68480676262013,8.57043180967045
0,5.82083907543624,35.6366484185416,24.5524536111426,10.5075371505492,10.0576123395248
1,14.9803357752675,-15.7450688955629,1.32998526050176,14.6038483659637,22.9013469975503
1,-58.9043588564315,-1.31853482271471,-6.97330700154493,12.5460424441936,15.2880300956268
1,11.8830958940312,-52.4142956630964,12.7503342878555,13.6678057519411,23.5278820679549
1,-3.55149516038743,-17.3268680187826,-5.1742844920392,12.2522400438684,17.2194230098599
1,-7.34025582982062,-0.217429162478171,5.09561836611592,12.1481398091093,18.5118870318697
0,43.9675530288002,-21.3140439528064,20.819977505305,11.8298554982445,10.8497274034152
1,3.09557417893854,-5.65804993298768,-57.7107294399508,12.9364658035595,22.0220393558319
0,6.99496922008299,-19.2177048694291,4.32404686180567,11.0293907532526,11.1447322025109
0,11.7197919921602,-5.70976010725524,56.906868329283,9.39095106193815,10.4490185311528
0,18.1518067075746,37.2893844706724,6.00588541347177,7.3730909182135,7.3267492792836
0,-1.17866991857951,-2.94546723618685,-25.7144597298704,10.8716442964324,11.7037369959908
0,8.88267349227877,-4.84848551521803,32.977208362574,11.3225131428088,12.2979222598031
1,-16.9917983494183,8.26651784987451,29.4825358111381,12.6495733423969,22.2147189060047
0,19.5402041442739,42.6524050104574,-2.63530284596339,11.221463618533,6.37526771356833
0,-1.4241353003927,15.8809710371967,0.895496215046875,10.92351567031,9.59470651349383
1,-32.375832877828,45.4570356673762,-12.624416187851,12.0213217394612,18.7819851713838
1,16.1822983969583,3.72620602891634,9.97483609758894,13.845424798694,21.501961764416
0,20.942398073756,5.79364116722479,22.1711616307985,9.99451018503238,11.4717363232265
1,-0.536305194769946,25.003816759171,-29.5407010234413,13.0848041945815,20.098759910471
0,-5.16397820265691,15.2269211858905,6.20151629330728,9.67839180751834,9.43449935506501
0,5.90214490154137,-10.5436323692046,-4.82467700791454,9.58465237055655,8.41939399759261
1,-13.693534074077,8.14430297501909,-9.99476671487239,12.1182393769738,24.016678436023
0,-6.25237976335148,-3.44285677466981,2.74789010476404,9.34965700482251,10.7013497418561
1,-3.81858678366719,7.29134450288378,-23.2130857681659,11.8296374190155,13.8837016651603
1,-12.0219288584421,1.93552508267196,-1.07655071837011,12.6119265857739,18.6983389002376
1,-5.48709684647831,-15.3863780342863,23.9410284977195,12.1354596568068,18.9985224192264
0,14.5748073754714,-14.872071207008,11.7309887489408,10.4211860517431,10.265381373244
0,4.26450092894478,0.700515952446001,15.1016352036722,9.63268900470537,10.7056941919975
1,41.2818721208708,-16.3842592708438,-17.9143262528505,13.078713875972,19.4088489850299
1,11.9020199708447,-5.26708554394888,-4.19469912271649,11.8066172689959,18.0940338866123
1,-34.1971899497226,17.5687301041891,9.63774235948079,13.9125297855247,22.1515174494272
0,-16.3106697099639,0.106931758944494,-4.34461534751864,10.8790174820991,11.2038822916623
0,19.6071798407123,-15.8477432669255,3.81708474827135,10.8628715053308,12.7881263755371
1,-3.35068161337425,7.00358377161884,8.48694470260765,13.724396818464,26.1639835662897
0,11.9459138976943,4.37796053328699,-27.2815894123559,9.44307517608781,7.99898092676194
1,-10.2339146268956,-9.49539467598148,38.3716177570057,13.3075438123786,18.5346103600044
1,2.7558894798902,-10.7494692547142,0.413548355335456,11.8865816158395,18.6049217000783
0,2.15241859225529,-40.8050203144394,12.5423791179041,10.4834294580839,8.774051967252
0,-11.2656911610782,-25.9158174718303,-7.53887978345157,10.2077786209087,11.1347426541257
0,-9.75811453761426,20.1649791308654,3.38237288893441,10.2879888600764,11.3618197072679
0,18.4111621094256,-4.7648969505116,26.9893423064296,10.2202543665347,9.67193708812689
0,-11.2757852220074,0.475978925568063,30.7717571731006,9.22624221419812,8.35583345330697
1,-11.2405379715574,7.08932503711143,-13.232400158442,10.8734574398088,13.694740237175
1,22.888505263095,3.82294205620784,6.14202478810011,13.1829403259552,21.7139784241961
0,1.07919130966358,17.2437554088223,-8.24458211512349,9.05437119215576,10.4519859167663
0,15.9905339669518,-30.654975163271,44.8715526085268,10.3992052620243,6.09795550122384
1,-26.708234033967,11.2887522086125,27.8266354120951,12.1972575051396,19.1197299029597
1,-20.3583706452374,9.31077896482276,12.0132995325447,13.4741081472892,19.6327906367661
0,10.2613152194284,-66.7574528840366,13.5943501503079,9.73606921396588,9.14572029069028
1,24.5322754022288,-10.1551634013704,-33.3916272335446,12.840707217466,19.3660899621651
0,6.78022543286877,3.94711600791676,7.00052278427066,9.27880045187136,8.23041823338009
0,10.5917726686727,21.9501766954594,6.22151573194597,10.208745134574,9.32223604868081
0,-10.3953658865508,1.97063004001196,17.461603594777,8.44564758484122,8.66104997044472
0,2.9030797183619,27.599405368161,-3.5770652243035,9.26564660013357,8.66548507730265
0,10.7047523617084,23.840167619774,-15.1970306361972,9.00057476246065,8.54629244988318
1,0.179503260347936,11.5010942908021,18.028277351391,13.3548686666733,22.4774434499875
0,-12.443936418378,5.1714422439426,-27.2205393429558,10.7843179102211,10.6239603485706
1,-3.16093653254794,-10.2991510104562,26.5219842449458,12.7176232048986,18.7847719238547
1,5.37077783966227,9.64152528643924,-11.9744318834156,11.420164406143,15.6114149470696
0,11.734499660513,-0.415232606762027,1.68330134094743,10.2005208257054,10.407802117382
1,33.736025421929,14.3404982545342,3.72896215709648,13.3992683666738,23.3320394971862
0,-2.11246071329043,12.1078731104005,-15.8716520000536,10.329375159374,11.7357482205435
1,-9.51824056199875,-0.321896973622755,8.60456455179873,12.9103026126258,22.8994538696356
0,33.1222792535892,15.2288833346409,21.2055216782441,10.722753175111,9.69127419031684
1,-14.1163769096383,-12.5169087285007,-12.0812456177686,14.1594169125277,16.7121825443735
0,-6.55290986145814,-19.1285820229309,15.2159500985433,9.39676155254929,9.37460178974259
1,-44.6948323442262,-10.6580387838434,21.0539447535068,12.5563671858962,18.9265624674787
0,-17.7468761446708,14.4716248627266,18.5766832712866,8.08446699432899,8.39587020749408
0,13.4979585147957,6.75804624035321,-16.5425910901426,10.9250560902802,10.7496666991011
1,-34.0822371728089,12.3734486189776,-9.21683930597205,15.0507669590666,23.1227325235494
1,11.5751412399703,32.9569560982087,10.0427544166255,13.3413243738757,20.2544769203424
0,8.83299704871786,-5.66702943858926,-29.8851484897823,8.55166594868773,9.43623977898426
1,-2.70407401300769,-3.56242409747003,83.7201185613805,14.6100395616792,25.8891711817754
0,8.35176290253914,-4.11099701918057,34.4288098602184,10.075406928881,6.84372135855727
1,-1.20014098619401,-4.87282171091242,36.6334733941829,10.2752473553708,15.2511936879919
0,6.0562367384305,16.0754926018555,-6.04442979904689,9.59021824596867,13.4160639688253
1,-18.2490941213287,-6.7804879194908,33.4179689933654,14.4706215228303,24.5997138549352
1,-0.019713986535335,6.21108679987257,6.41350796023819,11.3496709521348,17.9994956722914
1,1.51059044295462,27.3954785653455,25.2745401151271,13.3615937361433,21.8565733329406
0,-7.61914248826431,4.88754137830928,16.9855281917768,9.76673988779574,9.18407705802126
1,-8.90034477320548,10.8572234669163,9.854001553408,13.0136329993086,22.8060716571755
1,-17.3402945868133,27.4812717279255,9.67086352080899,12.6452964531394,22.9173803718381
0,-4.58261812828928,-6.83161322229281,16.8382375612637,9.50276518673576,9.63576841950839
1,12.3231757273148,-5.44622003797581,3.42198832413415,11.5142444222345,16.8964440390503
0,-2.58933270441084,1.23651472327473,17.8712606355795,9.1908163855151,8.37616451051438
0,-42.1713931894894,9.58144924925376,-16.672731904503,10.73570409245,8.41844012225358
0,12.0201214044358,34.6524367000576,11.1442536000555,10.5014667813998,11.9064965360895
1,-12.7708058751108,-35.0523202879855,18.0850803647309,12.4305415236621,19.6336151612417
1,-0.570197229824575,-6.47538209940729,-7.46051229148517,11.175561667408,16.2272777195002
0,6.26453977334243,2.03872331343834,-27.8440619105981,9.60140193739925,11.9561478341038
0,7.67051206362191,-9.64465923796943,-9.87082805561409,10.9745829763287,14.722842838368
1,15.0287104682773,-10.7004194121944,-2.37057930831177,11.9124858924341,19.6331679371834
0,-15.8296600513545,-18.5437668962956,-9.78366477002652,10.62179360269,9.34494568765039
1,-2.82608192193604,-15.6617140270651,2.45079419996363,12.3509931963631,20.6922096677314
0,30.2778583371322,12.4780454546841,2.33605199887467,9.9610184703873,10.4521145844549
0,5.17973603684026,-23.8992643529187,6.68769682238089,9.8226432944659,9.74263901528576
1,2.80191989002657,4.6570536422565,-52.8803663253811,13.3849225053844,19.0970144075729
0,-10.1861699235796,-0.662093073096498,36.7893958090164,10.6690624268453,12.5365866411197
0,3.79300563125934,7.55175651271311,-2.30293883044139,11.5981960526979,9.5530886798688
1,10.5044819737951,-1.0436843854317,34.1549648632161,12.2855164966081,20.6450405289159
1,-37.0391940194571,-8.71506939106118,1.93806403217361,12.7011240374585,20.2165912239028
0,10.0624999707357,19.0049475460259,-3.8038550257932,9.35828742103313,8.91255772155325
1,-0.78786326255554,5.74341597376415,55.4119241234363,11.3347396549921,18.5782577338709
1,12.2486749819995,25.3715276858846,-5.49416262162003,12.7472978016705,21.0516545364994
0,-5.35193780275071,10.9016885756801,7.74474272634635,9.45748665354976,10.4708307251465
0,0.792102646247354,20.5696899906122,25.0832768342211,10.3281592330924,9.12552737792852
0,-13.6820883833441,-4.36426227383502,1.44553633313976,10.7893217941087,12.2930443431864
1,-21.0328244825838,3.64851681051747,40.2483209383615,11.4644980383145,18.2664437432074
0,-24.6649974606678,-2.38488258254009,-8.71619579680745,11.3908001989616,11.7228385281851
0,64.0936461709159,-8.7553525102151,-4.41358991616694,11.0421116564763,12.7767968214459
0,-16.4368337439696,13.7690255492114,-1.40379678122375,9.91210710442928,10.0091063628574
0,-4.11340392090755,2.80210476756371,-15.4139952586422,11.0670791164768,11.1557801241216
0,-1.00470440375506,3.51848735033547,12.7135388175327,9.88267998515536,13.3043547746143
1,14.4678500585248,5.99905325584555,-38.5845719140023,13.6861844618896,17.1665254930563
1,5.95311413096107,-4.19401088818621,-19.5721765476432,11.5948047031141,21.1576529973942
1,5.78362141230177,10.5724692387456,-12.2880382132483,13.1409801005305,19.6632433934205
1,54.5796351484043,-10.4781916808323,-1.58700506986569,13.0579492163599,19.4406656338226
0,7.99371625717265,-11.1609253522965,-6.79354679318716,11.9363081224142,12.6912680054352
1,7.60264604204933,-7.79513681862383,18.821461386369,12.6305330244018,19.0878528834511
0,8.75086997462052,1.62206044144094,8.38767918218707,10.3728696397219,10.6171394696697
1,3.5970747019535,1.86979409155081,15.7919321392364,12.8517804095033,20.1367463879925
1,14.9659418699583,-12.7678106817349,19.0913448462199,12.2138389709725,20.1959988258955
0,-0.203311219722559,-16.1284060225693,-17.1818386400139,10.7982175819532,10.5489555568071
1,-8.85998924139646,-54.0503952359321,15.4884040914379,11.9721408788093,20.2604808674395
1,-7.17344476503991,-7.75768464070556,-2.18813676536411,10.9534633301639,16.2447115037743
1,2.66564108385903,2.0561890579886,-32.071201735149,9.55279328239735,16.0186932283148
0,20.1567301242628,-19.6897104331089,81.4789475021624,12.7461108412547,10.039688086396
1,10.4508139137401,12.3264291063375,-0.414658197366626,13.3728253253192,22.185794820901
1,-0.420366069154534,0.197548772215445,43.5750332285768,12.0088164434882,21.808071703252
0,3.57122795023629,-25.8706473885754,-9.86003037887847,10.9658734076555,9.74197278447205
1,-7.93427864405306,-4.13821393771655,-40.7940784478644,12.1471624417931,15.699003179377
0,15.8312740698364,8.14049972569392,-10.1129048587014,10.1992840728296,10.2820048941141
0,-2.44959792671009,0.94234665447625,8.81185096549958,11.2061398452105,12.8407540506056
0,3.34081125611826,-0.458978064893394,15.0241243083266,10.0198722143553,9.51720377048074
0,6.31235524511233,-30.7422927600019,-20.7089007804826,10.9535316240694,9.63734763956911
1,23.0926870215853,0.301775019975532,0.376427829177438,11.8334575090705,18.3309262625431
1,-10.6482635878858,25.1393915381051,1.90606233570975,12.6152207268537,22.0590118488416
1,-7.54640302880923,-1.26494515199302,-16.3907691780372,11.2955021065433,16.4113926967926
0,8.53531139939099,-14.6001874616122,-17.8931245080453,10.6651061768278,9.33687673274143
0,8.53343732433779,-8.892071709351,1.67428250071995,9.23522117099865,9.86352204868264
1,39.4809392144883,-7.12660747648497,-16.7571798724637,14.5633382627668,23.0830598111855
1,20.0362993155524,1.77539695531431,-2.07930923830833,13.0264121019857,20.7533036501382
1,60.6222911180567,-3.03064922024287,-5.03268413655739,12.9212207712423,20.0323253090153
1,-4.34456073979507,-44.0358018238332,-3.06562042669846,13.3088101047624,23.5159131302485
1,-2.15332172634131,1.00246783220175,-8.56683833943754,10.2387433587228,14.2273354525246
0,-0.865802941941478,4.15572417656102,8.04460046333029,8.44507115747648,7.97739023741483
1,2.69957677651818,9.19700328707956,5.79513876775021,12.4793045794147,19.0586776224268
0,6.82914505276192,-6.29097547425716,-2.59433699111005,10.2618855706661,9.38567529173692
0,-15.0709045343114,20.0993652448172,-34.4620749812971,10.4085655637192,10.4226752736658
0,-8.9266642071205,-9.13443714900078,4.36516663722458,11.140451176595,12.5336729000355
1,4.65896436625069,14.1128213625265,-11.0323059321624,12.7107522868087,18.6004152353845
1,-11.9613070896517,3.57397807474365,12.1790814375177,11.1289129683606,17.5395935978245
1,-6.62089158608203,4.19725110679666,-7.95719009935497,13.2147639152288,18.0183906863292
0,9.19073237540124,-24.9501202344858,4.06859225241764,10.6917621837869,10.5991155890616
0,-5.1671832799044,6.40148147565339,-1.3778391507602,9.66335062354733,9.77109083615699
1,-9.02611920196317,14.9212886592492,19.8903574963577,14.1675180202165,22.0631069802131
0,-0.0422447592424985,16.3018444547399,42.2610811007141,12.717342666581,10.2023423865148
1,38.1914967331306,15.233740417168,-27.4938376887834,14.8336508927171,21.4539228758596
1,6.71047580559367,23.5303511344936,19.8447601148172,12.2889311412758,20.7900643032217
1,2.46635258253481,2.49168971020481,46.1017035390411,11.2807123681393,17.8418046386298
0,23.5760493277982,-3.17895084012292,-1.94220721920563,10.4857058280107,11.3068497572657
1,-25.9314238911926,-56.7552409645426,-1.84218992514549,13.1653195757909,22.5965694014797
1,-0.92788288649572,-4.82929995279084,-4.46260191705763,13.4997068459764,21.6796545796939
1,-59.7858973445102,11.7285356638636,5.82684352103449,12.6450580074335,20.5465725123803
0,-10.5578819591559,-23.4183254799304,-11.3658994110881,8.73640682470609,7.64449000347976
1,13.9395949406042,-0.638609361676015,-4.25408227519893,12.0475461521762,21.8973855895148
0,-14.3340149760225,3.49554377448567,-11.262762769844,9.32923795171305,10.2336009067545
0,-6.91975487175075,-11.9501437012913,17.8141436280652,9.67365977319058,9.9263349644629
1,7.07928305904205,0.602196035997316,11.9082067055334,12.7764692612418,21.9657247079222
1,10.8196944804174,12.3613130460196,16.7984067730748,14.992724828422,21.5051892973536
0,10.6193426182388,1.71416886688931,-11.3929272689442,10.2292202467963,10.6872861697182
1,-3.58043764836259,-25.0274144593336,-13.6688923835521,12.4931133870467,23.7211883107136
0,-1.99544983856025,17.7000558151342,-11.4263170197118,9.6995486072429,11.1546059538042
0,11.5862344975182,-4.18224809964025,-9.41294720937522,10.149016641325,10.4512847424729
1,-59.709943144538,24.7569211517353,-8.97644555541021,13.755954561719,23.9728139108956
0,-4.62157173314703,6.08364754804506,-17.9722337284257,9.40047640612102,12.2045149091429
1,-42.6990988261389,19.4137687689274,3.11407885597513,13.4383419582512,23.0267623110224
1,-3.08743450383454,3.83394765821025,-27.7949707630779,11.0172390692624,15.5662070399954
0,-3.74435699403064,-9.23059110277676,1.14520482014759,12.3086533349085,11.5957006318861
0,8.5779101853596,-6.13067952279149,5.84532132443234,10.2057363650126,11.1672159048714
0,-3.86862325056208,-6.66905667972796,2.20585815386656,10.6407744060055,13.0900047549067
1,19.3273847191934,-9.51871258255088,4.17521777807205,12.5911336793146,19.7598146188265
1,-21.5262144775549,14.6824115128087,11.5964433467206,14.0056052517432,15.3713280446231
1,-55.7235933447533,-1.2081205398802,9.37511819708602,11.3491916275652,18.1924600400363
0,4.87698149400867,1.5511800881564,52.0196363754136,8.6809929365132,10.3547183822751
1,-17.8387263868191,0.431330442460419,-5.99104263671744,12.0569576622757,18.9413939258194
1,-20.3662582381759,6.00787511535921,-26.5864199584996,12.6879810251147,19.8029619367501
0,12.0251805099181,-11.7068629694535,17.3364173349746,9.68911564994252,8.3149450583568
1,-8.38206286065904,-6.20359612600771,33.4627326875798,13.5255405453094,20.5924461072833
0,-10.1824184270137,-11.3804356623343,19.6401746820106,11.2561318439384,12.5911882612511
1,-2.28382579968878,43.5924762995435,-25.375388252197,12.8424145134515,18.6984801077484
1,-1.19305335159364,-2.92272978564296,9.47334002342745,13.594543456984,18.4756039036239
0,-24.9724482758205,0.310360510493626,-42.0204206319172,10.2835307967308,10.7199039709279
0,-16.4694536804715,-1.14283980409783,-15.1446422468237,8.64125633299906,7.18371171650491
0,1.90865114967624,6.05571995670795,28.0557256490636,11.00366717007,10.3823657403194
0,13.8926680177156,12.7061986700933,-3.5390518401743,10.0901007600035,9.74138622711791
0,5.22045740369473,18.1332472726463,11.9298526939739,10.9260662173769,12.3524311393367
0,-3.50619138719839,-31.2198613055421,20.4936475548219,11.0551687076917,10.5725836778407
1,11.5153222487129,-13.4347885909195,13.8428245201178,11.9671953968461,21.7229871792479
0,0.228627028357336,1.54085116459304,-7.70689849299976,9.27549226226679,8.76153730896363
1,6.57343003043333,-8.3157467800059,20.2640922203676,12.0839947614066,17.2846538059598
0,9.07724444708858,-17.2219395590397,-3.32418572013949,9.6344235670911,8.07906877400954
1,14.6555629314277,5.60101366564356,-16.9283201940001,13.361715068342,22.7753235843338
0,-19.5679556123448,1.16055758329503,36.6828444836822,10.8107456425054,9.50086950880346
1,18.7387310245361,-5.15728321685172,-23.6631174627062,13.7083364202759,21.9255671674635
1,35.1204194151283,6.9303143980691,10.2621431861966,12.8676132970027,20.7485825799214
1,8.66592471460296,-24.8641935119569,62.9535027696145,13.6087664927664,18.4305828869571
0,-6.71719849381878,-0.0618415249374726,6.49009882821049,8.83120865850632,7.83434842413326
0,-4.04241626919834,26.1741695187336,26.5181186516564,8.13637430589804,7.79049997381964
0,0.260469486964739,35.092568512442,14.3178700992531,10.1949619520554,8.20235250058066
0,-12.3590268859953,-17.5854603062528,-17.4662552883668,11.759533320767,12.3612804631679
1,1.8892728556317,29.3021854687148,-40.3395626972179,14.4415046208632,18.8078476651788
1,-2.59466589512548,36.306681876976,-7.81790653212152,12.2889579784577,19.9398648462368
1,55.6015089005998,-5.09838727537119,-13.0534522153794,13.1646372639703,19.0017223541382
0,-0.586001479041043,27.6266909170983,27.9330124360297,8.96276383498097,7.18282941406065
0,4.64696670151835,-3.62348663132704,1.91170691371437,9.66836670563786,10.3002377500975
0,5.77314682145648,38.2160009641462,-14.735249533718,11.1131105880383,10.6930352779424
0,2.02021069854136,-5.64773592698906,-8.62130270080615,10.5063011597245,11.1871521991488
1,17.0361006450166,12.2257266780638,-61.8565108835394,12.8606983002753,21.5782442045389
1,-12.191389056265,2.33841043770752,19.0006538895574,12.9805752187697,24.8700659709285
0,-0.857297222463447,-16.535877908335,28.6935596011695,10.8481459272535,14.4855640547483
1,-12.7341576492881,-8.56981402994516,-14.5690337726145,13.4506813447643,20.5949782239981
1,28.0057675230226,-16.3517074075713,-5.54955734578024,13.2620033689434,23.0701420246633
0,-8.65583663984819,1.19286885037035,-2.05860026826253,10.1385682643969,10.9167734938706
1,-13.4851580299514,-6.40914108484993,-10.1555166974233,12.1127841098452,21.4329111373601
0,-17.0577144994065,-12.3712132395795,-24.5194053990543,10.2861029104048,11.7501944022961
0,2.76499433436715,10.3585506808703,-13.3930832670391,10.2655901293403,9.70016598602634
0,0.142575723622083,1.77749907041993,-22.6991631045807,11.729811333423,10.25159426896
0,8.21502848549938,-1.4888178575417,16.7613914759029,11.0846041382188,10.5092821717172
0,-4.02702173919658,19.2729279382753,1.60635994709791,8.6574752195682,7.13068935893875
0,7.87860920458112,2.65794859085895,41.4149339994864,9.69024169601471,10.9195125665778
0,4.37628700104979,-35.6705952126726,4.04125596709382,12.4253022196525,12.2290446759253
1,7.94220276685583,-52.538764416392,2.43851945288652,12.8173827193792,20.7118308813436
0,7.3758964518281,22.5873319607111,-6.09884529292278,11.4759952504447,12.9722258397171
0,7.9300717454906,2.29558454907846,-21.7022827070995,9.75021234156318,10.2102913895115
0,7.94196068528924,-2.99295829095817,12.7876262944916,11.8526585335627,11.7410947459236
0,0.414997417642162,-1.72354393226452,-22.5845872846552,11.5878960967338,9.5265841435086
1,9.88516592394479,5.11421688420618,12.988063103844,11.8628000589219,18.9664893788909
1,-21.5501418653344,3.36409258927046,-13.0087748171673,13.8674940101347,23.2554343921223
0,-9.31074897472369,0.805324586839344,-24.3099669187652,12.1924766913118,11.4449901479576
0,5.52156669862422,-7.23276822823327,39.6354389506153,8.92989685193111,9.45400127897867
1,40.8996444270693,-7.31076830135923,-9.47455453951452,13.4434995967384,21.0995386750151
1,-1.1307798945345,-54.4485043539727,-25.3565707086481,12.590029221489,17.834552992447
0,-72.0564557534655,3.65464583509923,7.11592544071829,12.4399564629957,12.1172568627618
1,-4.80514951515418,9.40664075937975,-34.9727975524004,11.930494456161,18.2754785904545
1,-6.93906904791926,7.85100271761566,30.5890147642265,14.2046217491954,20.8377254129159
0,-5.18547741344735,4.70304343853485,-0.142598711318365,10.2258528480319,14.1410325936942
0,-19.5693917900183,-56.9883960720735,-4.21175637950765,10.4649686467708,10.5635639790124
0,-11.9303160747967,6.51867474433215,-40.8213235826234,9.47480895141635,10.1795910428731
1,3.43897146686284,0.285648315558997,-5.69274642749612,12.7289746378624,21.1709153737211
1,17.8291604200724,21.9813188279396,5.09379204133345,11.5446870375273,16.9724175699034
0,-1.32693872011201,5.91439638020894,2.86247271334613,9.17212216293192,8.40760885849924
1,-2.50775983465285,11.938758718254,-20.7084255897153,11.8308354860683,17.7945045249168
0,37.8719322873427,10.6321500475786,-24.0136797858341,10.1870805554395,9.52401615793839
1,-13.9324082995553,15.0785716335952,25.4888154320792,11.7872352878029,16.4766411153866
0,8.56847105686951,15.7305044784992,-21.5306894345625,10.3093616814913,11.2419319465723
0,2.13815216564604,18.6317328382669,-22.0919838018729,10.9495820884236,11.436488880312
1,8.74086077453814,-2.06164308743213,-27.0745406052244,11.9228049632974,20.6174609654999
0,-2.3076550567929,1.4430543744022,-0.380181235319033,9.21058668670118,9.04663238647227
1,4.42364902220838,-15.2645630357865,10.1497290094338,14.8713124134594,25.4422682749633
0,22.6953941585206,-9.21689532950008,4.82587312140072,9.76700318337083,8.90971702789871
0,8.86753175556098,18.4937271327125,6.1982850905651,10.1909947879271,8.88522652122154
1,-56.8639666449765,-4.10838005752627,-7.69335536635801,15.0357896162608,23.0986058546161
0,-5.45419470820932,34.3332817569959,-6.13279495516917,10.4649751836493,9.55007723847043
1,-1.31664457790288,-66.6980303893268,17.1691639500394,12.4662065530449,21.7404082257053
1,13.9151707353501,-8.52435944920013,18.529422231738,11.3764591590565,18.3850716327371
1,11.4560094457717,13.8158074617083,18.3316780964057,12.2532832255427,21.5006225594209
0,12.5973134191854,29.0327474581216,10.7704609397777,10.472054731456,11.1079849441201
1,-3.48936756459415,3.64568932269142,21.8856418764439,11.3734581562043,18.5348202986171
1,-2.1016476702085,0.23508103459029,27.8752270339262,11.2291354715851,17.6488661700181
0,1.0789226547376,4.85141021133071,3.02461764160512,9.76341770457373,8.42737570653964
1,-35.8662372664589,1.98173209884873,-18.1725882957138,12.2097135182305,17.7490047027102
1,1.54367425454881,3.84555838285545,10.6369337565668,11.9063786787691,19.0746539705471
0,7.8574998735468,-6.31792125091133,-11.9479296804051,11.7395560003219,11.8200132363357
0,0.467717581396547,-27.6872011126525,4.29835167710154,10.6558808462262,11.079472977413
0,-1.38675654153611,14.4278502618728,-14.3449354039292,10.3443227496693,13.8836916729457
0,6.68960323059743,2.79989331948629,2.70863718759436,10.918759808548,11.4401699539375
0,-10.0649772014102,8.24566031634225,10.8118411394843,8.30932480388452,9.05504951634337
1,-3.3563553186961,-10.880940861815,29.1540342147746,9.68505436509811,15.674544758538
0,-9.37918698930509,0.979939498505333,-0.170988222355738,9.02674091280026,7.88388246717801
1,-4.0407848621334,41.7773150629293,42.8408867371174,11.9823202528543,18.2242633843363
0,2.42781213336414,20.2031171868704,20.561257773267,9.06331287106427,9.46081242643703
0,23.941403928052,-2.72965221622121,-6.79947128710991,9.81679215353087,7.94151370538162
0,34.9874429672642,24.617237438465,8.12381578875815,10.9784962749499,12.5388417208264
1,11.7160104755703,-3.62703247560972,-22.4590092206584,14.1908339409746,23.1253930649642
0,-15.7346880008056,-5.57543127938571,-2.228319798361,11.6974932058915,11.5037469224386
0,-6.41578002047686,-9.82377877238844,-30.2237538972404,10.4563355218812,10.6014653849605
1,7.47970366011442,2.08682444723769,38.4449952555954,12.319171703021,22.0015877583557
0,3.37489585663691,37.2768151168605,17.9229191941868,9.72854851218709,10.5048630383427
0,-3.61676535281072,52.5923267405542,-1.27289913190636,10.6495073576616,12.8300511185498
0,3.13445927987119,-3.49665318612912,7.16620838623062,8.62225732453201,9.14253018230431
0,4.53938552699242,9.43938457433167,-8.21837779691567,10.2597545146721,9.48618024560851
1,-27.5053810409214,-8.80169671772455,-52.0331887561991,13.1216993326092,20.9362731853432
0,18.176333241139,-4.36218250778672,-15.6177069333542,11.5036331155424,12.8900725918765
1,-1.3660848665833,-16.5291894843572,-0.739721422239892,13.7896667249409,21.3688974581929
1,20.9521390388146,-2.2723604886386,-8.00670015730316,13.7939909889777,27.110543827082
1,8.97348650947318,-17.7382939884143,31.6850675001783,10.6094320379396,15.16408046372
1,0.273379944682931,10.2663239070959,11.0555128797025,11.1500597304443,17.0103381847128
0,-1.04316662364734,1.2395634593143,12.0357705053247,9.31925099097719,9.82688779131295
1,-14.0718936472764,-3.70477120013336,-32.1454092987963,10.8508877364722,17.7525180524337
0,-10.4609025946591,15.1362222148413,6.36556667092211,10.2208731201946,9.92844720691125
0,-9.08462201457801,-5.60188730109948,33.1858055123018,11.4939495655074,12.5914979678286
0,-10.439742830775,-7.72117785783743,15.5439056901754,9.19320076178902,9.10544609454221
0,-11.5235475843837,0.329798074840099,-10.3356651475049,9.61983632732532,9.07093435027036
0,8.07940065335764,-28.8361976888581,3.06347220781981,10.7576226509367,10.4516623413977
0,0.690753772941145,-17.3682155849047,-12.0289340265918,11.4115776699602,9.48156375946765
0,3.97251001754946,-19.3615755623543,-8.94827295436366,9.18881247896841,9.1349090770696
0,34.7388328298079,0.714957842934751,-1.2607316097208,8.77568109448999,8.34319160267312
0,3.21972927279057,-2.27236062881038,8.5815135540309,9.33447409632116,9.31844941573882
0,2.54346858659838,10.8047305183959,-4.55331676320351,8.73799065757314,6.50542425739589
0,1.59958219060021,36.1445384001432,-1.47221366154374,9.08415373600138,9.68244358177813
0,-4.34848411759971,-6.04447007518959,9.25969924707332,8.48824021716757,8.41021354551047
0,3.34892998827524,-8.84033728479907,-10.3092304744672,8.91996137333991,9.98599638204644
1,8.38555219608622,11.3221127503065,40.0236787324484,10.9334797789009,20.5526040095756
0,10.7222039740375,-4.62372761731344,29.1186263744855,10.6337989685073,9.61830126947436
0,-3.54612997006416,6.01499921939666,-3.63182699781758,11.2629959415047,11.0683875911006
1,-4.96748151222152,7.94064041832192,-0.269261121906055,12.1147827708909,22.7485455616742
0,-12.5273339899013,-5.36463858005912,-2.19372430248251,11.3602393433766,12.3823568606475
1,-2.94935910703639,10.5373895531662,-11.4155668764252,12.5372913184848,21.5177964319805
1,-6.05895513867479,2.13482121534586,5.22368724375517,12.9602690132845,18.8554732986465
0,-1.26386977494716,-0.918688979788473,-4.47368638241341,9.96002484780389,8.9754129695118
0,0.309451074859624,13.30024782364,-0.190463821415151,9.95957709213708,9.33073932194474
1,-6.94328686850119,-8.07508699369506,-60.8102079532453,11.155598015611,17.2913855723934
0,-4.39316021136287,18.2917857545078,-11.2626904230457,8.98658241919009,9.930953470726
1,-10.893102021986,-2.32363278303123,5.72877741545672,12.0122706363434,16.7833708511275
1,16.167373132535,5.91957353406218,-0.40019163966548,10.9221524272736,18.9284497807192
0,2.54587121877693,27.3253752570302,9.85224617633952,11.3974869255327,9.60087199147084
1,1.38717605164085,6.21219398712015,-17.8846291474968,12.9995123509039,20.4470551007297
0,14.613378593909,40.3413510660482,23.6828466260459,10.3535484898773,7.21002365568376
0,-4.7862287514795,24.2054201303945,0.323632690952973,9.26143237170601,9.2875219070088
0,-9.21477116625788,-10.9835172048035,15.273701030888,8.76702879969848,5.64834023491467
1,-1.27014467862799,-37.063531515363,-6.41044820013981,10.4686005991835,15.7657540790314
0,6.12788892916217,0.472721145535858,-4.32451113474412,11.3303250832224,11.4664857189206
0,31.8686694224225,-32.0271261414614,-28.0886347080186,12.0314742146185,10.3135513403768
0,11.3203284752528,1.96432471707678,10.8448624113913,9.69572054035619,10.7446337350189
0,-1.13772575652173,15.8054924254722,15.4417508004639,10.785533950323,8.55590020916476
0,6.69056720890899,-30.3654973734892,1.65408231717123,10.611911626028,11.1173875952699
0,5.76642742133785,0.978407476684568,8.88786595049156,10.4376120985274,11.2278069672631
1,-2.92868948238219,32.4971429658729,8.86922428787539,12.2623789399651,18.9179815132615
0,0.839889573018002,-0.923080075882361,7.89200193733128,12.1266793186493,11.0831961889664
1,-1.26765862973707,-3.78143201488135,-7.5505390582064,13.1028075908366,19.7618225700765
1,4.32620737965022,-0.679136669637233,-41.2034562761059,12.4912138360097,20.0226947686132
1,21.1699007888536,0.060451649074514,19.5482621405837,12.057479268497,15.8994912568119
1,-1.01951009020839,-2.97712444686122,5.13665387530559,11.2619744989334,17.8865128550993
0,-2.12322864195513,31.0523757526542,5.23401433172441,11.3537158701714,10.7044439083816
0,-4.01207354452208,16.0282158220641,13.9473521270398,10.4474041383667,11.7429700679831
0,6.17027893870722,-4.04872504022331,-9.28051379618361,12.1348160324658,10.1905218969954
1,12.1190866170728,-10.5023856196395,-14.7891749095026,11.4933190247634,18.4218126663504
0,-15.9084894276572,-1.13627131502013,26.4939574097515,9.34676313621292,9.02585596464079
0,28.7949743421338,8.90633621979471,10.5633983034265,10.0896527770126,12.2634924705374
0,-9.81496390612254,11.0378873921522,-10.199915189769,10.0538459861114,8.35032644032327
1,4.97624355233032,21.2622586778488,-14.5993879770388,10.6076002121371,13.3706758850784
1,11.469738207011,6.83970588250346,24.5475803252247,13.8532459083598,21.5073878815498
1,1.03962635085099,4.21746344586502,29.7650615356946,12.6024400210414,19.0692991023137
1,-32.2440655420284,41.6553323711665,4.92382955397984,12.5033557466536,19.7151990112554
1,-4.16074775073232,-3.23387056174651,62.4359705622128,12.3213048672391,14.8587563743472
0,-2.11806611442409,-1.63740800392247,4.27669574041982,9.61797770833606,9.97999259485624
1,17.1633176555642,-28.5581458464737,-34.9670768116467,11.1886375628693,17.3334355201756
1,-9.92367920852119,1.41080322521523,-5.27017947340399,10.2457872037531,16.4858788797267
1,17.2485218979939,22.4091653139887,31.3880594264143,13.1378282943955,20.6303003387544
0,-12.9609301884674,-15.8651121161075,9.39901831644753,9.40810286570498,7.41595266025201
1,7.28067999281564,5.97940775175885,48.4215259238163,11.7664366890292,20.4069048652218
1,-23.5222499080359,5.35066046446358,12.3864846129643,11.4135129641305,17.0969711374203
1,-9.10728945482609,15.4065444311289,-7.66052082100327,10.5910980273629,14.0975592222111
1,7.43800255088947,4.86193649581253,-11.2115042219933,12.5599530688425,19.0587857457379
0,-8.68936671439259,6.21216961278985,-8.29444369485562,9.02140335899625,8.99919240053357
0,24.6145323847966,-0.263808070106231,-1.0460146494078,10.1781808999081,9.10331325377604
0,5.83702166032987,14.2382364798175,19.4646137677975,11.2732921654292,12.6262078171812
1,19.7882195361294,-30.8747431111006,-36.3622629541378,13.504435762176,23.5637610935983
1,1.33027257275046,0.118016365766645,16.2490759917006,10.8921579222934,18.3369438423763
0,61.5977425294052,4.42914750858401,-31.1663665021755,10.2230905613273,9.49026983985036
0,-8.9514040952008,-34.7445119209698,-5.10079900722706,10.643493053339,9.9798489149023
0,2.64429034181073,-6.51571125232444,22.2764580923101,9.29850598981324,10.592572354525
1,-5.22006261563005,24.8757637915763,12.7169962491718,12.4701222000209,21.9374612553706
0,0.17605975282718,-4.10746588834406,-25.3176605565961,7.90210698736598,8.89130204949695
0,3.81828108462031,37.2041383379661,-17.7439483368888,10.2916147787442,12.0289110381125
0,-10.8937403827357,-22.9157640784908,-8.79755716790941,11.0107956815938,8.58624407227569
1,8.2404316353761,19.7908902409867,-10.1782170401157,14.5021900456358,22.7230643394626
0,-15.1376857880838,0.414139117301542,-1.31549067510084,8.95941305147961,9.50366529247705
0,6.24869408202362,-8.04315226657916,-0.211371173229572,9.56276293831074,7.9211850214928
0,-5.51779219607517,34.6168157319602,2.74297765553918,9.58817431011156,8.75845208275702
1,-5.92209594253303,-14.8819623182133,-26.0189184989477,11.8187107696495,19.330717505192
0,-1.08085791661915,11.407011546325,-38.9047148301461,8.88146643810037,6.16929964445875
0,5.8954019027525,-4.37952526895281,39.9337278057508,11.1215548272484,10.6700139638637
1,-6.88459931861063,-7.08139582102134,-3.90120977744598,12.0176920527607,17.5263996985745
0,9.38095698918749,6.30712362021707,1.76671277806206,10.1054348237503,7.61148050480673
1,11.4006366922288,3.41324268835465,8.70206097633719,12.4002010528671,18.7565053959899
1,7.16044528871379,-18.3059771098372,-3.41604206322044,13.0543239535366,20.9362468005217
1,-7.09356368303331,9.55368105933136,-3.41847391133764,11.5653367827621,20.4432285392291
1,-34.7675097423355,-12.8377086899586,-22.353090188881,13.7481536838128,24.6567388047737
1,8.77750451868284,6.325305028301,-5.22550167364004,11.1628678000959,19.5384252799159
1,9.16993915487564,5.41744840429336,-1.61903614514406,11.3608435443961,18.2140116858355
1,14.4289209441058,1.49145704798828,-13.4581929245324,11.8607299153162,17.0725915717511
1,-2.13973260921471,5.17556999254817,-38.6755120936,15.1785034470109,24.971372738114
1,26.3317049276142,-35.2099954287604,36.9229003522128,14.7107300015887,24.7406327979024
0,3.27356942537266,-10.1583133613759,-46.5872525480372,9.57311457516896,6.90508764743506
0,3.24565689382075,0.438042927030739,-23.441883944201,9.35865598638435,11.644274323328
1,22.152501555136,10.7215512615783,-7.70698090103571,11.8640570732022,16.1840945738249
0,0.828915217242037,47.7885125369336,-21.9742800320073,10.6006828458231,9.39743797751365
1,16.5737474258956,2.52232629186629,30.1975448648817,14.591195780275,22.893356448923
1,-30.3900571032359,-7.79605750764517,-6.01780155187913,12.2604040812661,18.7394869281664
1,-4.88621467820457,44.8041528128267,-1.96676010751255,12.514859428442,17.6120547391124
1,10.0029904979435,0.424931442414954,8.48908299871211,11.6553970157416,20.6055246359609
1,-3.80626182332298,-0.195022599431169,-9.37523491462854,12.3472124717996,18.3929128694484
1,-1.26357634602273,-40.0946035245865,-6.37001830579508,14.1000976664211,24.3428461298536
1,-13.9928913278949,-13.7788507777826,-21.0200880785943,11.737085797067,20.1246606655032
1,5.00342989879049,45.7365513875713,20.499499817764,12.1093417040607,25.0929458623432
0,5.20775092900023,4.24008241855524,-5.54528679528504,11.6789966948808,10.4851195517196
0,5.13682986415296,-12.758204870315,1.6784466735888,10.4891404731213,8.19285578525199
0,-2.45038267215196,45.2694353555493,-28.2146508815508,10.4408970318716,8.00803970926602
1,8.9038601545813,-4.46984764577141,-0.153606833981113,11.1356833982396,19.1853436238859
1,9.87478154866659,-13.7659020400235,7.87349663265821,13.4790210810335,19.6877410118265
0,-4.06810367229972,27.6350740764841,2.04015445926539,11.0433329711963,10.6416946094256
1,-17.8381785446171,10.870778544036,-11.7083897337992,12.4443490003901,21.4482479524768
1,4.72425296700002,-38.501225765901,-49.9735001228115,11.7237161620929,15.7288933699949
1,1.573685200384,1.27760586839638,16.1250251315932,12.9544566381989,19.4212722937217
1,13.3070800897668,-10.9791474043546,-17.7822865364989,13.1349130307049,23.2868770959112
0,11.9546270929766,22.5317478321905,9.51735776054086,11.2160796685429,8.69236075980653
0,9.64417849574906,33.048397427926,0.881080477754674,11.8376995238599,9.13265208262269
1,-9.85392917253219,-40.5911940959668,7.21199007638921,12.604325668725,19.8043796782307
0,-24.7423021882733,6.53675604896385,59.2084542750246,11.2748767711273,12.4181363376725
1,-26.0805162450376,-17.0031722233808,-13.1958601292176,11.744776162513,15.4270022182143
0,4.18950376837097,10.7982524119875,4.4159358781391,10.0188660744704,11.2832847548306
0,-14.2163363437563,11.0424893792084,1.37598855659799,11.0655237876102,7.81796959090957
0,11.7300827407006,12.3083413411974,-21.162020819564,9.23913941562118,10.3128523064916
0,-4.19641685318922,12.5879216923215,5.26606746734394,9.86617557569627,9.96303954922957
1,4.76320529023587,-57.4846240482623,6.61606473315437,11.3728247485597,17.1736884880314
1,0.0525665522442466,10.6713664717648,-12.5931576097003,12.8917552846521,18.0862114484931
0,11.9937843470975,-7.9731821755347,8.84217873657663,10.2724166865376,9.11726680975963
1,7.15373366831949,-18.2070451635131,-57.396275413407,13.1811489439654,20.7493685824714
0,-0.918626946781251,-59.3656929454872,15.7359630294261,10.0189026370587,11.0296593931732
1,-25.0670907917021,-4.08431373665509,4.23891542364662,12.7136608924879,18.4095872310119
0,-1.38203075058826,-5.74770585869299,0.853017820883214,8.26709523607643,7.36480157542768
1,0.868108896939231,10.0381443320678,0.10149433174243,12.5109394715226,17.1689011137122
1,-10.7025337560891,-3.23144291695412,-15.8196168156378,12.5641982701247,16.8059750730609
1,-1.63813276940111,-8.24161136521887,6.82259375566951,11.2847797959503,17.2372552630522
0,6.61472738515124,40.4889746453376,-20.0615619128147,9.36130487756602,8.3678699988965
1,12.1143612316755,2.52973911351362,-12.8718402691484,12.9568365284143,20.1910490840563
0,2.08051835032892,1.27323056589904,-26.0959507514404,8.94928546866855,7.92809092191342
1,-4.90720971131538,5.36777933945895,-24.5583081513612,10.7379832156921,17.6027340243562
0,2.01291531289242,-9.42767037405451,5.00355683635988,11.0441504873611,11.5907817238423
1,8.2963249724579,-9.30858160540816,22.7566865599162,12.117747089883,20.4683481625375
1,-8.83103260371796,5.40593356515747,-10.7994015565059,12.7959778247168,20.8933405186914
0,-5.37178168665266,10.6571150826319,-10.9673577362038,9.68207345166039,10.5858457930095
0,-1.8011618831314,16.9596690400882,-3.02738411255529,9.66723294775739,11.5065139956471
0,-9.80378435443975,-6.44713115722144,6.06818054483841,12.1126922093706,11.7836600200355
0,9.52343405212624,4.97287627850679,-3.2044208182234,10.3858917735119,12.9779629383396
1,0.545462120326404,-6.38378609537407,-9.76356555775481,14.1924645397248,23.4573508250087
1,22.5831662510724,5.46875890897885,3.43695599310999,11.897594143527,17.3358429501949
0,-14.3962722511416,-2.00786759108473,-4.07666801236469,9.54468075128813,11.650320641021
1,-17.9970432907184,-0.258384282442998,2.1280570740578,13.5314758969963,21.1328880793012
0,12.7687737931901,-4.02806388196054,2.19468179183976,9.85896265972415,10.7791314053999
0,-14.4300576952063,4.93327858804697,5.77874706425734,9.18335655365848,7.18552400403475
0,-11.4642538891508,-9.6680261530012,-38.2357345754039,10.4113331963487,10.5158549314722
1,-7.59074337774488,6.57815609823732,-3.86227898534719,12.0049069338655,16.3641148240763
1,6.12142587660213,41.2525823807848,-39.2958213501975,13.1365595566386,19.6757756276372
0,1.58659966405398,-1.9732802644411,-33.1852236737937,9.91203299941365,8.74473855787301
1,55.5336916766731,-19.3945013694841,-11.6604785882379,13.8324120749896,23.9027400171485
1,-3.07787057547902,-11.9785409077858,-23.0266988082833,13.9609846550617,20.7315020439698
0,11.8907893774915,-21.2439199236673,-14.7893067796363,10.8562927381678,7.80430134109865
1,0.864815903329695,26.0107182283907,34.940719681941,12.9863950315494,15.6328422521363
1,-6.99779894444269,-1.37903023775089,-11.6758609043925,10.3893489933655,14.4901466701789
1,-62.0844808342376,-6.09953817557269,16.0269228426833,12.1699542733317,19.566214164866
0,10.662074395629,-3.31099324248345,1.82010737657441,9.89105322219056,9.84068914472971
0,8.35727369199744,-50.3126391832796,16.1129904666395,11.3487472847406,11.3219979829767
0,4.38712925927833,-0.872365913432491,-20.0257068378113,9.68584869670375,9.83226540660957
1,-16.270772560398,-21.4678245994715,6.12416054974295,13.5123703810171,20.9300895347393
1,2.59398091924966,-10.4090948487298,3.85561503294588,13.1257419019333,21.1557797121078
1,9.17592915790242,37.7783420582856,3.74436200414305,16.1565537089255,28.7112582040027
0,3.58802337694592,21.8274323905823,23.9847240211883,10.0480877378766,11.3040840569149
1,1.05195664048722,-7.63132961567169,21.1219001477807,11.7915931462773,16.9412084794505
1,-42.3914048856734,27.9457873484961,3.60020444048997,14.3597234555496,21.0156937602953
0,8.84988558285576,6.92315726860119,16.2148518595134,10.4739217534992,8.11848402520108
0,3.21873619941527,31.4120355288569,-7.8207206375424,10.3541715200093,7.97462104454386
0,-3.136703638311,-0.62061110776467,-20.0581986950654,9.63113140872056,8.61480397593467
0,14.4920909729016,4.16867699852312,-35.1074661244393,8.62979551189362,6.12786775659967
1,-4.38908024030294,2.79536781079043,-5.65950768459343,10.514431004178,17.0661934173116
0,-8.64406618878683,2.02801202716842,-42.597061158704,9.60999901025025,8.70019831188192
0,20.5039783871147,15.145163497577,-46.03094885219,8.6955823227594,9.05561647823474
0,20.718998995781,-5.09867414700403,21.6123125152022,12.0369757959793,12.4676426603479
0,3.2411226112777,-28.0727031330517,26.1999263316611,11.3738959941427,14.3394757060637
1,7.98323354873866,-6.2168802759917,-5.33672038393375,11.1282676420975,17.2978271900616
1,-11.0915294359015,19.7014936219801,-49.3238864761529,12.1788043568709,13.4014207271414
1,-10.559812827317,11.1297525785692,-42.3786805776647,10.7594048594518,15.4687204346466
0,-10.8391732869272,27.4110343725659,-47.4196567358265,9.18228049146579,8.82307591363837
1,4.59585567294662,-2.89168179030821,-25.8327188489979,11.9698419203668,17.0619959227364
1,8.06337414310192,28.9955040752871,-18.1793768756976,12.9850047590499,19.9115175244816
1,-12.1272752609182,17.5609017396083,-6.44408599440183,13.2357565940508,22.5137760005161
1,7.1743054869777,11.9990722796733,1.5809708465785,11.8889156406062,16.8224145651192
0,-0.000417044581996925,-0.667328853655082,10.2131202171928,10.428916982374,9.89640965796897
1,26.0125521991412,31.3722916739638,-15.2047144440324,14.4811413182732,21.737938022726
1,-3.24546893796876,7.40509792406262,-7.71440060998014,10.4940544499809,16.6296377940119
1,-48.6197784769509,-10.3708687004281,6.04947690664721,12.9066486994669,20.9985523631188
1,8.16970797174859,16.7417614270383,-31.4829658438775,14.2937586891749,25.5530857613155
1,5.41188896494459,-33.1810050536387,8.04634813453853,11.7172103085178,15.9239762199572
1,-0.59891899959066,-8.69825818301152,19.6454399017037,11.1371441290932,16.208299772846
1,-15.45373513858,22.2037508202968,25.4150724878762,11.3138982493366,19.2375827603242
1,-0.334209050375311,12.7120154470097,35.4597663500849,13.7990451862297,22.2727099420118
0,41.4817309027505,6.71974327451258,0.965906483963656,10.7453119184195,11.0181780371257
0,-0.890338691565988,-7.98814570891467,8.50557568075465,8.34508414965641,7.72822159072119
1,22.6624010013756,-42.4490489284672,-11.6288782048636,14.7105966990057,22.742758088524
1,-19.9631838596537,9.1576743656251,71.0741373403897,13.7367739473901,22.3248196112598
1,-23.7060589987403,11.1943294858108,29.0429010174702,11.8426610335683,18.9576705184951
1,-0.952296369072618,-2.56799068888333,-15.8983742252153,12.9492369949738,18.0599724041758
0,14.8567304964609,15.758310558366,-4.49225823508042,9.42033693681609,8.53963136757121
0,2.73831964843248,36.3958013826494,4.18321294832063,12.4701700690109,8.96098943221435
0,-15.828462592327,19.1288058135917,10.0697086125532,11.8055321875393,11.881366773853
1,-0.894886201360536,24.0529248262982,2.90193083830744,12.466977123454,22.075677963202
1,36.6661424582626,9.53572985968043,22.1630288233522,15.433172275886,25.2439325510946
1,0.0451107579500151,20.8169085655024,-4.06138313301001,12.2228249055244,19.4749084149731
0,7.94799907179524,6.21068391421555,6.2670112964455,9.26970609498526,11.1590384253363
0,10.4292250535758,-1.46230848787195,-7.80484449896249,8.4615228151398,10.4282544586192
1,2.94209739336388,-41.9250155082282,-31.4008668735382,12.6693217422714,21.1795805589973
1,14.8002772685689,21.8464413067677,-31.0928498476322,14.2956769793771,22.5401703765474
1,-28.9128908398344,-9.90813551157873,-7.01820916417037,12.7093983329047,21.083251396129
0,-2.43211415633764,17.9244630271551,31.3938321063357,10.9250764100344,7.17057214544204
0,2.42391694750739,-0.210544563228418,12.910477461219,10.9295438927625,7.53765771891677
1,14.515377381748,9.27983563581609,44.8902416185183,10.5301558049875,14.8903207987068
1,-16.8284885083526,-38.1707053998778,-0.337610176441779,13.6204420253823,19.4254460037698
1,3.04969945877947,-6.43997191583704,-11.3725811872966,13.1888680259552,22.9094606208803
0,-10.2395991828171,1.65657645489905,-17.759589401137,9.83642493450724,6.88029381987401
0,0.111164841231482,3.5743696752069,10.6550549420025,10.1265619531171,10.458790816599
1,11.6625835616845,10.0330930895982,14.15316499493,11.963395331163,17.1705851054187
0,-7.42362872974757,-34.5877449609613,-6.41037167800989,9.62024529023548,8.32195825069118
1,3.1951981617027,20.5647521373085,-28.7786286374264,12.451249727698,22.2373724235098
1,31.3474565855269,51.7649475435648,-55.7679732186205,13.7009148550269,21.6783156514297
1,-4.104224931901,-25.100593488921,3.83381981310376,11.7242447143879,20.0482763865625
0,-12.889741686931,-7.66190226913936,8.41679671290943,10.5327620017036,9.09056937401567
0,-7.74498671212683,-5.30073097258699,-1.14273090690662,8.85489288519589,8.3590432794603
0,7.81154997075957,35.8095753272063,9.53538746870395,11.4647221671035,11.470081134056
0,-4.22430111874432,-29.6798542006275,-19.097470278039,10.834546990725,11.5499721026311
1,-6.84063881717901,12.4208687968664,-32.7832882370756,14.5009383304716,24.5784321018861
1,-4.48391624969411,3.24825379819727,10.1273197445083,13.2479623083174,17.4571326071456
1,6.52699168192213,-3.3920258764891,9.41915552960857,12.6169282782283,20.4051332257592
0,-12.4209970142092,-6.19289783796072,5.84809717986999,10.0153034663033,10.6444250754019
0,-17.0655323927871,8.34846756277405,0.479498273936466,9.09266328929941,8.29574805420816
1,43.3951335840667,2.24031488766223,51.1180391847768,11.5522235249035,16.830688562783
1,-13.1149949306838,2.44380195725078,-22.4501110223052,14.0481109052804,21.3523996321719
1,-27.4893339072652,23.1275346304284,36.0390835175403,12.3720068595387,20.9358016944083
0,13.9223247152328,-8.9519041344061,7.8742836030516,10.6619329759119,9.70192892306126
1,-19.299630024007,-20.5631840192236,13.5863190578055,12.1924617560586,20.3763377523326
0,7.63997357480716,8.78831157712777,6.44290018710746,10.5052261858519,11.03737372162
1,12.2419650917657,22.4281651840039,-12.3811397158015,11.3805935531167,16.3621534913293
0,-5.34893006385095,2.43618845181502,37.4293328520358,10.6183963710099,11.4920715478771
0,-5.5771197410745,7.63200404963264,-43.8678445380297,10.1144781384306,5.67524690403991
0,10.2960001363074,16.7834377366422,-0.496447598682333,11.4411307050531,13.611031652174
0,8.32643758199661,-9.59599044908941,-2.7094312001228,8.70393027356482,8.0749566381038
0,3.84246611652181,-18.5923638263765,24.17452572221,11.62215182511,11.91531805814
1,-12.0470827530695,4.83817418052908,-2.58981827650191,12.7454606802099,20.9968989646057
0,2.79395465975042,-4.18026955384727,22.1067577831793,9.36015845955348,11.6078978746227
0,8.21230395833006,21.4958099805352,27.4516980060005,10.0769241608443,8.26012513280277
0,2.95592040172216,7.61780749709548,3.47556418797135,10.1129497776697,10.6766077454661
1,20.6147296522322,5.58733997275463,-17.5022575457541,14.2609365769554,20.3740184185649
0,5.26304869009431,-39.563038852064,-1.81822630690208,10.9918436663141,11.9323035792108
1,-17.0209275343356,23.3557914732779,-17.1241626499465,14.0180982084065,18.4706406119482
1,-17.6824670982432,1.17600797855852,-51.6010736318503,11.4594394685932,18.3469133686675
0,-2.61564443020268,0.0546903619783818,3.77465905431221,8.28850356374818,8.7802277505708
0,10.6040653865128,2.67685957149787,1.74767459241216,9.88967608616783,7.22819662640893
0,-15.6264009993418,11.368722435428,7.20045631988841,10.6904771265122,9.38961893445496
0,-48.6947226591314,1.14195129023172,-14.9646777716937,10.4928547386257,12.5890441043322
0,-6.52483864214415,-33.589546501394,5.09673497983781,11.4189422794082,9.7557149845828
1,0.896805477116904,-15.4762900212244,7.3133335445345,10.9603567524618,16.4399899780359
0,-1.51117308382992,-9.92872068308269,2.09450887894207,10.0713277071572,9.83751031970545
1,1.08904566471922,45.9930111432951,-18.1284416843176,12.3701810979135,18.4202040292777
0,-22.8778674954076,-3.29029012028423,0.854602774648635,9.50194622974377,12.4326634453904
0,9.26643608411386,12.5625469724749,-3.5233944190007,10.1088664719642,10.6200451599618
0,5.30336742724111,10.2491188336092,19.1532133579712,10.8601527756546,10.2958221216351
1,1.27181771546129,-5.14951857440299,-2.38672570121991,12.0983454330527,18.9583555164207
1,-2.99128999971819,-0.358487086307656,-38.50383933179,12.3515421358517,17.3034862516196
1,13.3030450440515,12.5577497691688,9.60017595101902,10.4097469224016,14.12531462078
0,8.47824182276957,-8.44244386752163,-27.6720150160918,10.0838334136811,10.5414222413488
0,-4.13393643405153,-4.46005108126851,10.006157169772,10.9209513637534,10.2376963983264
0,-28.4740897225434,31.7493546755954,-33.6906225256031,11.4396449760793,10.0069861995479
1,-20.1727236327497,-15.9503044814465,9.6950653758873,13.2612447346645,17.911916857908
1,13.1699208412595,-40.9825042701143,-1.51725048249475,12.9007714006956,19.2679561382214
1,9.77578138178471,-2.38255759363355,-12.1817048032167,12.1408490400758,22.7493957287114
0,15.9277939390737,6.90482128024765,-3.53261600603221,9.84496384592748,8.68554272624279
0,-2.74775838785279,7.30590588942378,9.3872763366449,9.91017928121885,9.75139792557371
1,0.327192346623575,-20.434414357452,4.33365710672471,12.5662420914028,19.4853054690238
0,15.5501721278754,-10.7890405029053,16.4592583614132,9.76287989504882,8.12610010253939
1,1.41351646641034,4.62096243582189,-15.048699427547,12.2367676589414,19.2397681192542
0,-5.61991276905506,-4.64953246261505,-8.81133262580775,11.1549614916933,11.2189653592918
0,-11.8281761240845,-39.4753134814299,2.21896685992015,10.0747604261042,11.6426765057039
1,-20.4158407477682,-13.4055140455542,-4.58699095577555,12.1694448815588,16.7161525435672
1,-20.2979869192444,-0.0937541261895345,24.8459975852927,11.0790586399307,17.1984160370743
0,-1.09558078346173,36.988171222097,-39.2247218747195,10.9122691748889,10.0045223165689
1,29.4251010907416,-60.113542559359,14.2866953398661,13.2598288600971,19.0830764115881
0,0.629393536204871,-34.7520557346163,12.7546948550152,9.21117661973364,9.11385930089459
1,-10.0729153431855,-2.33471989316103,11.2188647411862,11.9889403719578,23.8584875682392
0,1.00773306643987,-26.623574006763,55.6861604232005,12.8807175849122,14.3268250792927
0,-9.58102201178748,40.6578315696631,-4.10792952186068,10.2377180355439,8.36169535467487
0,-9.27476970433497,13.7272537810408,-0.264748312488978,8.9332566798323,10.7157841790284
0,10.9916729949736,2.22934952168091,1.68905663144389,9.13091774306439,12.7472806783535
0,-7.13156868388786,-7.12025016003778,-48.103566506211,11.4152104823597,11.7324393498767
1,-5.13959348179404,-1.96030259598265,22.3072214421244,12.2821022034756,20.9624333682057
0,1.2345644221661,45.4108546730103,-3.15752791187694,13.296749941134,11.337898594867
1,-4.76954045322183,19.104775377403,-38.3541992676221,12.5528066100988,20.0949577836569
1,-10.8097066142715,10.0619799360984,-0.461917631345428,13.1274067408691,20.042797175029
0,-10.6375467704833,20.2608492566636,-23.8986508867145,11.0736923649026,11.357009569798
0,-13.9619843106555,14.5234436070361,3.32113173600181,11.6388060514025,9.05674662429109
1,5.46978564532143,1.98202159064599,16.6355483957275,11.9755632348508,19.2715736666801
0,21.7991479219858,-3.7882447651384,9.85164993078254,10.1142070903853,10.2404005324702
1,4.78872649776556,10.9609482410795,29.4863958272705,12.3644822990389,19.9530546536703
0,7.80584459116966,9.80464883304174,25.9758134319206,10.1608983832516,10.2440293073518
0,-4.31176620179549,-3.18895440042074,3.79933474464711,12.8196639010474,13.4627905059055
1,-19.5156461655902,-23.6340753545703,-1.6007971521657,12.6135084313116,21.2008602025865
1,11.7155679305427,-11.7760295448627,26.3693483154278,13.2067000398703,23.227387257758
1,-6.2898555420572,-7.36292483055345,5.35551892933635,11.9306667394141,17.073301299851
1,-2.4336149144018,-39.8311709263001,-20.4329599356568,14.5734436621493,24.3640431400667
0,-9.05938412304428,29.6614400997756,8.07370364188016,10.0453164321984,11.9460158750495
0,1.4236788369156,4.00395078150838,2.34290891725438,11.1756421879109,11.308186374913
1,-4.81152921385076,11.4192280052232,-6.52504626764482,12.8614916991653,20.264216441524
0,6.56324702822473,-11.3691934358211,-20.9197010745935,9.19552577639557,11.2300936153909
0,-15.3413589240148,-21.7082804812994,-3.59296519360698,8.83617050077693,8.8487060829296
1,11.0483916586314,35.6604081149187,11.2766409336282,13.6039768271666,20.7260615917749
0,-22.0773261688336,-6.60996090614774,5.30145311677955,11.3740973098055,10.9419298559475
0,23.3160865703202,-9.04939459459592,8.37380281410607,9.66387363947858,9.83832327895681
1,-4.48325443396221,-25.7733122094775,54.0763759682536,13.425000048651,22.7950963493582
1,14.8489395625962,-7.36320894018473,-11.8667052232442,11.4720088423608,17.4048979374493
0,-5.28799881388938,-24.8204330619755,8.04679698106183,12.8551016652503,11.5459568786936
1,3.55385374277784,-16.1535926284089,-3.80509050512035,12.1629184613049,20.0621295140667
1,-14.1990637532182,-0.446066696659788,-15.0262310141373,10.7702042981279,16.7522646871642
0,6.11282332151033,3.6258822779246,5.12685953988082,11.0695067606561,11.29835370048
1,-2.25273623469115,5.38805333955928,16.252709067814,12.1267152290505,20.2771348410338
1,-15.187043037805,-0.711394045958983,-6.28474562558123,11.46246266696,19.3061679685329
0,-10.1162449800051,7.63793376064577,7.84990977928484,10.6447320750508,11.1439557988096
0,6.21305773660286,7.69323643113159,3.28706754725486,9.65632244392127,9.57438397191899
0,3.86797482958298,2.68868547626334,-7.80051220525811,9.22937464788262,9.83869454858414
1,9.97427478223018,1.63558592610594,23.1205617324301,8.87505405064504,12.3365368074145
1,2.95391203490497,-18.9698717104297,40.0735673329502,12.1782094765018,16.2347687201747
0,-8.05511075232093,39.1038989240198,52.7544641960417,10.6720050223999,9.97471349733615
0,11.048444395911,16.2422295960283,-4.79029125183562,12.2298681160878,12.6879474377946
1,-4.23077837995199,-11.1489928992731,35.697072998495,10.8513097869775,15.1139219718855
1,-3.3609026099811,10.8115406567528,7.18082686745806,12.6589930776745,20.2731796768314
0,1.47082253091853,54.1479629495162,1.59866903885177,10.4070493096341,10.9076895048226
1,-7.22742456239888,-11.6823520225629,15.6532928373913,12.2760351779578,19.9914919830833
0,2.55109260037046,52.8448259112525,31.9688017473136,9.9138556594205,7.23362729543845
1,9.34613899542776,-11.5176873140345,0.663837870942177,11.0002971271803,16.6841845882805
1,8.10389169539329,-14.3664808628936,11.7206299518578,12.8952378377537,20.3013875709707
0,-12.4892395043296,6.98189750359799,-10.3918270457636,8.21364502835326,5.08204605611282
0,-5.76009351704693,-2.90018914002132,13.0055366026645,10.3905617371458,12.2367850945386
1,12.6657369111151,19.1538038423069,7.4022195163492,12.7887134682489,22.7800713604458
0,2.49234795073203,-0.6152380442644,-12.6314317328859,10.7915743694678,10.524336628875
0,0.223891837919959,2.58048673675568,4.24609234819888,9.04959610648455,9.07832340156362
1,12.3955851797328,-41.3256593905348,10.7003468666754,13.3195586680644,26.1391047895388
0,0.542855499141587,37.2606243056486,-15.1979122475163,10.6740858595489,8.77965037496841
0,2.80886900865729,8.02965176616304,33.9261571396703,9.8939263276466,7.87158184495958
1,3.75630614743112,6.12869292090955,-31.4238551548611,13.7976990199579,20.4223099892277
0,-3.65558907877612,0.285817594374963,-19.7484819970546,8.87838310284522,11.9990408023607
1,0.0249094295151425,-4.50482933831995,1.57712213435718,14.3996117875161,21.6443502497824
0,8.11003891271816,-9.19871952680738,-8.78424557863346,10.2064949843003,10.7011090974857
0,0.757152602150778,-0.415634002103816,1.9490906734005,11.2432255933448,10.9588645017972
1,28.2403086044783,-15.0479400673944,-36.1453618749439,13.3624668867054,20.2989446806843
0,-0.632577179093024,-20.9783722435837,-3.99175547296257,9.2550363153638,6.46949780484309
1,14.5649369622787,-6.03862754034726,-23.612719067264,11.4058881093552,20.3503668619244
1,-10.524981664902,-35.3033957269023,-3.98965537975753,12.6127895929128,20.8453937109222
1,3.19936792145628,21.2297713165588,-25.1500061083774,14.2953481121247,24.9349879453395
1,1.70652065246928,-1.62535967377833,-1.56292990041292,12.9775847122146,21.286486016923
1,0.351311257352442,-22.2750656294765,3.2407072570323,10.7186028434284,20.7958242716383
1,-3.91035448574299,7.79289111876959,10.0069862240628,12.0117204274736,17.3005751835103
1,-1.30415392844764,-25.8763238663868,20.278318973826,13.7003997367618,19.9639208397472
0,3.43792991236213,1.7491282317927,1.11566728798998,11.7010176551202,11.8802404913241
0,15.9773122918803,12.693946413795,4.75332373745938,10.519494281311,9.68056494839715
0,-38.7238227925612,-27.2833479478868,-16.3290956305977,10.0654866223603,9.64821702973272
0,6.13679340177345,-14.0792975336504,41.0972771197157,10.5045415792869,12.3318249298014
0,-1.35465156122534,18.3068270145372,3.16148735916135,11.0492838560046,12.539809385331
1,-7.56110353723344,-2.44841339352792,14.6853953728645,11.5178119101875,18.4645483555642
1,-1.16714709308862,-10.0449494865557,31.5735941576095,13.5985263093032,22.2348149303655
1,6.76933209250426,4.39291351827255,4.66806878434245,11.9004925819058,19.0053880053444
0,15.7945815389287,0.34768328490247,3.10300458639547,11.2448916504465,12.1339019774199
1,3.65387223782519,2.01158547263124,6.297262570601,11.3291140823681,17.3688031770321
0,12.4433613076063,-42.8799386262043,-4.33175320427786,12.8011103491672,18.4219635706258
1,8.81329080477794,-2.44225258377708,2.24107476441119,10.3770734059986,15.6541200759886
1,-2.1703768232816,-7.07555632281104,17.7932747662424,14.2768705362999,17.4432405726419
1,0.863726842205543,91.64449677344,41.1258388890515,13.3077512896859,23.4432708919835
1,-0.445221657326092,-19.9376650023729,4.25607711749187,13.1015222107372,19.687686328583
0,46.679114810925,-1.98747255641704,8.82638575068447,9.85160741799169,8.59843295161769
1,-18.5320959007145,-1.46528107727675,6.66338673803246,12.3896438655294,18.5499986218575
1,6.53882874056807,-9.820902227364,-2.52281794643961,14.231217966784,22.7466539860557
0,-14.1100723273035,-2.47029733516766,-6.41535045077499,10.1526577595176,7.35843058424225
1,-11.4317658684977,-0.83966089727578,-38.7696744600169,12.9729830912608,22.4066461582863
0,16.8667418961548,-0.96706931695034,19.777785598867,10.9819232928271,9.5120802376388
1,51.3497345389397,-32.4298198592129,0.0157974386274496,13.1534399460848,18.2700581642371
0,-9.63924221158028,-5.90787394769678,-0.352856671622869,10.3136333584073,9.49439834776786
0,2.08221158304875,3.10644527365056,17.3870385737034,11.8049705785941,11.735013130077
0,-32.3074584471369,13.0657226109046,-6.94963089898283,11.9219758146414,12.9544467160457
1,14.7544527582001,17.4898609311738,38.1603258902172,14.139581684181,25.3889976756662
0,-7.75339570750357,8.80002940362191,18.8342916618139,10.8812425944188,11.9963717095348
1,0.217592557059736,5.65790736169133,-29.7794767231987,11.8771794747968,16.2574931012135
0,-6.13849923283963,21.8333376604661,16.9944789725166,10.9853806435433,14.2231864584211
0,1.68841051986632,-7.49958943957914,-3.25238098518873,8.78443200775012,8.55758491701489
0,5.25666695524799,-11.6811501907351,22.2624382889291,10.2120842190812,8.33347112635204
0,16.0053638601964,14.4195090150834,-9.83923257240253,9.04950855188692,8.6736585229601
0,2.83201160909865,-22.4638360086668,8.00680573568519,10.5019536751672,14.1564001798061
0,12.7978896701759,-11.9164113058158,5.23250799053701,11.2921961323775,10.6427286828651
0,3.7018316099098,13.2935048937153,-2.98240321473684,10.8378199794814,15.2368744217966
0,-3.42184960686611,-5.07306471130496,24.5763115189365,8.65191750191904,6.90782888324724
0,3.13590729421315,4.32671560193266,-45.2407724360954,10.5379509555709,9.88992785252711
1,-4.8724740605843,-9.51160939110408,37.0414482164513,12.4868448693501,20.7555428536661
1,4.07351142222551,-0.81576189146526,1.16892575813739,11.2692420135523,18.861042509442
1,6.95260624212689,-16.174573430064,-3.81179150659705,12.3698138875719,22.5191704437574
1,31.9724651113024,5.81862434369128,43.9864559438325,12.9522213757999,19.4986880841301
0,4.25565020165644,12.961565740134,30.2922480144093,10.2926291330512,10.2162294836134
0,6.85944687077,9.2473861187705,18.9003728982889,10.6709520475583,9.53166961308652
0,-2.57227555047924,-6.77918623821466,8.12121688392368,9.22501214620927,10.1299677322126
0,3.76717141125838,5.30443126768247,17.3699537643992,11.9799315813279,14.0592386920932
1,-14.3358578858748,-0.0997006457023385,-2.70443664824986,12.0496993679961,17.4763927220837
1,-34.3526856426246,-0.378594741619604,-25.7592584961497,12.2984420211497,19.0143156367047
0,-9.6117694539026,7.18925692990174,39.4343468228449,9.11978212440462,6.58462506309563
0,-18.0989130992807,-59.3492774470489,8.01131018857752,10.7621584470346,12.2198435650996
0,9.84128818879751,1.2603898031804,-1.23643189895686,9.61365070377746,7.18338372839538
1,76.0728026952573,10.0782104096051,1.84055547307717,12.5484488372153,20.4801992685903
1,5.28161235964685,-1.97938423231151,-3.87632014568733,13.3300907196377,20.0408542705852
1,-4.70388614233706,30.445308133159,10.6868011497692,14.1817111350401,22.7768862080281
1,10.5684376440841,48.5095060839948,0.939595305539347,11.7389166271384,16.1354188588266
0,20.3960604679046,-6.63037491035546,25.8240394657032,9.03445127647517,8.4193863508256
1,3.42769510747612,-0.443360992237145,2.48075431593471,11.4287582705549,18.7971190470212
0,17.3210898649404,-0.184645036881121,0.671411803680623,8.4466473424214,7.74507631114824
0,9.50816178466052,13.4791169997809,-8.00229836382903,8.36739055315078,7.75843519254378
1,8.87564060739337,-12.9365408075426,3.5524388297652,12.9279918110932,23.3613185696943
1,-6.168332200242,-2.80766845945492,-10.526761398627,12.3082640980351,20.2113703066245
0,10.7118397936958,-20.3424359678516,1.21203973384746,10.1950854267653,10.0349604425912
1,-6.43079665599312,30.589433826805,-4.91505666195314,14.697035720719,23.3174093430884
0,-33.8895126123922,-9.34431307128032,17.2752144171155,9.26238843874689,7.79575539238986
1,-13.7824721479387,6.73692468952241,31.1451503566453,13.4312052282994,20.1149850194982
1,-39.0875533953575,20.089698567772,13.7019452353569,13.0728735823972,17.7480508507055
0,0.0207445076473428,-3.49409268314585,-14.7020792151433,10.1182612597362,12.4869060014318
0,-20.5446828630508,-4.17652693893725,-2.5464968995272,12.0721352606104,11.6189653800981
0,-6.56608578910504,-2.98984549371045,-8.08497034036401,11.2386734774776,10.6668541928429
1,-4.13601915833886,-18.748275359543,-10.6349521714645,13.2403818378936,17.379722247537
1,18.8515133068497,14.6711132207228,-21.0258894049065,13.052696493332,22.3536760974249
0,-4.23238319183766,-3.13711505885379,-7.52462831534189,11.5955943986132,10.1262949373291
0,16.499581565224,3.05958603203455,-23.8713240263144,10.1012243150197,10.4675936170396
1,22.5506280700895,24.2259083356624,-19.5738947583941,14.7330055682696,25.8564819229641
0,-9.11390020242858,-4.96442861588048,10.4239069693585,9.44168725988931,10.141779114727
1,-4.65810779281459,16.2927344543581,-28.0582791907579,12.4706000321516,16.5641189615408
0,5.54566987935721,-7.80857836889508,-21.4538390513742,11.5349440870768,10.6618341627076
1,12.8470579563217,-10.5984021696222,-1.03551647198144,13.2223583884752,23.8791836921309
0,1.71037371734908,-4.3269156312157,6.1513125326331,10.866437619463,10.0401283459998
0,20.178124549168,-7.32190740875815,8.46175813604501,9.37019528622062,9.82753733382207
0,8.17170903323884,-3.5895464737742,32.7130533397451,8.30829285091431,11.5924955744946
0,11.2091355257197,23.4406018343062,-5.57640831336209,10.3064831773064,13.2011028482698
1,3.05119465696853,11.7057067177178,16.3209200548265,13.1943268574244,20.5105975872009
0,-0.368060049258602,-96.2403682820577,-0.147502855487179,10.8032675684837,11.9695468695052
1,-26.4156717807468,14.2960205423423,-67.9579661241475,13.3270698395973,19.2387601411464
0,-8.86819463383694,8.49308830092548,-14.9258815180216,10.3926409119384,11.8351748895168
0,5.30597335020419,-7.9178872560846,-33.7904250925456,12.5468028896411,11.0420168558232
0,-1.29458537365021,7.31289068360381,-28.825783716311,9.96364424895075,7.9047260214716
1,-5.340478963479,-7.82214414716723,18.7890128172996,11.3174719861422,20.4349969725967
0,-10.7636503970815,-3.48708201939701,5.19966423429756,10.929011287434,10.8162296637363
0,-10.4152439537943,3.79353815310844,-14.9182819290955,9.7140499457862,10.2249673062171
0,3.84224507147344,3.42676406315047,8.97197847282827,10.8841384116546,10.0821708793101
1,-3.54992619790195,-19.3069483119083,-12.9794876513943,13.7544102472959,23.2674837399071
1,4.95964349985681,-1.03234793611746,-6.79018731098598,13.1892712754025,19.3685707548503
1,0.552540044373267,-7.61840797605717,15.4068472286319,10.816897441806,18.97678931705
1,2.49422959211002,-4.1501898734489,8.99664441482482,11.0792535384376,18.0278367823218
1,1.30666990578633,1.22463192730929,8.01303849960954,12.6345044664342,17.1259723553427
1,22.9020175352444,-16.5091265870897,1.34996459546781,13.5528072570296,24.6312785948274
1,4.74921925094617,15.7814856294768,-6.94116808359033,12.8936567200012,18.2816488709956
0,7.5403259052365,59.0050420986098,-15.846842501974,12.3317160590939,13.2928158689907
0,10.5646825496046,-13.0227633513157,-8.91889518851274,10.3399195232972,10.6635876489637
1,-28.2084786653125,17.37763579906,-3.50485549811688,13.4717903076656,20.2661421532226
0,9.61330684148589,-0.765680509885876,17.3176346607438,11.4076126238768,10.8460115127495
0,9.40162385262233,-2.66441848686753,-25.4146823798226,9.87769640853217,9.42158570130336
0,5.96075677550087,-0.718306444614342,-13.2237173377043,10.1183701573262,10.5840101935629
1,-21.9778841737295,16.8533955767694,22.3584681570775,14.1166442362133,22.3925729588164
0,5.30287521646459,-2.46623212870348,23.607509686538,8.88128457968057,6.7383034027235
0,29.8791572729443,10.00818477957,9.24741514780767,9.72071248354722,9.5391848315367
0,1.03933867812792,-14.39885597615,-21.718719185523,10.7563239530503,11.1484446302166
0,-0.0744264339870549,-5.97645651229979,28.7383300581021,10.4414391700595,5.51715662468942
0,-4.3498310549179,3.73515743244526,9.2501560626826,10.3372852226971,10.9887897925433
0,-0.989154362767083,-14.5180315440283,-9.2586070595968,9.24356737100452,11.6355311363857
0,-1.42855120032569,-1.86307432776488,-14.3380258585375,9.96881691305006,8.68533282869139
0,-22.7100403658972,0.0395992119390618,48.838437935181,9.31551499230615,11.298212506443
0,-7.72518477668976,0.488420525485143,-22.0120321787331,9.74736228710578,10.6306965371528
0,-4.56339591115933,-8.85354713728708,-8.15261474823222,11.0985090688253,11.6215252044757
1,12.346154615781,7.28656932115715,-14.7174330673027,14.9730531320919,25.7038260293494
1,-1.60714113116684,-5.71330337417132,27.9310791926009,12.9268451557276,20.3503933132739
1,9.21865751886183,26.5927753126912,-6.59466915974432,12.3257382148716,18.603188272468
0,-11.1902500895958,1.8592249929324,-15.2940211251735,9.83181774954326,9.73919999123139
1,-8.9918051810373,-10.771417051761,-0.174125505075227,12.7572937342185,19.8196889717092
1,-0.656627764599,-1.52137780334343,6.8438249946625,12.4541415676149,17.5603620035301
0,-2.66150766693057,-2.84869075971926,31.1443611514184,10.6410259605781,11.0717365950336
0,5.34387625930268,-15.3416593265916,-9.44900429390768,8.05763445022086,7.32386958571696
1,17.8139077844764,-20.7359998703201,1.50316065120469,15.4259305342427,26.9036518767272
0,-1.42709783403432,1.40954788021684,0.340634756396472,10.4288245815097,10.0520760131155
1,10.9231009388646,4.10074533952378,-15.7980190120645,11.5374331786591,17.179170243407
1,-11.81649860057,-12.2704871284786,17.9777366290527,11.411418602236,18.8748228332151
1,-44.5764256863481,39.273631152143,-26.4761890077829,13.0923757708128,17.6584758001909
0,-2.8991329926686,-1.64345474728047,7.42211795387115,9.87387047171977,9.73410067198457
1,-16.0451084828369,10.5040231481092,16.8558018027459,11.3666954727052,17.8704341842883
1,5.53687903501823,-18.4281878009362,-35.7039464955602,12.2786884919526,19.7769887256882
1,3.21657533885212,-5.29753826481723,39.8066346482619,11.8017554529974,18.3239187027523
0,-7.15714897566372,-5.37421681026673,-5.87449221765339,11.0233336078744,10.0923369450292
0,-22.0552364431565,-2.54227411463516,-0.581859243677362,10.9570009985511,8.80643701275799
0,4.58921531063256,-3.4133869838008,-23.2726556157804,11.0195908568818,11.0716570883901
0,-9.47610693595912,-5.23383309086083,3.58825438299047,10.4581824667165,8.94900281574554
0,-12.075587608821,-21.8772412127496,-10.5952691154373,12.4393324886107,12.837156979649
1,-4.85031179612419,50.9248449254011,-12.7023945898441,12.7435413014536,20.9582416149998
0,-14.2336474200345,-8.40569461695723,4.56090678333173,10.9852073105836,13.028818857603
1,4.20363236739014,24.9017284504402,3.23300577032388,13.5527731079387,21.5542907874698
0,-34.7985010733228,2.43570444302963,22.6015353822596,9.06682515116051,8.83046065885157
0,-10.6414072694577,0.260157765989989,9.02968154919045,9.09654840756432,9.34957413927152
1,16.5614713958137,28.6688653815384,-23.4538987468487,14.5260302578189,17.6287397903446
1,-11.0313272159081,9.8638438074228,2.24899234454346,13.0193488158678,19.334242529073
0,-5.12481561253053,6.84471184621627,-1.14542150864405,10.1603718326566,5.94331642683813
0,2.62131571041013,-6.81707024996387,6.11318711370483,11.0164597226279,10.0789530466264
0,-10.7245371982137,10.7899443597717,42.6104442174175,10.6024657190409,8.87869946134415
0,-9.90950075739187,15.5057507971182,-42.909994280508,9.95775342020718,12.0188645170839
0,1.98084912975098,15.6365977533714,16.8622537462313,11.6022281413872,14.7867009123776
1,15.4316505104013,13.0389404967733,13.199998044467,13.6800081519077,21.5913706941611
0,-3.30693347557545,-6.73948238914972,30.0788363457836,10.48042668313,9.4770099174403
1,-7.41256164445601,-8.81738869495389,-26.8497089143825,12.503025047964,18.1566345714572
0,9.45580133717496,-0.170810430211763,13.8925005078708,9.76288676887411,7.72352805904324
1,6.92854068992775,-37.0687545925121,10.6816341132879,14.1158216400661,20.3795500833178
1,-64.2619524563565,-2.4264572047781,19.0349683788987,11.0410383572845,18.8834289985855
1,1.64522391783531,7.50410166764118,-16.3676857039165,9.83093746107118,16.0135658886376
0,-16.5503173101574,-4.52672365112061,-7.95908679385984,11.6225473751281,13.9329770396061
0,-0.960960878798439,13.3445821260216,20.8126970395902,9.66844322609801,9.49463022780478
1,-1.36712738659823,-21.5797958703232,-54.4572358787582,12.9430732859049,19.1414560188785
0,-0.877579197614179,50.8325108395573,1.39163721907769,9.40118300783588,8.63775779401504
1,25.6926726508654,14.8917225447566,-0.280353644407889,13.8951747948717,20.2406318376928
0,-20.7465198133315,-71.9896536319205,-6.33028409620701,11.7569520777247,11.4708083453941
1,-9.1275772699215,1.88850311162463,-5.56934757046263,11.7194888662984,18.1037383104953
0,-2.69547665920047,0.828838146181656,4.78710810204064,9.10227668149997,11.0339935459771
1,8.26498591818748,10.6938940224062,-6.17370921348884,11.7612797968974,21.0352136321698
1,-15.0003720555685,2.59683169189814,-27.5474179462108,10.8446271315264,14.9458872055497
1,-2.18883498564662,5.48680737437074,39.7050436978946,13.1352306760133,22.6406895665738
1,7.17972216517745,-33.4256971465534,-14.8121523730425,12.5653765659214,17.0707152793607
1,-7.24722893163839,2.25326313658325,-41.1835972859143,11.4490791958503,18.7813177850784
0,-12.0519431088688,3.83454003706363,12.8855094043177,7.32993882456057,8.83431733603127
0,-12.2824493534458,14.8982960154068,34.9176205324395,10.6326785573916,8.6469739304698
0,-10.0051297848574,16.2071636229595,5.57501827389987,11.0532135886285,11.1586496461383
0,10.216247986746,-3.01555414101639,11.2503531644945,9.31976781959964,11.0874238507607
0,11.0812918375275,-7.42627593616976,-12.2696651147909,9.98415033954994,12.6338835096813
0,1.48921935841079,-8.2312539167133,-38.4829660968216,9.66013150255173,9.72781400890433
0,23.0182519887543,7.77375012932272,-5.2868954924193,10.9477501399339,13.4145575304602
1,-0.624216543482496,-0.446438015962474,7.96991790890162,14.5816354191199,22.8153807869998
0,4.52990162709912,2.38921444815634,-47.0923075361262,10.303952819051,7.34314399408894
0,-13.2235731813818,5.41133277915959,12.8245062718337,10.1193456529412,11.1506911544131
1,-17.6598182436339,10.4606779394469,-5.56781350274672,12.484190604237,20.5762776097295
0,-1.87251438497637,6.4235470657097,-16.8821369999599,9.79924239480303,9.10979789666273
1,-7.24857685150069,-10.4897825845347,20.6125961475226,11.0425227953402,16.4632096465269
1,1.22155459823487,1.18023781991768,-3.91871555761095,13.6779098352677,20.0399387142323
1,-1.43335101299434,2.0743789598358,10.8365987993481,10.7232971539625,17.1332255917179
0,-19.772784448573,4.48794660634765,8.59966230518715,12.5137721375964,14.6301649266639
1,5.85166945924413,1.60517269232651,9.13639449624535,12.8268251897085,20.5410662915926
0,10.1356346654915,4.99665374539499,-45.6832951345867,8.30135628177085,7.14148119388097
1,-15.2457076768874,5.38052337380716,-25.6237969430956,11.9733811287884,16.3376355196074
0,-5.28579001038655,-35.5359978307063,-9.08460435679699,10.4413273593192,10.1677133275289
1,-40.6253678242232,-10.2310314037591,-7.43595205945439,13.4375687560828,21.9641322284205
1,3.989788926691,6.50264487202583,-13.0040359643487,12.4936728786265,21.0944755540892
1,11.6353572826831,47.3325233027838,-6.94141348046883,13.289219529404,18.821024682615
1,32.1542623376405,-10.0501518945719,10.6982082005114,12.5060412929194,20.2414358164525
0,13.7741814740093,-8.75047890647301,8.50924263636057,9.34172517216536,9.6826316220061
1,-5.82353824429653,5.34332777346829,-1.50231901296173,9.64596230455193,13.7399178068344
1,13.8837568403832,-0.487985238055285,-39.454187062757,12.254621241673,17.5232224183757
1,-0.463923200803369,4.88815794049233,18.0312636516168,11.4857021844926,16.8835064562473
0,-4.95878809951702,28.0807645742276,23.4030047036873,10.9878977244962,9.664623242652
0,6.81798985610731,6.39039127969905,16.8781313739277,11.4292969562074,12.3318574357887
1,11.7982155760076,-22.2971243553763,20.5967189658283,11.9501601167643,20.2753809473706
0,-18.2669742868777,-2.55453617812327,17.6302354509431,10.4384605630253,9.39347218449065
1,31.5479543445949,24.9097916998241,-37.914447848373,13.3779529951338,19.5719741371137
1,-4.58694652455437,-17.9043246091887,-1.21982539567209,11.9336548069125,18.954194842966
1,2.48841355889226,3.81547578692316,-5.87579920770063,13.3953765018586,20.2925187198535
1,3.03279664008767,-19.2594583779781,0.0932979461735984,13.2726061722798,22.8351640470689
0,2.22490134176357,-17.8617801405696,-6.28624972134052,10.3269771895688,9.00615778223196
0,1.37331452408699,-23.4766464464562,-18.3021406430511,9.2954974241828,9.13665529932164
0,2.77645483211815,7.62395554818705,-10.1269680378931,11.9362126118583,11.7515794961278
1,0.345177948634555,51.7208453887901,-9.65993286839564,13.1841155187162,19.9400954204646
0,-3.64852376121018,-17.3215408599063,13.5840189486196,8.88593476698723,8.68744715339328
0,13.7796160915032,-13.1562629614498,-6.2830355206013,12.7186088216938,12.4877701747056
0,-3.1245185581302,-7.75249828286675,-29.8853410874177,10.617853779531,10.9399434960827
1,8.31283033876952,0.4639829233656,2.34600882889893,12.2887429036064,19.7540865968093
0,-28.4836775272202,-2.29212155567734,-19.2924616192855,9.75354830559713,10.8382066504565
0,-5.64094094701055,-20.7370348734919,-0.763239030368575,10.2852835128576,9.71100897486867
0,-4.37319738765166,-1.22900143449119,-24.7442693519062,9.76094897098585,10.7430449637987
0,-3.64670609234135,-13.9349839573704,13.9223822815633,8.05906131500189,7.98624079848867
0,-15.2331518274362,-21.7846058426248,7.10624351695394,9.79544771187235,10.8234501175937
0,-18.2842303772334,-15.6191675053247,-2.15288252513247,10.6739502001522,9.0031878227214
1,-16.1816395035512,3.50030439616704,22.384231057688,13.9106427990731,23.196517947595
0,-6.34340263104183,-11.6664009206504,-16.1614102406152,10.2266954063901,8.78362236372962
0,-3.40818875003678,-0.873837250621857,10.5214720405822,9.49682563738391,11.4270423607493
1,-19.1049941384301,-6.81819609408695,-7.10604954029982,13.1555861997276,23.3964029119698
1,-9.07717610456853,-43.3085954511022,-4.34064267968552,12.7588606767561,21.1922665866661
0,-1.6804737079121,-3.30438880691834,0.182768871078253,9.21145703290505,8.98806341448665
1,52.5613314248052,9.81279278254501,13.6247520769652,13.1273073901696,22.2947902769483
0,16.0749566264094,15.9614767531238,-28.3795084483445,10.2373502194419,11.1531313555561
0,-11.7381300120434,64.7394032875318,-49.1507368129454,10.4574438635054,8.0445104196049
0,0.917715438593599,-17.4559598596253,-11.0023277529746,10.2804160585294,10.5550249360629
1,15.7750520696335,-0.97922462474829,33.7063500668227,11.7592979486435,18.9012918754217
1,2.86189933140669,-0.597075211798723,9.8618807225743,12.3224466223282,20.3321283532505
1,-3.48531898820134,23.8044820072193,-45.0612163450936,12.169381017057,18.8268883300284
1,0.892467816468846,4.19932562469961,34.4639147190032,10.928516803982,15.2142658099509
1,7.46860866348274,3.07206469139696,36.3075546993621,12.2480240232334,17.0329152973799
0,-19.6103676939092,4.53396347243898,-13.0266115030442,9.67357835474092,9.40211346054923
0,5.62321333476933,-38.8323344142896,-24.7914309111684,10.4447043939229,12.4743523054966
0,5.36377041233578,-36.0568535725177,-4.39157183449011,10.4978778769013,9.92980198591542
1,-18.0022979483568,3.65556863629079,7.44709954927454,13.4333142392767,20.6764417305201
0,-3.43797435545496,7.44893310703662,11.0962692848535,10.2813140576692,11.3338418639513
0,19.9559510387195,-8.0251951157675,-21.7970608757357,9.18613084283023,9.6620540810545
0,8.42826952020101,-8.06918767733683,-12.4967806453053,9.15487343009803,7.60079090059951
1,-1.04076297612495,21.488710051424,20.2194918859308,14.3779753312698,29.8235169699808
0,8.83232925292416,5.71787070973868,-12.3347783287337,9.73696221826579,8.62024125294058
0,2.05662952007465,-6.57583184832286,-6.70264492291538,8.18291280002258,9.08167328616289
1,3.93702376896549,-22.168231689477,23.076602075116,13.1986727560327,21.9844980237987
1,8.28693574941635,-15.5733971000681,-13.4068828950393,12.6819588415232,20.2238461751996
1,-16.5082938970095,-5.18215480590873,13.8834841090075,14.2743846704811,26.1434351666163
0,8.82346049316642,-9.27279648950633,-0.234778769248365,11.1400348802025,12.7884852449678
1,-16.3215735469025,-0.224383473537552,-4.62711164078386,11.2066783973443,18.1250048989628
1,-2.81485041891444,-15.6407675314901,9.85657859194296,13.1150102933726,18.1229990572753
0,-6.87206452077455,0.213170442286521,1.05652151191983,12.5776006974755,13.3651975120559
1,-2.12692287624588,17.674274953935,-17.2950243427009,11.7584732513973,17.3426238124408
0,14.5223068461745,-2.64215831555517,-61.0617489541275,11.5254820294637,11.7571179409962
0,21.3924317166502,32.7797691173861,22.9429543466346,11.9942052445745,13.0680834636067
1,-2.56074670241979,-15.7426381273098,22.1668584301312,13.7234212771218,21.9500650693998
0,12.9173904884083,32.3728862186539,8.27223236389387,8.7070103179487,5.58136046490215
0,-15.2436534288556,-2.19167732528829,24.8446653710575,10.3312177210768,11.4929703740621
0,-12.8237148605101,-0.0391507666801152,30.0937668748738,10.9173008976524,13.0525971481059
0,-37.5230602986608,35.8002779897232,30.870324995061,12.2237898142844,12.2011026431095
0,-3.50303413615974,-8.48560558120612,-10.5127715328135,9.32727285785692,9.65111331091964
0,-7.40675103228041,-35.0734648283914,0.612015139433229,8.85738392312824,7.59019440866205
0,-8.03885942701006,2.66335533394987,-4.1803733087561,10.8940263003255,11.5451492242046
0,19.3650112625058,0.194415200233294,5.40692834570914,10.4609560820932,10.9329047652531
0,0.0524370410339863,2.36917156442184,-1.60297676234791,9.36959470387143,8.54049316601004
0,4.61888829176774,32.1883124919124,-11.7053538715471,9.80746273669849,10.9346147041242
0,-2.04457154424746,-29.1343093197511,43.5256322785199,9.40696395066656,8.17969001757811
1,-12.4802585814872,24.5015273211603,9.18243435928168,11.9835035006398,19.3787381528346
0,-0.821436641182957,-18.0501199707796,22.9762304359962,8.39124388467058,9.54006864711964
0,15.085915031751,-43.977818262483,-53.3696215874985,10.4467180910598,11.9210006534656
1,17.0212954620748,33.9458895172486,17.3551804318159,12.2239244800314,22.3260373050849
1,4.86950487244438,1.18894660125304,33.7570633830844,11.8013883887573,17.8046030829497
0,-8.09108463107736,1.01268971017896,-26.3025736247698,10.1587949708199,9.16142486232179
0,10.3981926816512,-3.91226298941454,8.68217990441763,9.01108729811,11.153106972892
1,16.3890662880589,4.74355872249982,22.2669906901595,13.6192925963958,19.7028449565269
0,-5.89654759842693,-4.4674779350125,25.5935662309493,10.7974709582944,12.8355506848382
0,5.08433067055754,-21.7630581987599,0.621110374792519,9.98058325355504,9.04425521903482
1,0.735765520379524,11.4688307427239,-43.9364376628421,12.8845006695296,20.659367561122
1,-11.3249757830645,-7.89826814578736,-18.9208525170576,12.5118497226673,14.2974486989468
1,1.73594179965099,-12.7769289326242,-6.16451182110296,12.6878342174542,20.0697350037714
1,1.39397044214512,6.5005518935274,-2.88175953203815,12.0124233591505,16.7574040971122
1,9.36945135872204,-12.0709845848859,-17.2981083436133,10.4509358224481,18.4875402148356
1,-17.6532771986388,2.87698725473034,-5.171567277759,11.6128386984644,17.042677071871
1,-0.233561580260624,-18.636721645169,14.2519238672866,11.5717038717409,16.8341815813223
1,8.46682165644302,-6.34023073126945,-15.0547994536485,10.9309730095958,16.7386280398895
0,-14.5494982496991,1.45076497845397,1.61787998204159,8.44544137272771,10.3709709754312
0,-6.44900775363277,-15.1211703263652,5.73629250404594,10.3957165056092,8.97799076116957
1,5.30502171785795,-1.95530810336561,-2.15595105763483,11.4037549059352,16.5122703372722
1,24.4599455442562,12.6971619592767,-0.00999176344002127,13.271511175998,21.6534728168293
0,-9.93990190770533,2.9095563646563,-8.34800300432422,8.37202362010095,8.85666971845172
0,-1.50246896931839,17.7351403418864,-5.53146206993436,9.85850702161286,9.24749442660802
1,16.5392284662612,-31.9123688827031,-40.9701703851727,12.9332464237766,17.877373302601
0,-3.61505939847838,72.8552253949657,-0.955319845145652,11.5052806820201,11.18067081797
0,-0.913163450757023,14.6937038345178,5.51729590732014,11.4773810013295,13.3524065404948
0,3.8189880866927,-20.7732261423321,48.5845867532523,11.8228201095363,9.85258349490256
0,-25.3745709479115,2.03170430971963,-11.0801836118564,11.4703821843436,12.7628861704452
0,9.13542854872881,-6.86554361266551,4.49294223041092,9.73898074681334,7.21883008028396
1,6.09574659807254,3.95500084395477,13.4797737087473,12.2209495649368,21.4984767528126
1,-3.84947922045092,-8.25000200424336,20.13011143472,11.1111460249041,17.8528481657464
1,-11.2052440012384,15.6718094130864,34.4265374924099,10.8562628402797,18.404435066705
1,15.6770752181053,-1.7506842134302,28.7519802418921,11.6014190732732,19.9407348222897
0,-29.7204188862314,2.2322631650867,21.465361930011,10.1400783025477,10.387941854878
0,-16.9845185821194,-7.6226941254977,4.79198471258359,10.6751274083755,11.0727567751787
0,-13.3886192333239,22.0773271965182,-19.0187370299898,10.6511004232992,10.9339030873645
0,1.83313528266995,-13.430037974013,-1.92621172310397,10.665872280774,10.3462223037274
0,-31.3392940802363,-0.887133667737959,-12.0264321159552,10.4681932266678,9.71064499092429
1,-7.78238966310743,-5.98687685164746,-5.41201608038271,14.0875858117406,21.2315672139264
0,11.0191145931256,9.66682375655514,-18.4417722058486,11.3815095898642,11.6775898420455
0,10.7083706436836,-53.4590457983582,-4.2090201517443,9.9258814703036,9.59687506805757
0,11.5423247717535,-24.3284792173034,-21.483707496437,10.564328430329,14.2249883547636
0,1.26287818831474,0.213244538672276,0.0918304618135004,11.0337137085125,10.4668275614507
1,7.50379125400943,-6.0675381516934,4.73849463344203,13.7055004960258,21.8101989154003
0,-11.6165226516382,14.4510500408009,-2.12202626344553,10.1154998173302,14.2852400240844
1,-0.396709966039766,22.9989993207675,19.8860298682062,12.6724586594374,22.4711440890285
1,7.1961873434379,-9.74291982382652,-30.1129047886108,13.9352712232518,20.7230031921717
1,10.8499951619866,46.122288584658,-22.0940355929062,13.0966525341014,17.406204111739
0,-7.12265130682973,-8.89189770926006,0.839571922210276,10.2551969850158,10.89795510838
1,-15.0795277613232,26.1614180598747,30.0296371304226,14.0234198221994,17.739360269199
1,-7.82700472525928,-1.92072477884038,12.312199620626,13.3378296745899,21.2232459316535
0,0.417844028951408,-6.47009566454905,0.0959591954954656,9.62347971407348,12.2859861434689
0,-54.2809865463775,-9.14555375621392,-7.13832404282558,10.7122895874163,9.49689566034457
1,3.27251773959356,-31.269793820027,27.8239303485793,14.0472117528114,21.1051636474546
0,1.08563886116573,21.5928437464241,-3.42176740858175,9.23531319982339,9.70987237600474
1,-7.38830838446095,3.23622576596167,11.1444145573134,12.2128611150623,20.3112835962971
1,6.11784164343784,-27.4414949250148,-9.26647780987124,14.9509869841469,24.3320358543889
0,-1.04110520503484,-13.7299172544582,-10.5507577776548,10.2363223353735,10.0932488779728
1,-6.03852829932,-6.33900296239351,9.86063052909082,11.6566897947696,17.9990995252849
0,14.3295291641817,14.3110438745191,-13.0792194445492,9.59537794236536,11.1786615825787
0,-13.7897110908037,6.61534210006643,27.2688847001316,10.3412474872794,12.4857227995931
0,5.28908933509519,-64.1996043007805,-0.29046834172851,11.6997861639272,9.20806642143104
1,-5.07819958377642,-9.38415052770457,30.3988689940184,11.4341056027298,16.9470598603413
0,-26.6636614929307,2.58094339165402,2.40532340460928,8.69401478247888,8.37304230802051
1,-7.74017205693719,6.80320918110117,-29.8586017311036,10.0622299598605,13.5375547588402
0,-3.4449116292696,-0.645142938740167,-5.08855376013339,11.0294601112573,12.3194078497489
1,-56.0686256883204,31.5936333349285,-11.1989621730554,15.6544248746565,24.9181559740387
1,59.9385754510968,1.75239744627874,-16.9039502475945,12.4875761621075,21.2887011556833
1,8.10706222897513,7.54245351814107,-33.0640702094045,12.0160211074047,20.9117118235097
1,-1.39552667233545,-21.1513445248243,6.81378698477617,10.5632538598818,19.2355162214268
0,-1.93870958614385,12.6330615411202,6.95512027855755,9.94469666538118,10.8939923134397
1,2.48491767162499,-11.8145407712212,44.0739236231143,11.8212664290078,16.9437091545044
1,1.15033391199018,4.85067671114056,-12.8162544977159,12.0592268593845,20.2802318955685
0,0.0364422494873378,-3.20760689684235,-10.1901275228057,10.8633297873852,10.4458359226011
0,-6.71346131803509,-16.6261574097325,-14.5708968140436,9.97748699218495,7.9477855527719
0,0.933941529044281,15.7330381750944,-19.58167702048,11.1361103700537,10.0252245522219
1,-10.1773731562947,-13.1190340401499,19.6733571867209,13.4137732454764,20.4800807819601
1,-4.38904845694662,15.6391381337412,-25.6448410361883,13.4747089236525,21.1226559637353
1,-9.70817436860756,3.73171578897732,54.180247560426,13.2578166578602,22.2471611721157
1,-1.60687267934442,-13.9285564050647,-5.62935158318776,10.3483983812422,19.1398839310099
0,-13.0320374015378,3.95130259255257,6.28544462654337,9.47069235738964,9.51171277729917
1,12.5131535383028,4.00423254781216,6.32108593949057,11.2994221284176,18.4654905722298
0,-4.32805012919289,6.78756547542116,-12.1467152086939,9.35251948334949,6.5445250250803
0,5.06928170802406,-25.8262908882786,-0.79149196525899,10.7587636149013,15.3497301215864
0,2.92907078991062,-21.8505549271175,-17.0556224961163,10.0080015384973,12.9937393320243
0,-2.97929788684534,20.8492035818537,0.24650284283967,10.2517033803454,9.33641537507728
0,3.53773590249142,-13.8295089319116,-44.2264140170172,9.87513648994863,10.6612737337844
1,7.37696487696467,-7.34911843376794,1.68434632161337,15.069975382879,20.6316553209183
0,8.5756823953217,17.117080490725,9.78095638690594,9.79470744870983,10.4327226627384
1,-15.544248172459,5.13900212641721,2.55113601559283,11.3289984147736,18.1986278816231
1,7.9384874928804,1.54218637269337,23.5527182377607,12.8976834107044,18.9512536325603
0,0.267195348442384,1.66577622847163,26.4955788734948,10.5599791898431,10.2298000765281
1,-0.330414122821839,3.61352905108883,2.68309043454711,11.4945651439581,16.6868499698286
0,-38.0292848471639,6.22054970178238,-2.55759523810943,12.3049599131456,9.8390433427566
1,3.73318845664677,11.1765728168828,10.7092247934356,13.2220297802204,20.0180048175106
0,4.99868155937666,25.5357922804024,11.0752260521076,9.7075148937001,12.4345697768001
0,4.41834139953778,4.56593895516294,-23.5413022372704,10.3688485990791,9.73507954949847
1,-11.1376896270401,5.38155907847563,12.9390122518628,12.1300915611521,22.0363768594649
1,0.336867689029782,18.5843569007112,14.5508003564082,11.8917081111153,18.2640729444002
1,4.36279483589679,-1.92015755875134,-30.3326657910348,14.0617285594437,23.829941273243
1,1.58071097909504,4.94971544608877,-45.1007635095188,12.5867582004293,16.6709277408742
1,41.9413870230882,-2.45751973497372,10.1228889111166,13.1990660750065,21.289630920963
1,7.35132925741761,2.72140449319906,-37.870848195508,10.8065674558714,18.0043497163922
1,8.40106917259467,-1.11511965649163,-5.34952642217638,11.7075639006376,20.9005360108009
0,2.58247006607293,-11.0422001417362,2.80163370158458,8.71955037336379,8.97188388077825
0,-7.58143050391087,45.0016411213144,66.8162347282103,9.78555872674048,10.6702628006116
0,45.1319474084798,43.8767492203091,1.78992131428961,10.2239461131173,9.58714481850837
0,-4.69082474498195,-4.92854889654994,-13.2396686782647,8.76594843863571,7.34460962029856
0,6.84947874875764,-34.7604188312466,21.5321820667609,12.058542306907,11.1720827250194
1,28.6944863271925,1.0758228653656,14.3671573776717,13.1663699130823,22.129296874052
0,2.45465806206205,35.0555027573283,-6.39188806440426,10.1014877098497,11.7836839208818
1,10.2285371107668,6.76353233699005,22.1298750770447,9.4673804946366,15.9826470557128
1,17.0405068987407,7.34942924666264,-12.2023785498691,9.99910686552401,15.9714015475791
0,-21.6616040395217,39.1418458587843,4.12875983316442,11.6834501712343,11.8075595998944
1,6.19558702339743,-6.30918194638233,7.40061762311386,11.8731391059449,17.8299408241663
0,6.88979639488155,-6.96420044879013,5.08654190357649,11.0601307237388,10.4849639906198
0,4.62427666559791,-1.4315367361132,38.3118630242822,12.5900369774068,14.4067987793967
0,10.741972909417,1.74910060671709,9.94722865520596,10.8944194642737,9.46206920575104
1,3.54239491377,10.410249616993,77.4828584608941,11.5872196337977,17.2826314707064
1,-3.25255414175943,-12.2977556726358,3.01856668133864,11.5464449896428,17.7331607088643
1,63.4109831960263,52.4744201115945,4.59031709022958,12.7644006749759,22.1997734290012
1,8.70231441347205,3.12492317597838,22.5032090265457,12.7483058068996,20.7113706517449
0,-12.055525507196,23.9131404897974,-38.9920838388584,9.28025479996447,9.34520202046625
0,-19.7158758795146,2.17608712581534,-21.9968380655667,8.98393281409579,6.73908221714099
0,-0.897768894262447,-3.04193049964778,42.8679215863102,10.598453959351,10.9772788340611
1,-8.75968872046929,7.62077346651614,-11.4703319260876,12.5566012615576,19.5521756850779
0,7.1443356341482,-8.45930633613129,8.39857665390485,10.6858759166549,10.8712963833918
1,0.126647705073465,-2.54632216875573,-0.617833821425014,13.3133207260175,18.8092479251805
1,8.20667364465931,10.3541457719946,-1.12194125894253,13.2211977628832,20.618789604709
0,-5.0308006944079,11.0835559771459,-13.9805911721021,9.46649926197287,8.75360529149248
0,-12.5653447726544,5.38736266791974,4.27091422464363,11.3673881090633,13.416891425195
0,0.27395990466574,46.651479894288,-33.0732551548419,11.9266250503319,12.1403495202692
1,5.78635045004501,19.4241518097409,11.2555825551133,11.235544122919,15.5151589521011
1,3.10048820884521,15.6875769706491,-4.32643294129467,11.3006376306123,17.2116463380265
0,-18.9948221932832,-1.48541182256234,-5.48802390496515,10.0381569095368,10.8556408495507
1,-6.89495674656892,5.79201551773206,5.24348298552231,12.5760482402877,19.1363998024543
0,2.94313328020638,24.5300793714045,-8.26244451908302,10.4560460177643,10.1325408180928
0,9.93681869893971,7.36069335303102,-12.6443438838165,12.3950369938173,10.3017451267408
0,4.74098949173624,37.1503394581658,-6.04530035930203,9.59012947041257,10.2590972466205
0,-0.345997448820831,12.8106202916565,-12.8053844658398,10.5922171667992,9.60451110783936
1,-12.5864824045837,-1.15095070257823,-12.2378588358648,12.342965231347,20.6314360328261
0,0.435415689832609,24.4004794923205,0.700336609228193,12.0201180722274,9.84775681358758
1,17.9164844443365,16.6182175025066,2.91448313607111,14.2724988763693,20.8790369858926
0,2.89974516872785,12.629288370888,-20.1193146007852,10.9480988016069,11.0683296564912
1,32.524531435698,26.0733565799411,-2.70043784868604,13.9729723811345,19.4027084200874
0,15.9038263500953,-20.5293304476847,4.80487754930395,11.0661009568523,11.1208178127981
0,-11.2545735046225,15.4136515477263,7.91379786824003,10.6578264204069,11.3441748726109
1,1.49958403385497,7.91815074799221,-16.1920139704541,12.338466742472,19.0256694663288
0,4.15067849076139,-11.9982237080044,2.16513792861295,8.39809906038703,7.84475921639749
0,-0.868193635039002,-32.4212978880221,-6.68596878944144,12.6694370545935,13.1094517554977
1,-6.04204347234981,5.34174791216438,11.1092620761911,10.6851539214205,16.4324820095976
0,-5.08270499578178,0.488357613384729,-5.34165130860736,10.2683321297299,9.78067024485794
0,-29.1434343903537,-5.62252443059789,-2.40578512562367,11.9419131406144,12.0635829055108
0,-20.1090765347334,-20.0641351926526,-19.5543380798912,11.0185662711886,12.7505675761167
0,5.38688321695491,-42.3567656397174,10.1132401752144,8.89827017919266,10.1165010248945
1,4.55727342763533,-6.99861411975399,-16.7635361479422,10.8113273651978,18.3790904887362
1,-10.6439168573348,10.7984987133338,0.071223636279167,12.7592697185302,20.4763348889523
1,-26.8645892169114,-23.7197863977837,4.97236039069713,13.2581479673216,21.3449906288698
0,-6.03137069593959,-10.376216509462,-0.886293454426347,10.1275062121725,8.49766256166118
0,-5.86926109224885,43.4612788205958,-8.37797695720189,10.0613812667104,8.06166981489147
0,1.96035531797643,75.8898896651085,-4.55052998564981,10.5286451075368,12.7667297672185
1,-20.8430241095617,-20.5359740863734,11.8919745188446,12.5700783144311,20.6188831056167
1,-1.8229687750597,-2.58301332411387,-45.1285673930348,10.8228772944979,17.2305911855843
1,-7.6524218737613,-7.49539371691131,47.7127555358351,11.7981873994521,18.8019724939982
0,-9.46313785749926,-38.5766193442732,-5.47659690374912,13.4189849676011,13.6375600409721
0,-6.38305158302755,-1.97947881528819,-27.1155009848139,9.37585124398008,9.70632343627716
0,-15.8514412129306,-11.2505221040188,3.1613656820009,11.3833432786188,10.6881832849105
1,7.01985440171671,1.25511548451494,-14.3447990319956,10.9979773976262,16.7857930367433
0,3.76649950576441,-50.4098253222458,-3.83145878452353,9.70115579971259,10.4182875467585
0,-22.807919827145,10.6077797099838,-3.55558221231956,9.23198224002284,13.7687026637219
0,17.1542197110291,-16.4339587518467,-1.95813818176548,11.2083495045027,11.1312773733509
0,-9.59453688230898,-7.53100986624279,54.2278863344728,10.9159043357948,11.7781206084949
1,-11.6048052637353,41.4758415211892,-77.8782075547589,12.2921704065779,18.7982642913498
1,26.1697263711256,6.74486483835376,-9.32528396981715,12.4308462564875,21.6573434135424
0,-2.88340069480111,2.6981372307207,-4.19049163227086,9.18929409349489,8.64213869423354
0,3.11944193994154,16.8423597019822,32.2812432780322,11.2948721960768,10.3876661000656
1,-9.84420022291572,2.68654799458445,9.96584467762695,12.8820433272975,20.413472324471
0,-6.15502198314065,7.78384898557589,-26.9829049810806,12.1500076553684,10.3334000191202
1,-6.59214947755181,8.27785489561266,-38.197734132192,10.5648633912116,15.9288301605588
1,-1.03595540047572,-11.8637991839443,16.7804779370747,11.0883212271958,18.3616144367632
0,-0.408836103279346,-18.9359551460001,12.7683709399158,12.7368154389649,12.9082947556532
0,12.1289342722613,5.74754047050078,1.50077032699479,11.5305868444105,12.225898875513
0,-0.247749999731594,12.6683149509503,14.5717912225523,10.63280094844,9.83197185839572
0,-4.15950174127634,5.17614475149169,-2.48288037621383,9.17269805062886,10.4825376688287
1,-9.33012582026258,-10.5783380821683,44.1885415018594,12.9476841881716,21.4745501617053
0,-17.1637985116926,-3.08428614380472,3.44131752609028,11.6898220871858,11.1293807316555
1,21.17847141948,-15.0457558661396,-16.3371324305181,12.9976901031719,17.262482351326
1,8.43457160832651,0.135343112327333,26.1799708657725,12.489781506012,18.9171390957857
0,-3.59443052681588,-59.2887453475769,11.4298739304745,10.9718750880742,12.2080067083644
1,35.7553466283524,-5.27116188684911,-2.53720828629208,14.8548096152393,22.8859031751497
1,-7.22476449470898,7.50612948109331,15.144590265401,12.119054064476,18.3649050729154
1,5.83850771980257,-8.25023374047477,16.7572170807987,13.103181218648,18.7622398888432
0,1.45552973818658,-58.019382432274,-4.88725700466281,10.7691991907871,11.2441515264422
0,-5.90753713163263,28.7509258393327,-9.0219080289015,10.3745671792099,11.7897967466615
1,1.97485552205658,4.06208474776848,-11.0692772994812,12.2019381723657,20.8537521236679
1,6.91997706029084,-3.19654045108193,9.19298640686299,11.4601905662001,16.7525652710687
0,7.82314937481205,8.90572765774389,8.44671368116278,10.7710535520761,10.4619402270314
1,-3.79464387312296,7.09704136266133,3.47624632497035,11.6039188191481,17.8816169478987
1,-39.2893378770566,-15.2008146916956,-67.80113703181,14.8288326610583,20.5212487257698
1,87.1937411208134,-26.1754415186495,12.9054724440469,12.2707708548001,16.2193688619871
1,-9.76125335355427,-0.274224648448438,0.317301864944272,14.4925938195321,19.7362225764611
0,-6.91742625906813,-16.0393846795723,-1.97392895788795,8.8438435695732,9.14536465427972
1,5.20439826336195,15.656706819207,16.6569122778403,10.7077454765407,16.4234015883266
1,38.49924626136,6.63835809364766,20.5950715385057,11.8273896306974,20.8067070488363
0,3.07314500959267,-39.2566608947151,7.31424188738012,11.0033614171879,12.2574874954891
0,9.93099075327871,7.75965787703214,16.3278726481305,10.3568083275415,10.2219384015493
0,2.86909283085858,40.0661428585089,8.98382952788518,9.52051806044716,7.74707380633121
0,3.38903964639821,-2.81777762279488,-3.12768976262362,12.6235749127024,13.9127567582246
1,11.885656835188,24.358813810666,53.8945576193666,13.0149777592374,19.4055148576794
0,-14.9289060489309,-35.7979099362063,-2.12886060655248,9.90293170899191,7.68776861886081
1,-19.5847433459613,-48.0448918180026,-40.606241293913,13.1060665246559,25.6894397497723
0,3.91929571505088,-0.112505727689684,2.64820307693687,11.0670466097323,12.1015545475237
1,-5.48221865577079,-30.3177805727251,32.8765420242486,15.1793382924847,21.5321417810897
0,-4.1587125755589,-22.7667487290859,-2.595894666964,11.7700189810334,11.7132243455641
0,-2.26109210119572,-0.271907444730211,-12.992610948277,11.5739173131041,10.1902051982879
1,1.01246903937593,-41.1619120434032,-24.4353674034253,12.9574738186781,21.370047885011
0,-3.52220160488631,-8.73382435814955,-13.0581898422617,9.77899650947241,9.24693594881226
1,4.98441958895219,25.0546518080407,8.54048193050206,14.18226639917,24.0429506708085
0,4.21170091249866,4.23413986750256,2.77673175024359,9.84094853400093,11.0580588343587
0,-23.2210415553915,-4.25528539313093,-7.25400966622095,10.3989730486803,9.21606487796327
1,10.021256528815,-3.12784782954872,-45.394912246259,9.24613994611435,14.2084225424383
0,-13.8137051877671,41.2184124708074,25.0297426030147,11.4701242489378,12.9546523989808
0,-12.930713855855,5.90660750344057,0.822403289321323,10.3155605961493,10.7315839370866
1,8.70529146596611,-15.897331656889,12.4531928701761,12.6797014821027,19.1625995276849
0,2.85985170921935,44.51053636049,12.4163860184431,9.63461404656459,7.69794535801184
0,-17.8027471338401,-1.04547754907187,5.08767659279074,9.13097379470371,7.91945142996679
1,-4.63646504063272,19.7608273408344,-35.9439719183843,9.83298896894136,20.2089634824398
1,-0.710170713950606,-12.8427953358603,9.47463863347813,12.6391866641426,20.4429508012741
1,-12.4318357985448,-53.8948453296838,-3.1627867465687,12.6510390758905,18.4035838480598
0,8.77545920405005,8.57052885898756,-12.7861130193278,10.4794097274741,10.2309664157253
1,12.4598680339071,58.7153663427142,17.6922474393523,13.2769195626556,20.5122066075399
1,18.7291506339018,7.68753863768806,-42.5688629704799,11.7995703467504,20.2160801320174
0,12.5207906699027,-5.35556962911657,-17.3232696482781,9.42991741507456,11.2246693486977
0,-6.47708059783734,1.37098333274063,13.3072556541639,9.15642017020466,7.73338192993194
0,-27.046050385276,-4.31328589746602,40.5832772442391,10.6117511130559,7.85219670045923
1,14.4090102469777,-6.56990003347489,30.907204996753,11.737146306994,17.016251446459
0,-10.9777227701093,-3.95008783117514,10.4056136649952,11.5468161866789,10.746062139927
1,-19.5949942228379,12.1697627499058,-27.1943820376569,12.0863997056344,21.6090073029116
1,-31.9665691685823,-0.214453554810407,42.8561823858496,15.7541411640811,24.128953924243
1,6.06805922775615,9.13305903029518,-2.9821877294988,12.528644069961,20.1536439524784
1,16.7189387480977,-0.742336201069008,-4.31682189868427,13.0972414970442,25.1617961507011
0,-9.38500935645981,11.7584356148554,4.22309855075474,10.9067543849813,10.5301525545449
0,-3.49712790633322,9.07266290545065,6.90910960305091,11.0326672813667,12.2330610574943
0,-8.1141599664294,-26.3862304787224,0.592921913799965,11.3057324654405,14.5068443859242
1,5.30330894251369,18.2147657842594,13.7785856151372,12.1486011504184,20.8262292812252
1,-18.6604222654936,9.82681612966908,-37.6204576542299,11.3622268110017,19.4289414744724
0,14.2312297839844,-21.2977847519378,-3.31188562883156,12.6895166871116,11.2850721520571
0,1.4242416739454,-5.16069243499923,7.78830379878936,9.36956744390252,8.92952667450468
0,56.5173594461512,-7.65097427570186,3.08242569241186,11.4222533700601,11.5701432028699
1,10.957210022026,-1.14543247730611,8.89996485140277,12.6604540289625,19.171769415805
0,17.2645591101925,12.7912394382064,-9.18406347798301,11.2113689378105,9.70086773330808
0,1.35554461457834,-0.599905679763979,-12.0665898532671,9.45407164934158,9.89994218985279
1,15.960065356554,-8.20507300785981,-14.0642791544701,11.8900720501055,18.8925495716803
0,-0.100416761726985,4.54725981178532,9.03560142453319,9.8040768688889,8.10783921532334
1,-8.83929891177527,5.95190953545847,8.44305917794906,11.5225660593776,19.4162046957168
1,-17.0064674389128,29.7253356026363,-8.88961582256641,14.7473228972104,19.3164101453372
1,-17.5113987408616,-1.01046627407864,6.82511272497115,12.4555361006268,17.9790886439201
0,-9.33051837116262,8.62268121653328,35.2245809407098,8.66658938304885,8.69690200877165
0,-11.198719694907,-0.918220714948875,-34.2199388336865,9.28258415528904,10.4993291470175
1,5.90293512799137,-7.06365639567933,27.4636847341479,12.7992097347281,19.1245133288801
1,-6.38788727797409,-10.561497085303,5.57696413922205,10.6423513628736,16.8528964810443
0,-4.33420201053103,45.322928529495,10.5812815979303,10.2312390768815,9.72679535255926
0,-5.81935582979556,5.96562577669161,16.7788919095264,11.0618115983769,11.0734986197585
0,-5.68200157267595,11.8811005076557,1.21233812866937,11.4587310685308,12.8396378436594
0,0.105668634160547,-11.5118866469231,-6.35261959338687,10.7893843327235,10.6908802799567
0,0.665301461005523,-0.46396639339177,-6.19289825082386,9.73727186431924,9.40948747380934
1,12.500576710658,-8.10832223897791,3.24809043161708,12.8379229242343,19.7979049670999
1,13.958517251816,-0.239810929139929,-41.5583989341525,12.6055847368681,19.5529002464691
1,28.8056355802524,-2.75666375669706,10.6042956902944,12.9958214938463,20.4589589909777
1,-38.7477851138417,-18.8578387763285,9.92035378124437,13.9908897196327,22.4958893264411
0,2.84149373823165,35.1670931877089,-3.26552844601681,10.4241951994886,11.2314283662847
0,4.73632087647944,1.55291729046762,-17.4705652732146,11.2791105732339,12.3571147320085
0,-3.62389956619208,27.4768641574353,-4.52643370772263,10.5317077714612,12.0238372962442
1,-44.0631397551463,15.2831650789479,25.4083186362281,14.5139482796612,24.515574188287
0,-4.77685851974896,21.0368384221464,39.3654795333576,11.1194100001602,10.0966515461821
1,58.6169384904789,-8.55661111222834,10.1113426223351,12.8659842208908,21.2587537802467
1,33.0640734895241,2.03069889845802,-21.8568219765027,12.0828110361268,19.1140638176362
0,-12.1946657832629,33.7467431693863,-18.1873559318048,8.24342223351545,7.07469933195855
1,3.87833867531622,-35.2106705102109,-25.9865956536555,13.3655365991553,18.9999656411049
0,3.63385980212795,-17.1233455440087,-1.41056326228905,9.43382216778591,13.3766003744853
1,2.39064737866066,-6.45353614346761,-11.7828325177628,12.6648609959788,22.3837306009861
1,-18.1498783002368,-11.4226651926245,44.4251171781911,12.8792791537596,19.7341414400564
1,-6.20593160249986,39.7511686943931,6.9771831511203,13.5090766243883,22.2363323972756
0,32.8129088056041,16.2879302922738,-8.6274268532196,11.4080824638287,12.2487166457001
1,8.68418918231106,65.9907614615896,4.5448361913277,12.2623879963272,20.5462190897645
1,-9.86102812696699,3.00224373537386,-24.3592064795168,14.8844948865641,23.6339599947951
1,-4.44184197347615,22.4546637601642,7.67414755985368,12.8622050505736,23.4108407570969
0,-5.7964237162234,16.5806345865442,3.84513856151534,10.8573434051977,11.2690345355408
1,3.68494914424038,-9.13552458002482,-33.8401239503551,13.6259872164734,23.6329825331454
1,-13.1364743578806,-4.92467246851553,11.3985504365654,12.6936503524915,20.5351588663998
1,20.9004356520411,-0.906422078993569,19.5173029977767,13.7988218725324,22.9815129809703
1,1.34876838644271,-8.13879989459291,-22.2852625211159,14.5318665646902,27.0288661599493
1,-20.9286636003233,31.2133913434582,40.2462511536124,12.4492294836202,18.6493592051106
1,-6.29786274458285,-4.84506230659136,-4.70427355730068,11.5238412369344,17.1686216941826
1,-4.04531183985403,-32.6188382304453,24.083350827093,11.3099406680652,19.6814997780215
1,-16.8947211445619,-2.86022069279037,-19.2161302228753,12.2754072798675,19.1018748202465
0,2.12795645825562,-22.4851710933819,47.5666992363085,9.82352359774718,8.50188001804867
0,9.02095916580429,4.85191963958184,33.3583717138571,10.7283538026686,13.1729203134826
0,-11.5636762022455,-4.02950111574411,5.75393599939137,9.48921848988853,8.64618403743464
1,-5.25557758811019,-22.9344365981031,20.1004800711992,13.2659964514684,23.553403304408
0,3.3023279122367,5.29266657197147,10.485575422105,10.5888121536007,8.19378379660884
0,2.44598554393566,-17.3924395442649,11.0886041237358,9.59460894589303,8.83442330124073
0,-11.4435874597894,-12.3248904385145,17.0019797248741,10.2354853076293,9.43384830573211
0,-2.41929077631578,4.92915036705633,17.4806772134393,7.39748840100081,8.75986088246152
0,5.46165615460212,-3.35876303968989,-1.87715979847488,10.590653326401,9.6009940465575
0,-19.0489362391768,-9.17204753181616,4.62224523145143,11.5468986671317,8.23291216685598
0,-17.3523024876291,-28.7244037526051,11.9873441481607,9.9395722378382,9.29544021410296
1,6.71645595933,-1.95357390606334,1.44685283352942,12.5201522299346,20.9712502379119
1,22.8555233067785,22.277565404705,8.07842976476564,13.2368148113014,20.9860027292011
1,-1.572773137192,12.2050357948031,46.695535127186,11.7241097209169,17.6353943360411
0,7.82866500448424,-37.1798564055664,-36.4114036635694,9.64783062002559,8.34760143256622
0,-11.8302056085906,19.0988837412286,-12.5234608054014,10.1178667577887,10.3051842520441
0,-13.8645489299418,10.6265643264415,8.28982764518773,9.95415047240272,9.72783950105847
1,20.2863983668652,12.0051473375663,45.9165403601229,11.1998723382722,14.7561287124733
0,22.610940189311,2.03757726813517,-28.1351315021532,9.41508690892835,10.2789907894834
1,5.39766876172138,-0.626791775942636,8.40333037573161,12.5594791989053,19.3160574327953
0,-10.9490375248792,21.8191123669419,-33.2753632490073,11.6928285174145,8.24591546700618
1,10.8764575424267,-18.7076796099005,-4.81141523796547,11.4656876582042,20.2192910857411
1,-16.1034536697364,2.44101890994556,0.259406048171943,14.3935255575797,21.8351624558836
1,-8.79500543565987,-14.4442633318013,10.2336727365358,10.2670603881606,12.122915115551
1,2.39100848635336,-6.02186775316535,12.0539499132932,13.7755334931253,23.615990750512
0,8.54987724089918,-19.139363417645,-21.2339446150688,11.4136312975178,11.2668510784819
0,13.8698387450726,-3.6942655215049,-1.06971970247086,11.486112443881,11.7604539220882
1,9.82525156575615,7.63531243261056,-2.10396047348373,10.830867188668,16.6579766022834
0,14.7837530995073,9.62096093878626,-10.341389810681,7.53483581264285,7.29901325979304
0,-7.9297836528025,4.79601894970968,-11.3635250870405,11.823862797411,13.6038859739008
0,4.97579505754156,12.4052936456196,-15.7211013412295,8.378982700748,7.81106105957773
1,-9.50554072167423,-1.80342645256456,19.958445123245,13.2466119091459,21.5047050454865
1,-3.94962853914746,39.4327602355,4.97574433871761,12.554897564247,18.6635640760755
1,6.41916983800916,2.47157292530388,10.6026353295636,12.4924286390971,22.4257970135552
0,-2.34954362377374,-54.2766628597621,-33.8499751983184,8.60141544115142,11.5465586695988
1,0.207411811151675,5.22522143907887,2.38216566932338,10.7847500677848,17.6875199650369
1,2.64662401691204,36.0486802391841,47.2066219278498,13.2325808668856,19.9597288325808
0,-6.06257520836842,29.3559146994983,57.2592988782185,12.2719077022432,11.8727743770246
1,-0.0384294746645962,-2.24311777958108,25.807646761958,11.9158601957603,17.5282122534157
0,4.73383805178358,-1.85535662550561,6.76556924553379,10.095689633953,8.87247334640558
0,-12.9447691629545,0.549094751370487,33.6478940662724,9.94275444977996,11.4066011363399
1,6.30279095661468,-3.63726240071484,17.0354205880246,12.5415078902288,20.852808724233
0,-8.48537504488314,14.6478811565325,-1.76611516399135,9.76804961865749,9.4308338985319
0,-5.82146875744619,-4.17595122413817,7.58497695725756,11.0884304241884,11.5688823590273
0,7.3804301061076,10.2142169300549,18.3141054528133,9.12818942961942,12.3521382010248
0,-5.19627965266589,-6.65107191893528,11.2715531715586,10.3784858788583,10.4700825169747
0,9.7526999411895,-15.7711555990191,-55.0031640019321,9.74250007479253,11.4599002615585
0,-15.2868561124464,-10.0455613743406,8.12011619279626,12.3095679876828,15.0507617395905
0,3.73554566543656,-3.90304635337866,-13.5301756697089,9.82806371933511,8.9616682972211
0,-12.4527831208064,5.59871621627416,-7.42841006316874,11.7892236926677,11.939924195948
1,13.0637187977655,-1.67699368331667,-39.1634343978464,13.098273475877,22.0972710368054
0,-2.37497883769631,9.6329332690922,-2.21363035459221,9.9418792165861,9.47367911283286
1,19.8645708016755,-7.47044122424227,-8.75895404747063,12.908556334675,20.095664105321
1,4.79319395474055,-13.6767386418205,-0.51958106335799,12.295544264112,16.9725032396865
0,-17.572652582581,30.8030256746967,36.3168565310768,8.38434694648294,7.9492499549156
1,-2.42120634312369,7.85684561211357,45.2134076049784,11.2135958213566,21.1926381772407
0,-5.68908005711131,7.51129061273704,28.060834536455,10.5217197659201,10.9375412885932
0,-5.39925336565942,12.6445262883291,-22.1975097514901,10.6470507028955,11.5073577083371
0,-3.3712801039797,-3.86330570892128,-4.4895513847302,8.72242832810847,7.47161733051684
0,-0.362642729500945,-18.3161101723245,11.099432487457,9.61540380011985,6.49218032290795
1,-4.25427088995031,-15.5737235685588,10.2618062373711,12.7017647325496,21.0005555596601
1,1.49167089945341,21.1200115057533,20.5941813967398,13.5832374301908,18.0210663175025
1,12.4781851287616,-10.6218688299014,4.87684745894661,10.7855684282669,18.1401908725222
0,12.7131675503807,1.14839269938801,2.46984293144296,11.4554564310818,11.63389977393
0,8.20401777397356,-12.4777625041201,-10.1500166314922,10.4350113284795,10.7115766963899
1,14.8036139197341,-11.4176827903813,-6.27941194224196,11.4286573627914,17.0918040452275
1,-2.38403882366774,1.40427561190882,0.20890045592773,12.7083412916739,19.1402001380875
1,-21.745662274792,-18.8738347540323,11.5264516726077,15.079737816175,19.3643509368644
1,-3.70167635804681,1.78855945061802,-11.398917215719,11.6241807027462,20.6291558993446
1,-20.7542471123172,49.2530882718293,4.72687791288723,13.3341977350642,25.1985720236807
0,4.09281279321483,-10.0922957952726,-25.6651855712493,10.6978175199287,10.4683447031054
0,11.656380332215,8.83276490487811,1.43135039216059,9.37599420479053,7.69987324551032
0,0.357679680041549,38.0749398215553,-1.29156385031051,10.6473946627454,10.5599991728961
1,-2.28876773259683,-57.1668216791235,24.6260194494098,13.0454673554319,19.5518499678887
1,-12.587048564479,0.103959684611628,-34.3737836915618,11.2595209527311,20.4542163424686
0,16.8593490401969,0.890495981871277,2.82563675110275,10.0063117674253,9.72349604633271
1,-1.86297980697621,-7.052948045625,-3.25402918846763,11.8342176775183,19.7333225794148
1,13.6004543085626,-8.24893296388113,-44.8802784070475,12.7879814736604,19.4916890410878
0,12.077123417303,2.45131384235271,43.0254978299819,8.85237026377219,8.58666957754369
1,-7.39533357883391,6.03784063346565,25.1639350602424,12.5934026731047,21.6721904730295
0,48.1074914885389,-7.39326632109984,1.71296843985413,8.84004311830976,9.55053564894273
1,-7.82671343391233,-2.46488467986426,29.6845535002834,12.5956468515433,17.0144672171928
0,0.405225395931554,-21.4574121775632,-43.5538823865172,7.99364077318455,9.23696572848212
1,-2.84353724349375,-0.583803977065348,18.6345270993087,12.7013522025999,15.3290746651905
0,-3.59834508140944,-4.51878798086555,0.401445602284251,8.87434035161516,8.87364676242313
0,-7.86322586066622,-16.6259358583567,-5.30535069654995,10.857147530078,9.94414226263264
1,-27.3438020722458,-0.477697528506904,11.4082951426776,11.1866258134466,17.8636492355992
0,4.28701242902762,1.89083117765415,-11.8115757518565,9.6335404762422,9.32041131712001
1,10.2523812929284,10.7886867527964,27.8472099524944,13.3536040369457,19.3280200510008
1,-5.62350732122804,-1.63337275013912,16.451168477351,10.6696757013995,15.8676602783479
0,6.45390564883889,-10.1805713633724,11.6068078479627,9.95276529291308,9.38373946146518
1,12.9416668289791,-8.34270379436156,-12.9092879124933,12.5235165278175,20.6818087611996
0,-2.5053438766256,0.194318069554121,5.51268453601816,8.26115246274418,8.16656795982203
1,15.0391850448219,-0.237533391267916,19.3459697291317,12.6609151566718,17.965480374596
0,10.3638315419539,12.6356409297535,2.39460293812498,11.9157291129702,13.5670781124523
1,-18.5603383846805,-1.03264949288291,-3.66821086519455,12.2106726180282,21.3482061481554
0,-3.07562045181821,-30.5870001294158,-14.8616943975206,12.3277521147452,13.6911330414725
0,-10.4520683045569,-29.4683045664144,32.1148895461463,11.037006031958,10.8075126726192
0,-1.0137212136988,-11.5592662409459,6.68828375753651,9.80999943129722,9.99468567602622
1,2.45456159642646,5.75018935459985,-13.3703824420382,13.966721874949,21.7688666220577
1,-4.45100797697795,17.3110682399138,1.29629831966209,12.3257088507899,20.1341700612701
0,-38.7405315091116,-5.41778516916802,-2.82417074886998,9.16761702513769,10.5336238561003
1,2.94217964141337,-0.31046410542411,19.4098309118573,13.8262456787404,22.9722542321414
1,7.69512339226764,2.30823459632079,1.70370348633564,11.8646163532651,17.2666739458597
0,-13.6321421279409,-3.92928186284989,-10.0766636416611,11.2406597925665,9.07904838618778
0,17.2127369005698,-11.1206654796099,2.85103471731401,9.48745943795216,10.3383159219606
0,18.4669615499512,11.4092961664698,1.72249714560887,10.4907370676482,8.75631186023912
0,-9.11861913269889,8.07308732942739,63.0061555381833,12.6720000548945,10.8920222826265
0,-1.94687867956645,29.2612473022629,-12.526820496489,11.6728789306745,9.73770492707422
1,4.50655415999655,3.6605589543009,15.5309795326598,12.80647838354,18.8866708681562
1,-8.62128317853143,1.13451082192015,-16.2014003858525,11.6422014362822,19.380453604113
1,-17.1089069435233,13.0583566851535,-9.6413775129799,14.5933627962649,22.5100152082577
1,-0.119867809687685,-13.0983516135801,5.78117151305972,11.6504247711514,19.6289855318272
1,-20.72037611034,-47.0530937673722,-3.23867839394657,14.9929268315785,24.1275408018491
0,-22.2796862483615,-5.10606983414227,-29.9456164015786,10.35430872687,11.2067990088963
1,-0.0103534224256382,8.31848924220314,-5.02820357593259,11.2411661909339,18.4874592514208
1,-7.72793822410538,-2.04838400421279,-15.9189344367499,11.7103558382667,17.542337757268
0,0.21340469453722,13.4423941398569,-11.6673652391465,10.8313569410115,12.8646397611757
1,8.32588932347622,4.77727054597619,-24.6344671591613,14.6723986364046,24.3371219717923
0,2.50556362086554,-1.68200965452578,-9.87866692494647,10.7061944061733,9.29041717466637
0,-11.3519720742699,-31.5632316052863,-7.03299675693096,8.78807315440899,10.1640712107184
1,-13.7070244716504,-1.48292153708277,13.6022219122005,11.8895947564362,15.8492866361251
0,19.8945778285334,-30.4488113188411,-20.6160846568366,10.5665602970568,10.8691214826277
0,5.88100349816107,-17.6671157641029,15.376420966471,11.8598501385654,10.6858177895143
1,45.115212813788,41.1690331044659,-5.32603532547227,14.9868088480337,19.486402275093
1,-6.19393941790992,-3.56542185057279,-7.19876930656079,12.0353604138733,21.6362348580315
0,-21.5184449240922,-53.4024395739404,0.448262046298483,9.22671840981831,9.69114775220941
1,-2.55334962842473,2.50812587509512,14.2634187966388,13.566458251234,20.5069783685365
1,37.875879530811,5.41715415632785,10.0406433131599,12.8095375529172,19.6885956944305
1,42.3484134539003,1.42307086254798,-6.74587230954351,12.3292542747027,19.5635730335123
1,-7.84407874469197,15.003529751398,35.7144577114148,12.069327040218,17.3401613617493
1,-18.7537618092265,-13.9369643933845,-12.4640353880089,13.3067161890142,25.0695079507644
0,-7.38786186478221,14.3155606405724,8.07760536861771,9.59773444528916,9.69025128021865
1,2.15070925982961,-49.1364708025873,62.5725829194894,13.1119918784709,22.0057309148735
0,20.0403525660753,-21.666622999349,-27.6409341694255,10.5348552488601,8.77410363685303
0,7.07644251241082,2.12570309602511,58.740487335144,11.8486339144838,12.0601468790347
1,2.91400699620286,11.5983812969218,-28.4438880467233,12.469674406672,19.6254325361505
0,-1.96527058412062,-34.5656481460667,47.2270444575039,9.42051857311067,7.54534435768183
1,-1.144776203943,-8.06211577928029,-7.95037532706982,12.2948276170491,17.4430546590382
1,-1.74340451091394,16.0914066004982,14.0370782667981,11.8159689866177,17.9648546517107
0,-5.57767080214739,-0.809023166705914,0.361846157866186,10.0603719751607,5.99116285605136
1,-19.9048339982318,5.75191997373915,-0.070781362454786,12.0658864071686,17.8379968224334
1,24.7500269970806,32.5496998198259,1.62885014319681,13.5294520523286,23.0704583459143
1,-0.647069608975335,-5.73670598367621,52.6930129816841,12.0286882305465,16.8879233361703
0,-1.3893804219945,-21.3265816381743,-14.770284843121,10.4139200863152,12.9425667536409
1,-10.5191058046342,-0.198534063170787,-16.3083392445123,13.1483703331934,20.284295408106
1,-8.15697640243753,3.52786694913632,-0.133852521838239,14.8089009657016,21.2956771805845
0,1.93973837465263,7.74362843559589,-2.94016260843772,12.9480326169242,14.4190820288241
1,-3.97683990136503,-15.7429696397971,-7.70194619581934,10.9975887026663,17.0741811605227
0,12.2307290794999,-4.87042719753099,-5.54369290690292,10.4305337479769,11.1147416413095
1,-15.0772945169051,-6.77355789897455,48.1407072148496,13.6233848362322,22.888978273961
1,-10.1745337104348,-0.843401658787836,-3.91502362686137,14.4780530719169,22.3356231552769
0,-8.41148496904577,75.2040172927662,10.8562299793623,10.138862143859,10.6091596608077
1,0.290380113208194,4.75359307903837,-25.1411343473072,12.7679871442652,21.5652280462046
1,-10.1386033985213,8.95739236368402,12.5436107438604,10.6066477120513,17.2562397680731
1,-8.90244059190141,36.0731700484306,-55.196828281935,12.3083430760006,17.6240393920697
0,-28.4287237961096,3.06235548249734,-6.67337121409509,10.7929296455528,10.6115753144168
1,-7.66552337110957,12.6887484822585,-15.3178078329081,10.4364002519519,16.9777968238301
0,10.7693640516242,-31.4362652511176,5.76173669981357,11.6941100699283,11.9692821015949
1,3.3347190077118,-7.03761130318694,-3.90409213588186,12.8609998194094,18.9117396629417
1,-7.26660693951337,-3.3333728551538,11.98013364155,13.9268221998774,21.9742111213148
0,-13.9830973424479,-26.4529929736458,-16.2797279621664,11.6803249117655,10.0147927333665
1,4.62685330071381,0.774291560681268,-8.08273426293377,9.80918482907397,15.2220536685857
0,-8.25775844263049,5.45929566487711,-9.97601989266193,10.6809102466784,8.80513956419377
1,20.8247044552405,33.2242550432787,-11.7625278164069,12.3906345932529,18.2297314526518
1,0.886801099546241,9.80811689190659,-15.7952962472756,12.6815106292019,20.7142876342531
0,-7.66578446777453,4.38212145586797,30.0858904368067,9.03223288382585,7.2427481027331
1,6.28167574932699,49.2619130473268,-13.2037565367206,12.9622071057693,20.6432836768963
1,0.362994466412446,-9.80308401645415,-14.4336915337634,11.707986656681,18.6291292331924
1,19.9560002249718,7.3505140045244,29.6602900426643,15.013428381328,21.3874383784846
0,-5.40805569543051,29.9019522864442,38.5808156706703,11.8415219336385,12.5102393726115
0,-7.09858920448053,6.82810720295047,-34.0154168672715,10.3304997233404,11.7154861734812
1,3.98850631754227,26.3405729142792,-13.9770768918532,11.5066531367427,17.7181316401117
1,4.8620292601798,1.62634097630804,-15.7067709721617,13.2671944725377,25.5696945900136
0,12.3111906415367,11.1985075640351,-6.34389219059254,11.9447568641857,12.0137692676058
1,-11.4279866931414,-14.0591539190664,-18.8185035619657,11.2931302275957,20.4933649215399
1,13.0139502919847,-4.7296617595322,-23.8403867718696,15.0282002600074,22.9044749416361
0,-4.03762433273062,-6.03372038377818,-18.6729836524731,9.06685899167447,7.46826795287231
1,7.75857435234534,-2.72703757059289,0.827786897020562,12.5897210576331,19.7830352548428
1,-3.05199608612063,3.70897857691727,0.36925143262404,14.6295045408124,26.6728001644519
1,-13.280544493575,-4.66075463621286,1.81174346317411,12.0830014463927,19.6878695484248
0,-12.1799838171355,-5.34151741481044,-5.89931446205185,10.303059205367,11.7336456589709
0,13.072372105873,8.18477336603843,-11.2768872877772,8.75717659712573,10.3225926061353
1,22.503021632889,6.12519929589507,19.4570512496409,11.8390944592123,20.3101770874735
1,17.8449162764878,4.35409940314556,-14.8599832019935,11.2954953309091,16.8835298458504
1,-8.55166101246021,-15.1498876034853,-9.98884643591232,10.7548153533361,16.3863808072227
1,19.8498171774311,56.2437072671042,-36.0418966135383,14.3475291537917,20.414064245223
1,0.271914553808337,-37.5128256517701,0.245422265783342,13.2057517431208,20.5216113904762
1,-2.47270145754192,-3.85536150263298,-0.571426459884824,12.6229510490961,21.6941102264269
1,-12.172851527212,12.4971746521917,-4.68630252530472,11.8941006668848,20.6818045576761
1,2.42216100630549,11.0772754661151,30.3465080655965,13.5071175321817,19.1471740438011
1,-1.41040183879968,13.1644887042966,-8.99117434905867,11.4045960598813,17.5345369127213
1,33.5814393255905,-0.0359880020764864,0.689555034621556,12.6956023628281,20.2313958761507
1,-2.55176211419305,72.8669778478001,41.8316685605398,14.5781037069583,24.2941111435412
1,-3.70624414916514,50.4132446147408,-58.7667446437044,13.2962066385938,21.5531973756291
0,3.11753673619139,-6.21733315131558,-38.5488637702163,10.8028671892251,7.24742195435927
1,0.279634782783081,-14.8200809366388,7.29791617739984,11.6046823450196,16.7661926385877
1,-6.6208848111397,14.3370837776551,32.5274550675049,12.464326060984,19.3363861442371
0,-8.30329617266305,33.0025368414467,2.98174143789842,11.0390016504375,14.1856172318229
0,12.6510483901653,-14.1394164175942,16.7999308545722,10.0297205545721,4.21344066485728
0,5.58962280544094,-9.58641223916808,-38.9781711905198,8.37992092054898,9.751429425755
1,-0.258577673352011,-3.92612377453406,55.02753099492,12.2862248438178,22.3341226100141
1,-11.180301125556,20.442867750644,0.311891891196595,13.1070188187606,20.378909258502
0,0.886799745994468,31.0839236854474,-10.4643715508666,9.05154150789432,7.73404617029618
1,9.18387617127113,26.935099070374,13.4814499450856,13.4525659975409,22.439210580696
1,-4.31986419967629,8.16408564149188,4.88965402561701,13.0166284219105,20.439234855296
1,11.2793727417618,-27.9407635356382,-4.50075901610986,14.1702873322414,23.0481565122088
0,-8.64644560077435,1.93268969619565,-34.4590049799213,10.5335757117616,9.90865539967217
1,-14.9301169905244,-7.6789900606839,-38.3131350360023,12.2923302394898,19.9487861234515
0,15.5402447317696,19.3354162766398,-26.0539993871719,11.1862100299369,10.4284250888896
0,6.97128495667835,-16.6972135063302,-26.2718841771441,8.98107450879277,10.703130136653
0,8.75708313763809,28.4782435568226,32.0596867836313,11.4338378434385,10.1854021744817
0,10.7605478397025,-45.8992927090349,-3.7008566612252,11.3116431747758,9.92035017441441
1,19.055415267884,2.85636005236987,12.8709870475994,11.0366945459198,16.3274233925937
1,-2.38900378268878,-3.94044584824453,-1.54243547130218,10.8750283917586,17.8967089437529
1,2.17568599833061,1.25101448810106,-45.5859260683636,10.6482004789597,18.5168071241354
1,10.7499832932087,-3.51331385443854,-27.2291258609212,13.0393969468003,21.0066175449661
0,13.0752222040471,-31.4645941062075,-38.6693240189225,10.0530958251809,4.49388847047247
1,-6.89892238954102,5.44739724963993,-19.924617273778,12.3824823004726,20.7519487332147
1,23.6483571540807,7.7723480753287,10.5968456623097,11.2360435630667,17.4105441548803
1,10.6096840491196,23.5463280153539,-37.0210100538881,14.117077919071,23.4156617594582
0,10.4928415982594,11.1168891597756,-2.04784024627674,9.19500212884686,9.66155784369641
0,-15.3427308272318,8.85753858908835,-10.9656383848299,10.2302818186286,6.07980980083125
1,2.95439420389769,1.6339756073994,-43.9883908405603,11.2186050322455,19.0439752358103
0,24.3831572931734,3.21226393693068,-27.4581590909255,8.9828583106894,10.0650939048607
0,-8.48112492299471,9.77195287441388,5.58880866488079,11.2762043532506,9.03659363012542
0,17.8643398904431,-10.6023071456558,17.8673183539,9.91860946199109,8.62571237656914
0,4.84503069774832,-14.5752189178515,17.6484933371579,10.8152194090399,12.147111644983
0,-5.41537157938266,13.4298370884419,-0.149886417589001,8.62823405890033,10.9256355616712
0,-4.14870024600453,9.54554793453764,-15.8276427138392,9.89308775462849,8.45441425768894
0,-5.20839648693114,12.4288646791767,32.7173206800742,10.4267524068949,11.5166901654261
1,-7.55563405675568,-7.69159229211203,-7.76243919528957,12.5445242290696,20.2101013225438
1,-12.1655514372574,8.30801535908199,-68.4983373618416,13.1750452610267,22.7591195460651
1,3.80708428757296,33.4752774194379,26.4771209934651,11.2198688161846,23.2557740844191
0,-12.8958177329547,4.26324850893729,-52.357402399189,8.88285823442116,8.80698752474428
1,0.00500003294579463,23.5861335124942,-3.79621841064565,12.2873649269976,21.746906097225
0,40.1163864183154,14.9766164389813,10.7308073363749,9.70358535749398,11.5894364900376
0,-0.7928180528398,-1.55801462388946,-5.99895779708099,9.7419744195932,8.69278280790922
1,31.088090978461,5.10350039854976,16.0824973078771,14.3955336667908,19.1517203120556
0,4.11623018508107,-6.55380008094952,10.2891483995051,10.0861061003413,9.67664810714354
1,10.3877920680904,21.8935151017055,3.6759305265396,14.8302576492948,25.7376546613883
0,-25.246941774711,0.0734471279231171,-46.7056306748945,10.0027371047382,11.1405416724797
0,-7.6372730454809,17.2352252205015,6.27232309845884,7.72073953227659,6.55274672529083
1,15.0927248921094,16.7405761554313,-64.823888292996,12.0810869638313,18.0932019331839
1,-7.96481300870893,3.60631066974643,-25.7950601309993,11.1321360758091,19.480512152406
1,10.6416933167877,-14.5345803472088,18.9673228047692,12.8873326396749,17.6425155987142
1,10.6044220058781,-5.82825304412322,-21.3433186656988,15.6399351055506,29.1499368140477
0,3.36984504853194,-0.760179678054141,-0.394179021583177,10.6937709901391,13.2358846808523
0,9.80658983988197,-18.9277756854976,-16.7809314334978,10.3044220736276,13.1409713018133
0,11.138923082185,2.89141681759275,-14.5088591732328,10.7316741429998,10.7069593476639
1,-7.21046436002402,2.71115709392064,-38.2043206781926,12.3668059641437,19.002691116649
1,-0.264337608232252,-5.92216587497989,-47.320932693211,11.708071510312,19.797678176525
1,16.595471836821,2.98730929940665,-51.7103995879873,12.2320783685981,17.6356661578847
1,-29.8811744538027,-21.7112393318988,4.00248666746829,12.2038531110587,19.7004855415356
1,30.2167970088696,-19.0502298602546,-6.41217413983748,10.8349419516141,18.975589313174
0,-2.05307764392246,7.45741138380974,2.39851799055365,10.4062863836786,9.51805290330512
1,-0.929616198429347,2.0771850520665,6.25542660232405,13.9865674890485,23.2593319458868
1,-3.36257101231095,9.44380261240899,-0.271931134315504,13.6336359451331,20.8491822247349
0,-12.7149562970609,-14.7416098015565,18.3364983455044,12.0801356339841,8.99904179626547
0,10.4664051513622,-12.485890087335,2.28745405987844,11.905070310385,12.32011675497
1,-36.7695631016339,-27.4193395076601,11.3320407341635,13.2396451539306,22.1133020931675
0,-16.7684381176627,19.8980403219577,0.0333688119693515,11.8547330490494,12.4567576505433
0,-8.93955759758684,-18.0596329535625,18.7036518754633,10.4286003642378,10.8292810208079
1,3.37408875014014,-2.62687275234091,6.09329600155824,12.0011830355851,20.2818620791751
1,0.794466532237441,-4.29836150169235,8.92379966111577,11.9718793535076,18.3184897845705
1,7.58337537086124,-8.94227392560984,61.7147021757859,13.5443635461787,20.3235519784595
0,-5.21533385381828,-4.86710386445054,19.5445798318238,10.2692599335075,10.4396170795041
1,-1.29859620291381,15.9258672501052,5.93346431999707,11.2940252947446,17.4174331086461
0,-8.70676581488229,-0.811307757074653,-21.4052881346038,11.5868801574934,11.2904795406886
0,14.8632266345273,19.0979497413884,0.116396762993873,10.8283823976744,10.6952906160706
0,-2.06202514166702,-2.96996027284082,-12.7597229615223,10.858632502538,10.6442788009243
1,5.12244603260956,9.15509303087412,-4.73678935296265,12.6786845918879,20.6687617466082
1,-5.62657705504022,-2.1235555288157,-8.1267125816816,13.0600933800588,18.3087025171491
0,5.05926559423013,-47.6906634262709,6.53776731458255,11.031237745042,9.72072098751267
1,-12.9880987489032,-42.73327511301,2.07460186262379,14.1629742570036,21.4604215310746
1,22.4079602730698,-40.3647782270537,24.3062372534406,11.4421918661981,17.9933685233324
1,6.08690201060373,24.5822726545669,74.6481984201279,12.9433345503505,18.3257222655563
1,-0.248008949973617,-14.6062402401934,11.481405920422,13.760824198405,21.3496145529112
1,23.9359827104036,-2.25751520277202,-50.6679884943181,13.0430632879588,20.0228836195676
0,10.1326550607792,-16.8326201056874,34.6262080248728,9.36724717341461,11.4863992579154
1,-11.6784356420987,-33.6509589743434,4.15730601832317,10.98205615467,15.7554367840844
0,8.5972968634575,0.416690356739703,-5.17407461383824,10.6514889493506,10.7909276563763
1,7.78538816952974,9.67077656074511,5.74816159725707,11.1791173006801,15.9819548470023
1,1.1062768044631,4.84430217529935,-11.1090576107116,13.7054682760852,19.5739343268347
0,-5.41995320886353,-38.2555474551309,-11.3905442342402,10.912157878634,10.6618863184072
0,13.0470670884248,-21.6898016608256,12.1951521757324,11.3837136363969,11.4429015337874
0,2.26880875372845,-26.3626257212203,-4.42330544663976,10.667024799037,10.3498665994478
1,-12.6730678276298,-46.4189997056957,-6.24043478361244,11.429909594749,18.6957704343525
0,5.36350386834835,5.04761034943931,4.22609464962366,8.25332535484273,8.05668708903293
0,-2.41849745456993,-3.29871829653221,11.5080579624008,10.2980098627849,8.48934028850111
1,-10.7522433463931,-11.7748030406596,38.2189822537557,14.2723389321227,20.9141473516891
1,-5.68379813190393,-30.7117942881395,5.33764364198066,13.0233133188813,17.2509165927538
1,10.7939202914785,-30.4812555193332,16.2673099481928,13.0413203966608,18.8047316914027
0,7.28691840260452,27.0101030380679,-14.1052226649716,10.1746313429222,8.09760365085863
0,-3.93060407410307,-6.52744933303422,12.918461942354,10.7116834815255,11.0056174367011
0,7.41297863384337,2.48139530863965,20.2296619957791,11.0072195773666,10.786763298883
0,8.92725982088849,-9.26764095558732,12.4736058722778,11.8726070192719,8.74931956580932
0,9.15995015562659,-0.713226232248261,14.7021048837646,11.342450549018,12.7742231301842
0,-68.8393339194569,-38.1001361416006,34.3257862437407,9.92031675469089,12.2640874483446
1,-3.72137164275644,3.67296401825647,0.73230900413024,11.1224919785236,16.3516886326792
0,-10.9770695625893,-7.73714859090709,36.8488548050651,9.56332379863905,7.79886988856487
1,11.9245805030315,7.81967826147555,-8.42885990327144,10.4915877127241,17.4512864496075
0,10.9631148052126,1.5292171209501,-47.3214206463174,10.7793124242571,9.93099209444264
1,7.5849865648844,12.9707427894186,-30.8542235301725,11.5064848155538,18.9834787023939
0,9.57921508003227,-23.9270497954711,-7.9595638416471,9.8651515188051,9.64386097172852
0,-3.64702385808522,-0.570530029085208,-12.9188655571687,12.2813478475493,10.281246762878
1,-1.42633133495301,-1.1490194177598,-14.6296913479102,11.7656268051941,19.2105084233206
0,-0.35821436789375,-23.102763510607,-6.21373536828455,9.4448308576094,10.5882917183912
0,-18.8734092594124,-41.7489578578579,13.4975524200412,11.2867176196856,10.6372871020546
1,-30.4852307638959,-4.07767271621981,27.6183159772571,11.9484108197873,21.5066015038746
0,-3.45654562804036,-13.621219763551,7.94952007776113,9.47269451717171,9.45491686680535
0,-10.9705777021824,1.35540054055717,4.81992293830308,7.84153412089357,5.01185657102243
1,-4.25087487970359,-0.769630971057853,1.85009389716675,12.9990849655808,18.3728773796905
0,-12.7767089075585,9.11377241523477,-7.33196576139183,10.5013957443286,10.0694012831414
1,-23.7527226321521,27.6509758773394,33.9024818069388,13.0059506072338,20.4482588887702
1,-2.22069826160272,-21.7747137706637,-7.05916503575401,13.6024101617842,24.4610710242275
0,-5.13000949391525,-5.53920987990724,44.9154004321537,10.1813813345756,14.1246532191815
0,-1.60616246743301,8.52323245445736,-29.6496093405958,9.83509161965987,12.5847676668143
0,-10.8849033800981,5.87938455186783,-13.6712489270679,10.6837435371687,9.57806072060547
1,-0.352310651219231,12.5004024222336,-55.0275209285983,12.3820108584106,17.8822602003777
0,6.71021157215883,-18.9174731931078,-0.718058518976349,11.3662307750248,10.7842453269995
1,51.0423624837865,-0.783514901756692,-8.99741791137471,14.1328485425919,25.1709752207736
1,-9.56403199760236,-1.87166852808714,45.6152796039176,8.90247254262985,18.0064045746158
1,22.7019402316535,12.2524158462409,-9.99644243090565,12.2410860816416,19.9889247582239
1,-10.5142521315759,-5.80603269585464,8.75097748244648,10.8850310888278,17.4810373581457
1,1.3429617128453,52.9767673157496,19.496099867986,10.7954510893622,18.6695046632773
1,10.7165329674542,8.3348335348849,43.3574284499672,11.6761963542875,18.0591702988737
0,-1.72565321487409,-3.51348740357762,0.414334669340141,9.75384160018908,10.7128996243451
0,0.427671572857137,-13.2913357181045,4.60804492878209,10.442914396267,9.44812373648546
1,-6.95487457110829,-2.52949891800032,-24.2302226317715,12.2896037769765,20.9250090825243
1,-18.8632097277604,0.429100108966824,13.8953891513538,11.652639430242,19.7374481974405
0,10.5356213720902,14.3055102306101,-0.494676190049197,10.5410108541765,11.6391639071701
0,-10.8558244674823,-9.87230524054526,9.98924553701827,10.9280972716617,11.0912793282885
0,5.14997778137513,-10.4480763186991,-5.83380030057365,9.12606324075719,7.56260077453462
0,-13.6504478313456,-3.66260462311674,-29.9574633945792,8.89998734711157,8.00115333137934
0,-9.337742663317,-10.5485268245664,0.102780823507891,8.57251408712293,9.79614989365462
1,15.633915401157,-1.16922110466246,-35.065681667298,11.8238672815734,19.2640019391491
0,13.7362041815794,29.9616249914823,8.6053233328411,10.8152547694937,14.5461055402066
1,-2.69882669697059,7.76325955503637,37.4167222254768,11.5024307639717,17.6612839177535
0,12.9271319522172,-4.1471418752667,-21.0527608866027,11.3282244466298,12.6417412632441
1,2.36428212250493,-31.5732251069109,49.5380835552414,12.8266016426106,19.0022235691664
0,5.6128468189753,-4.1520647744686,-2.17162424525381,10.7192908415579,10.0464895440998
0,16.6688284408405,18.1152815234796,-11.2888698501318,9.7961963724925,11.3562486596719
1,9.4534093552254,0.162391094253756,-35.5288106916482,11.956630110448,17.9381557779236
0,5.81213759997783,-30.5168795225862,-13.7795905961831,8.58062496590181,11.4755531083339
0,15.3642101668805,-10.7284267592824,-5.26082102723084,8.29877409058066,8.35306283145799
0,7.05323480199143,15.831522245169,-6.92459238130109,11.4847898139213,11.0936477968955
0,6.53430573012952,24.9155639803244,0.847550462842835,8.71700801024059,7.26487026058349
0,5.07311969221386,-6.16744770326418,9.83539540484767,12.5270260219934,13.291196368485
1,10.7933279418271,1.13275365801417,23.324961812177,11.0392047120812,16.9032528279857
1,11.6101994144764,13.8655560361816,12.5867133375087,13.6985655601368,19.3241222996672
0,28.0030107193219,-1.77249654281991,-6.64393036165299,11.3469145647012,11.5431136376958
1,-13.519906923703,-15.5003700615789,-42.8796509389412,11.6005163213109,18.003642588343
1,8.12514714945861,0.928688048370776,23.1669774326733,10.4330513229239,14.760529116224
1,-6.89630377843442,-14.7053949701447,9.9599699350129,11.731185047795,18.1711667892619
0,-14.0484765330773,9.61025543130286,-14.2473541789832,9.97375681148498,11.2999378888691
0,11.8938350829347,7.64621309277967,32.8963816231284,9.56080832201397,9.84318861907093
0,-4.31642598702907,2.25995595766816,-40.6486170017793,9.69787657979644,13.6733597184933
1,3.59502612427688,39.5259078464279,-29.9458879795911,14.2351556564587,25.7192877664174
1,12.041655829431,-18.2314488814867,-64.9357309994301,13.5136639256987,24.2248876041749
0,-11.4698970136465,-17.9707151329249,-44.2369620006833,10.2067016422309,10.6341729592818
1,-19.4330968673888,0.519765362147463,-11.1790609468296,10.8016389599242,16.588074224035
0,13.8477138207397,16.6369024196315,9.77395947367102,9.7872599002704,8.40241267565507
0,-13.8260656763567,-13.4390136238428,21.8934459053414,12.9068642143534,15.0667040668903
1,1.48626973764317,8.11825146134234,32.2178261009948,11.3022661363776,13.0657207876234
1,2.32475998280938,-4.14704383394117,-6.73619506549016,12.0618274230884,19.4263577339634
0,9.62766081363079,5.83815720288544,3.53164639202079,10.4529609909426,12.5399422991588
1,2.11987242369165,-15.8605640996788,-41.8954572909305,13.3267465274452,20.8056792017864
1,22.4902686435901,-15.6840826951188,-19.645115929501,12.1325125539643,21.5031002390993
0,-5.98179949220347,13.1707874005206,-33.8868500968446,10.4242513914835,6.4305405480717
1,19.6652755185908,5.72393626311933,10.6181422622274,12.3340162066367,17.1231736036233
0,4.63001176271899,5.85913661668975,4.79988208573601,10.9016242488948,13.0441315421871
0,1.4371634525987,-4.26219475641315,-9.8645043208479,9.75155318994275,9.65316678935869
0,-3.22470663392894,16.8977537729027,29.8862964549973,11.9027209513312,13.2958747097814
1,-1.64269786341902,6.09348155087705,7.75672711611606,13.75818338457,25.6692982899063
1,-14.0717140633048,5.49928932349553,40.771924732683,13.8610296656838,23.7780273693562
1,16.1938187439956,-47.3821073746581,-6.57011194247998,12.8460744635743,22.8229780026289
1,-12.1696733704637,-10.2112076237935,-24.3404178238634,10.3254941711721,16.137248532313
0,-7.65470282876067,-0.989797083441791,2.65963068063598,8.97499474336767,9.20159538333692
1,-35.2196308632672,-10.0601404469509,6.0170145009817,12.6188140953124,17.4160163543779
0,-18.9649100978336,5.75509368841748,-9.48772359261969,7.75308757666312,7.15780428011874
1,22.2746285807738,49.4549917012082,27.4608710957202,13.0729789309559,18.9395872690053
1,-47.1909010689413,2.8001361116523,-34.2192099166287,13.9915357492169,23.5496601557103
0,-16.7335454641823,8.24680765485027,13.7534382712081,12.4256563044132,11.1015343465894
0,-12.0607470425598,3.00040557603953,-9.04021862438722,9.04933243212144,11.0773808754374
0,-48.9099427532772,-46.2039163475871,35.9457878522828,11.4484946521736,12.369270248253
0,5.20351816976344,-28.7786813470169,2.7870506283263,12.0498995116098,11.3810680418831
0,5.03811589095619,1.70048920042797,-0.808715157971809,11.0888650295372,14.1953270674236
0,0.430443565490464,-1.2431996301809,4.43778565154832,12.8559461028079,13.3474252748805
1,-2.83941931146033,-2.10265551645843,7.6282821185084,13.0600264129411,20.4144419408616
0,3.03823455064416,1.00926773425369,-17.69165655922,10.0454844609585,7.02041532958526
1,46.8651067524898,-20.7313275121641,-22.8080450446142,12.4947338933163,21.0879910340773
0,11.7382265316524,-26.3393857139888,-29.4048268655719,11.1122220853388,11.7485762734076
1,-5.36025738840165,-3.15559981447825,20.9824825111616,10.8529184274566,19.5391698714581
1,-1.00824179983185,-36.6836199512812,-26.6484534854275,12.2175155971016,17.8842576076134
0,10.0020756874218,-27.5231325866929,8.07800852064024,11.2643588906385,11.6580583354608
0,-4.67930792597421,-13.6744326182359,-26.8554895924453,9.65454712082865,9.56544275691623
0,64.1305280008195,-7.63489024462061,-9.6609368708418,8.79831289199936,7.05119665007382
0,-2.39847363639691,-8.79649575220006,3.11014373347022,10.5133653818943,11.8515959450374
0,11.1456558415663,10.5465461807307,-11.5337949784212,8.41551837192208,8.69162147170971
1,1.49993531155227,-7.98159309492384,-3.13841293780021,10.2755266893228,13.7664173073745
1,-4.18368160994155,3.45104620346532,-44.846937387371,11.4033481137088,15.6622714560568
1,-11.9966966830303,10.8327300105614,-18.1481342815026,13.0625550748957,20.3799301158148
0,12.1572029481455,20.0628379734247,-11.6615494861476,10.20908768238,11.6090817375094
1,-7.35732296071407,-5.70539256139568,-22.6928894413322,11.7552413692226,18.3118469132068
0,-0.927991727084665,-7.59575886131735,-29.8313298119555,10.7081464285541,11.41048137791
1,17.2089037932983,-15.33950378976,0.129187031320026,12.349533594453,19.0907834286088
0,-9.12667805384487,28.2137316306713,23.1171284371446,11.3364328465238,10.329625554291
0,6.59354706011707,-22.2933717610847,-0.351332073464298,10.1892851649763,10.0689220675065
0,28.7165276255057,-13.7509977404224,9.22685362664445,11.6455369074357,9.45354788156739
1,4.9530987143288,-1.35754943763654,-21.6380037487506,10.0566502881658,16.2593200144554
0,9.75071870090359,-0.888457275148217,23.1329622822581,8.35864150299276,6.85793717764174
1,2.42769974058888,-31.4687723619249,-1.3957544436051,14.0209441539948,23.2750861417833
0,7.2930742268366,-5.38577176121892,-9.09261850129536,11.2453270227668,11.1457497347401
1,-5.80120948395137,-1.08939206581794,9.51636034030859,11.2949300794275,22.4127968224832
0,-3.56210475234138,2.50049247457946,3.18080531337683,9.35850888688348,9.33238372940747
0,7.15189724533152,5.1281009080335,2.2481394191592,9.31834942212791,8.00232507128815
1,5.38498572427032,21.8459137903985,-20.8327224234805,14.8966719604364,22.7163259407979
1,-9.11465761795394,-11.1183849522065,-26.9186316157205,12.1445168601308,20.5716658973261
1,-6.02513773307421,-4.70061034552277,32.7610124660989,11.790524299854,19.6996999192332
1,-36.6678477781934,16.450241410402,23.6732398089277,14.5940836234737,20.8424282648507
0,6.4548361707042,2.46477712776949,11.6197835111316,10.1391875862499,9.70140333776238
1,3.98150928643671,-27.1503221982176,33.6703845069978,11.1339927668353,17.0379960227708
0,-2.77963351349389,8.04265757127374,7.44813903082894,9.4004659481657,8.99722737153221
0,11.6250291795055,28.1274322877206,-18.3809033317955,12.2518316562936,11.7015718945464
0,-5.96915223636902,-5.37158910956167,-8.39241083353344,10.0091399490373,10.2286589557482
0,-2.5028680304541,19.7338079637983,-7.00150496712877,10.1151707652035,11.7221318270007
0,-1.99915298643178,13.5922675924068,-22.6153336287929,10.149453266366,9.91719661608361
0,14.0399576146957,11.5111683388474,47.2056347205758,9.274266980424,11.7291733240438
0,-2.05559979385173,4.16041595093062,0.405761890675837,9.79708010093756,11.2099306015247
1,-19.8551122419567,-1.06592564535714,-12.8556971386429,12.0347420642734,17.64516248135
0,17.7448698263861,-3.62145866238979,11.1275341012394,10.8757626073793,9.67101344032905
0,-18.029691117226,22.405732052439,-38.134358846749,9.74824064147145,8.3081712058158
0,-1.28081182498961,-9.35180007517051,9.14082496368196,11.0378783233519,11.5558038871373
1,6.92218930631909,-15.8057919340667,22.0848147678814,13.5878783305422,17.9681542925749
0,10.047696772773,21.1298673148693,-49.8323672860126,12.4417494626832,15.5582692335489
1,-2.93411267998438,-34.4530550460857,-51.3145204774402,12.9501151403498,19.5688163904669
1,-11.0657257585697,-35.624299412837,-19.4183057638869,13.7849802747399,24.7862707496625
0,3.21268778377979,-20.1093857892303,34.7797150326851,10.4815904113718,9.65785889283735
0,-10.9613973916312,-4.67944229701808,-10.6343688135055,9.11058102710023,11.3913903366866
0,18.0506798320339,4.52921563020729,36.1156894455664,10.8024228170628,12.0308759314353
0,1.0842021429656,6.47593357342821,33.3253558611112,11.2595221814015,9.25069626808041
1,5.36508338863662,-3.26733657778759,11.7713972494472,9.3510595932199,18.4858756542622
1,-10.0006772729075,9.52520511593805,37.1641845282166,11.6565268051357,19.4081122322283
0,0.792152278409636,-34.6669889509255,-1.52675230067913,10.2935033956606,9.7205128067607
1,14.7477583427841,-0.0202846783000643,18.703237204182,11.9400179274591,19.8484623596823
0,9.69301399718985,-16.2881477662551,6.33646914365579,9.45395887655982,5.19391812343425
0,23.1817992594805,13.3500773869848,-2.89327966682762,11.2077097561465,11.7598685673807
0,-1.0247059966109,9.15643116162876,-17.4628279238782,9.39813655087941,11.1193192187317
0,5.24139878247964,9.6321832932142,-5.13538634406139,9.75556925792283,8.68851989470629
1,-17.6062201829107,0.559280396858392,-37.6094122499227,12.7950492859935,17.438619847012
0,-0.352704893830895,-24.1113147622049,40.9144084790169,12.1591496648847,12.7412120042825
1,6.03918011875478,-29.7807380175609,-45.8962621284013,13.6387217000888,18.674230839197
0,-0.0904139155572735,6.34713407950036,-0.814800293482517,7.50429572295587,7.68807008337591
0,-22.9562434304305,4.00737617685586,-6.0522279465537,10.9608185473926,11.0479906413744
1,-22.4758409874454,20.0130112364596,-14.3702402662761,13.933202629909,23.2211817286532
0,-0.092853957338391,28.1001820119331,5.12938105532405,10.5632859178922,10.9818579895898
1,-4.96625714741492,-4.57147274501933,-9.6456418098523,13.5623313231245,19.8628610183148
0,-7.82240431873463,-12.4763240696592,32.9469874996029,9.00025081262561,9.46573792061146
0,-25.1145714104985,-19.4780874285512,11.5610522802793,10.3737827529389,11.2583861825408
1,-2.40891540291731,0.975677429675291,-8.26479153358205,12.0780296483774,19.1926386854853
1,5.93606443416291,1.3879282750625,-14.7293747559237,12.232058845836,18.3919186218708
1,1.58247300521612,-14.8844391096184,2.71802197028445,10.2511968666967,14.0382703390283
1,-4.76650527307596,-42.527613176114,30.2915612900631,11.0549193771494,19.7252020471877
1,10.0105676269916,-2.29645116675165,-29.1755478849137,10.9677232566552,17.3854462319872
0,-25.7549803260716,0.410282973026075,-9.74598096724817,9.45066536941105,9.33183330972355
0,-13.8579081109303,11.1263286170679,1.38730072764791,9.6090038388697,11.2224914173737
1,18.7526553934095,-4.31020778879441,20.1144741478942,14.0941258661088,19.8333274900149
0,-9.19993308897496,47.9504762910431,15.0310711326766,8.78406541593699,7.03789378412876
1,-1.87218734603461,-1.55417058807206,-51.2998033906321,12.8049154264219,19.9564946497972
1,-6.68435838966001,24.6727298668516,11.786547138502,13.6817736947938,24.8400889563223
1,-4.38663855653247,19.7113863655253,27.6503380957,14.0814344761486,25.3217602931668
1,3.64859315365119,22.7985915955682,17.1491576598466,13.6270959051612,23.2053044115309
1,-48.7346794392668,-21.7571177906842,27.3000528283029,14.2043791154277,19.5540385230303
0,-12.3597839254115,-19.5391718960153,-7.38835594575399,11.2875081726182,12.5334311652
1,2.20871854117866,19.5754607254269,3.52130409319011,14.6757730727892,22.7304249338895
1,-22.4871373055628,-10.4697530223526,8.4355539936177,12.1617335804466,20.7751203784317
0,-70.4525870855364,39.0496868653113,-9.23021909960706,10.4583144746614,9.22678731824335
0,-7.77787505431225,-21.245895319674,-7.68816703192176,9.47352638319219,10.1546130169384
1,-4.33529838035584,11.6316496849448,-4.56634120991049,10.428298262542,16.9203253312875
1,-22.0099722866015,-3.57145274815791,-25.8547455893406,14.1711104907933,21.7825759912685
0,2.24620743835584,12.8651584338386,21.5948203561409,10.5604945318188,9.48776219163126
1,17.6445743625317,4.71929897113053,44.0885518490163,11.7355634286005,18.5089526442659
1,48.1267869774013,-15.3121628335983,3.58923638087904,14.3856676252448,22.670558688
0,10.5652927662346,-8.2187149886587,14.9943629075207,12.0172961325566,13.022296325532
0,4.28064099525205,-11.4712998282127,-1.8586903387078,9.83961833793741,11.1319914741646
1,-47.7539158626085,-5.31746635507621,-8.01221051218622,13.227294280169,20.5169167113156
0,-3.37063838028658,-6.55196395472211,25.024614724196,9.25348451221641,6.02034546778022
1,32.8601219172842,18.4119354117311,-25.9052150285485,12.9242076548923,20.7015303100913
1,-1.40909096320814,-16.4632548573087,1.34907653322711,12.771071479939,22.5321616465362
1,-4.75146100139985,-6.31607164441641,-7.76042306572756,11.0741352379355,15.3185053825929
1,-1.89876110069257,-0.0501816494228871,7.7229851304233,12.3148880910514,17.9947305347873
1,-4.82333055031834,3.18809487528841,-76.0955665261629,10.6618548259191,16.9779523385765
1,-8.41530200713899,6.80026931556787,-0.871177832254341,11.9283077708993,17.9118167434134
0,1.15246222210298,6.13653040728624,4.87917970402511,11.5163542330646,12.4655796976914
1,8.96279544243453,-6.25794040656102,21.3812200764497,11.4021879949956,18.7316075539613
1,17.2718053170418,26.5361042179882,-20.8986612337384,16.3138241893037,25.8945274349919
1,-75.1570706620506,-24.9744214878952,18.2029511103911,13.201382843178,22.2592806807677
0,-17.9847042664038,-4.41122315088329,-22.3406277040993,8.51285495852772,9.13849748874871
0,-1.23832986105091,-3.97947642760855,-15.3049701756353,11.0544607868407,11.247188406353
0,7.65197697452562,-13.507798334362,7.36248481543594,9.79946818925725,9.66153322868301
0,6.86026067848275,-6.9885183786576,-1.39522039019714,9.78146619970561,10.1404374734587
1,5.58016415994406,11.3397676792325,-16.7875950274132,13.0983323823005,21.4585363886821
1,5.58214286888372,7.23475843516708,-20.4965510468003,14.4552320185467,22.8285800627541
0,11.1699627203514,-4.02055507335214,3.82745041388839,8.70955845328543,10.5154464203039
1,-9.58894477887921,-6.29080049506942,-18.5151199956811,12.7116025713772,20.0584192731822
0,18.4323320239648,65.8791414188604,16.9830101763751,8.82323045423154,9.97750392140542
0,6.41038506074692,26.0594342042483,4.89480338037237,12.2725050361257,14.066390758322
0,6.98503004961992,-6.1725340632766,28.819012280687,9.50055908094465,8.71385863843261
1,9.34348808576519,13.0512542488676,-52.8559556898167,14.0640190832234,21.7086038352632
0,-7.66083814275697,-13.5109547099905,-5.93820340689487,10.5211807800925,9.48090651867296
0,51.3981399021184,-2.69630200223795,-0.93970031395411,9.56138877027321,10.4914382289547
0,1.94450717168209,-6.33531432323906,-20.9949242788852,10.8206279958152,11.3860155054807
1,-4.38442848024641,-5.431039745402,-4.65003349087578,12.158811918601,19.8909148293464
0,10.3944725378081,-53.6175951512067,-16.1207459936649,11.2743801840101,12.7526692370043
0,-25.9297569054272,-0.925620964440848,-0.514633680676164,10.8352657155513,10.8749618100855
0,-5.70667481829749,8.96020533152089,6.61243176324775,9.75966537849334,8.78102514635372
0,-3.26718426275253,-7.80961811492324,-5.0494688763921,11.2918460788592,9.94274221184969
0,24.9025476653693,3.32401810397222,7.2909768476128,10.1699379690425,9.66705747890789
0,-6.55256396018518,-8.79431713815974,12.7883324206203,11.1196104757898,12.206180984452
0,-21.7082764613622,17.4903246026575,-7.5951660983998,9.39414111263862,9.79085953754841
1,-8.08637514360854,-3.75029760329356,13.3567752592149,12.915415523392,17.9440188058211
0,-10.4106869332002,-13.7916159281641,13.4970805422839,9.4349408816622,10.7666248785196
1,12.0685108876974,0.12034465033244,15.3303337808398,10.0429715403448,15.2881643879261
1,12.7093250970787,2.59532774906271,-1.39756150678744,12.1064492393635,22.5200607486889
0,-9.34438305938094,16.7321250155852,-8.92234751222508,10.4492100851049,9.92719858668631
1,6.56582111867548,-12.3137184792753,4.39369623295717,13.3337759070639,19.8277254260131
1,2.16654466183692,9.6458556060046,20.4995801639876,11.6794831054786,19.0289726382411
1,-6.61070878666954,-32.2090362480086,25.6594251979733,12.2374427228642,18.3159309493452
1,13.454370371187,6.64890230969369,-35.742962012185,11.2048890232219,18.0036520499593
1,38.1904249512455,-20.4776791565516,20.2845904623638,12.2387024344583,19.5300763705789
0,9.66210438546981,21.8751792597555,3.11559722011185,12.5870799224433,14.3118799006678
0,33.9667623622897,-16.0314032236634,2.22687448417542,11.1619987245495,12.4639493941593
1,-14.8735271835983,-0.42316599809629,14.3882328570657,11.3044951376173,18.2320795098397
1,10.2729636552149,-24.5874600505152,-6.02344499776954,13.4910301018337,18.8887751203859
0,-11.6828464962105,-6.4170655360666,6.91984464908686,10.5251310460501,10.1823975921237
1,24.2550893808596,-1.82330692542923,2.42158000862036,12.1904592438375,19.5999565342818
0,-0.914592492313904,-6.99836478302512,33.5666746385419,9.9222930714209,10.3571391129236
0,9.67270468567588,-0.517014335640632,-41.0894461282477,10.2744048873429,9.18344365112917
0,6.29207318038583,8.79045397694605,8.51117330991808,9.60189367701666,11.3014481609264
0,-7.20593033969309,9.71554310127395,-4.14449630343256,9.0062902556742,10.4451315208886
1,2.1727582426069,-6.06963942450272,1.80374706978576,10.9323393673968,21.8784113794979
1,-13.3732543123747,22.0069953017173,-21.3691132172718,12.5765641850141,19.7772927971746
1,-0.217422642305137,3.37826962063432,4.03422366805917,11.1950542440585,14.4891379136633
0,5.13182592974651,-11.0399902085357,-5.7351637127003,9.6468862115496,8.96713588513538
1,14.3242207279662,-13.1128328970841,-7.87198333078918,10.5692682811357,19.3128961125455
1,2.05340883949945,4.36590517240607,37.7129957605112,12.0193156458439,17.626721908761
1,-12.6606057881666,71.3700254104314,13.5541245745918,13.1832669173243,23.0244073478795
1,1.56345358127543,13.5541601375622,16.7053025091238,12.5970479364658,19.0280953210831
0,11.5745120783495,17.9083902091081,18.7171752186537,10.6443520891947,12.1149919822302
0,9.64339122971357,-10.5545576041215,-16.3009740661224,11.0895799482609,9.58993920066291
1,-0.767738396444022,7.37046548466138,-10.6896338967615,10.8068060544223,19.385531306445
1,0.554490732626188,8.89531920584475,58.8452683910823,14.7167626455027,22.4356940796294
1,8.90493730798373,9.93158406230735,-26.5540216941744,12.418644933665,22.6737559886584
0,5.65522310005272,-12.1611778047678,19.4404898793537,11.7159348889947,13.1942169923328
0,-15.9348548537917,13.8933673780835,-16.1353437212222,8.96952594586963,9.01795571238816
1,-12.3339092082102,46.4414197313136,-25.4582591566461,12.5973108669488,19.0595108987212
0,-13.8377423142043,4.58227430435895,14.7487125876069,9.36214408186703,6.22432667895786
1,-1.65478665543931,-6.45490869038932,11.9429921137414,9.8036108436493,16.9051255364564
1,-4.84114356396323,-26.1231640979707,5.14014693974044,12.6530703065342,16.9072919503223
0,-18.0632685558197,-29.3014429812197,10.6932102234271,10.8369950518091,10.3439176284091
0,-0.961261100653826,10.6629991607578,-13.6396396619227,10.4334748899818,9.8055196209788
1,-2.3665678296041,8.05772782762952,2.24893598286252,13.9489107572323,20.931803471516
0,2.04184714676424,-33.3467268591925,15.2731873319556,11.6788038997255,11.7247796258869
0,6.2635730445715,-6.97178120084558,-42.4629034633636,9.63521888941617,10.934351075305
1,-16.2741431488431,-11.5060459476576,4.82988930718263,12.9136849479597,18.0770954922804
0,-6.92166124096316,14.0226190032469,-29.803613317003,9.10762516668637,7.72119977539786
1,-4.37005167381606,12.4235361285755,0.795902149400076,12.2750788473995,21.1403732323779
1,11.2218564410193,-4.63524371191817,-4.88995054637659,10.7040603923848,17.4603666223262
1,-17.2705249633045,-2.38704815997878,-14.4199088195494,13.7807578101768,18.6600438116712
0,4.54715173529484,4.28634457568217,-0.977479289372495,9.83980642412916,9.90405440267547
1,48.9457633214813,-3.44002858416071,-12.1957280336455,12.2306124299209,20.0061479876154
1,-3.37357787098819,-3.94954948304334,-15.4469304489449,14.0888537324503,21.9583653728827
1,-0.589611610863272,-4.68423037693647,-6.251858726108,11.688618482437,17.8145497843428
1,-39.3097174072299,9.81545169194705,21.0218653262676,14.5331469079318,25.603254240417
1,17.2630984649352,-19.8783624726466,-13.4707273229314,13.5698563996262,22.7392891531017
1,34.7054289603951,-9.70711375635406,-2.52206654220531,14.267094926918,21.2690312446793
1,6.1921040312663,31.9726163659024,-7.40641285989534,12.4401980041221,19.7006508037534
1,24.0928821712483,-12.9668481769734,3.11658288571799,14.3303367570332,22.5229120723965
1,48.7011621772895,6.84845758012178,10.9560734090482,14.7907326451009,17.5939261935148
0,17.1977729513378,13.066589376201,-13.0271769877684,9.86391588842135,7.72211194549545
1,-10.8618815980948,-13.9364201281393,47.5528464215487,13.1174847729911,18.8224783725883
1,-3.18512104107156,2.11156388016062,8.2399749416234,12.7313095702076,20.8818960686629
0,0.0784174561115206,6.85027085670879,-5.97188495937497,9.1518226675745,7.84300700406846
1,-20.8581585948872,24.8918803424473,-18.9048423545041,13.0328769395386,17.7928958902577
0,-3.3364324544834,-41.3391698319287,-7.83240837134935,11.3803171167856,13.4169577026561
0,2.36460227391823,-8.35026240489571,-24.7702399681824,8.87658021096387,5.37879876292305
0,-5.63476927971474,-10.7839715097094,-0.179009383922015,9.38210236503049,10.7449123041008
1,3.46381335419609,5.6452150370613,-37.0019063902059,13.490766223519,21.0587710871547
1,25.0903057886835,-21.5691649484606,-1.3674928289631,11.161712994766,19.1000813376555
0,-1.79120245132383,-6.05428755653766,13.2504635345613,9.12118495191857,7.69695375966332
1,-5.75577509836472,11.5821244707834,62.1196844435815,12.9522181051385,18.9635484114515
0,-1.79933623022494,-0.83125516389923,5.27087154872597,8.43497498734606,7.40308266588485
1,-2.16407734007528,-41.8406625565785,24.8950392520132,12.3240911054446,20.681977239471
1,3.74684633261062,-10.455092214493,-1.64711754160007,13.9580430468958,20.43652470027
1,2.04978624989908,7.87984728196195,-8.21568808694694,12.8614191004608,22.3557105095053
1,-1.79093780929657,-3.38632760082716,3.12886279078654,13.2119774113485,20.4518947732002
1,-13.927187573785,12.7741091683837,2.90672431162257,11.4335510495484,21.3703063973367
1,24.0378615107662,15.8942572808447,-11.4134976653451,11.0488797900057,17.8260399619653
1,-1.66068712476152,-48.8520518346106,-39.3543305604471,13.4512803199863,19.3967143148424
1,-5.90583415175961,-2.76077223784985,-43.2168020192073,13.1694876554661,22.2304651333359
1,-9.78074731984553,-38.4954589561621,17.7266842052027,12.9525304759422,21.6158001994269
1,5.71955767299139,1.44115633057478,47.9638076901374,12.299390722121,20.565886591432
1,5.21226795096955,-12.3831821112813,-4.39030887100709,12.0539073826698,20.3654723026644
0,-51.0702570135855,-0.780164319052333,4.36540096965806,11.6496081957363,11.3855014011147
0,-19.6716506583142,-1.1367780694978,-4.91227778070844,8.96207124593469,8.91636119285684
1,18.6610972592608,5.77934413872849,-17.2836517793779,10.9140842860581,16.4595423045258
1,-10.9220827533971,5.47675466330422,-21.348743248346,11.8838484860335,15.9316475261496
1,-18.5526368521423,-17.3970029827775,-2.18770733947521,11.7701767453146,19.7800560045738
1,-2.68577609513269,-9.18798506789055,-10.4715430220132,12.9072313504833,16.446599739694
0,-12.560902831958,-0.962901849784335,9.48206398625718,9.41207425138618,10.7807353376555
1,-12.2333894124181,-2.16967621465142,-2.53586193478132,11.4028335568402,16.8329482144321
1,5.5217294185828,2.7389967945682,-3.2054566585829,12.2178216239442,20.0605926917707
1,4.8808708134361,4.30239225724439,32.8233004541235,11.2196930752847,16.1470420448749
0,-6.55322145059705,17.7708035850016,-1.26296763052361,9.80738084142332,10.40818092599
0,-22.4033283632397,4.34975385556594,-32.3808654470787,12.0589557778414,9.78016114476019
0,19.9319836991385,39.2530156308732,1.14702386452682,11.4831876260819,12.0789161791257
1,-9.23124664999927,-14.6922033792992,-22.7500251954744,14.7506843406793,24.189656740101
0,4.30406055792055,-42.4485653633416,-22.1991782140047,11.5136302151272,11.6560994604305
1,-5.58155092881766,-12.8069655513005,-15.0843200052523,12.4064548740955,21.2019229989119
0,-20.6264503296969,-9.16974549442307,62.6677271369791,11.7165416980834,11.6495595034472
1,0.883870410709353,-4.49506107779218,2.37810358250369,11.3666552822531,18.3787649171044
0,0.461524053638299,0.744486705697731,7.52059448008438,9.31928896108886,10.630759204581
1,-30.022797465334,-0.233411537787686,0.347525906903472,12.5588596261138,18.1402470131302
1,4.05188701546301,70.1227566342505,6.84039167490758,10.6343534355938,19.1105187134696
1,71.924485353417,-1.77477175688977,-4.45321106766795,13.2587288100316,21.5012237167626
1,-4.65546046250624,17.4371717720509,-1.72517587688631,11.8795024642317,21.6659279300821
1,3.58029869751098,-10.6678226787752,-7.39216554610274,11.945000266183,18.7007773259114
0,-2.35858990920723,-24.6012620478658,-15.4619860441224,11.3487267036175,12.94480806671
0,3.14156216839726,-8.12644335152591,-22.7233902039244,10.7227202226945,11.8553884364994
0,2.35315988734409,14.7962133660436,0.0813134465274584,11.4271233436759,10.6048767072327
0,4.87264822054262,-8.8344792800206,5.76196054651971,10.7709224428124,12.2623345419454
0,5.21387451767813,10.4455804095332,-1.65058027133427,9.99192818458851,8.45990995648873
1,0.0215747286671265,1.11839312085432,11.7335189320798,11.9910924495781,14.8481715035143
1,52.6918436598043,-3.94075562971018,-2.82743094370751,12.9693348280766,21.1978361974456
0,38.4700981284171,0.812951692004111,-17.56334642035,9.84057033686268,10.4308577565711
0,17.578292041355,15.9178348021276,-6.31461922530799,10.3258265926837,8.19244835597143
0,-6.27839078323434,2.15669579132084,14.1912257538531,12.1262160923358,12.0706038244389
0,44.2075140661929,-7.67530443819958,0.476603779591511,10.1910508834215,11.0514108534199
1,6.44773953852171,27.6245657530729,-15.1030207952224,11.1255884388166,15.9713774047745
0,-7.01888150565583,30.6199740703148,22.8488886658388,11.8309934249505,11.9567740183382
1,13.1629892519937,-4.5489736524024,0.822415509223083,12.6056493842832,20.1261937105748
0,-6.83340018803071,-19.9814000483354,-7.73187429844923,10.098124294378,10.9855390906462
0,8.22700361993826,15.9913655843357,24.3403829006691,10.2460897550422,11.4440246543246
1,8.0882720877115,-42.248457372535,-17.1110185088054,13.3310223144914,18.5531983443372
0,5.09520257023466,2.60992284593292,-11.2932795424191,11.5197776156291,12.8726363059721
0,25.0326710854923,6.11509213732662,-22.2771485378112,10.6325022492963,11.5736059991661
0,-0.642503277576727,-34.0721485089474,-14.1326796340329,9.47996028295349,9.56716020493015
0,-23.5768961549397,-28.5106838267587,-36.1832729885842,9.33956183111245,10.4612936220375
1,6.03378004262406,-2.52892957365037,18.6380565355787,11.4771609141194,18.4234472853573
0,-18.2728424865937,2.39759491406468,-9.61755694206775,9.67594128155006,8.89441466076216
1,-8.50485573827145,-7.04811210787711,27.548975369354,14.8347477138995,22.7606051342984
0,7.55729448049608,-6.74631961053627,8.64438539848855,9.23361861177474,9.40390947627819
1,-4.54142084995062,-3.53396825905859,-7.62293557758824,12.0531461451457,19.7388631737001
0,9.37041061400751,25.8712077515996,-19.0922403328171,8.66607224823174,10.1517236889024
0,1.06507166172278,4.38022580910097,45.5401142273412,10.569912022797,10.5713475107918
0,-4.58851979897739,-9.51038385581706,46.54069491481,10.8760492425151,9.89233500628284
0,-1.56141927656272,-19.2208547349173,4.16833251312789,9.78468586249952,9.57744034349115
0,-14.8138727253854,5.69211339455178,-2.72050996631566,11.3446225205525,11.8353551277389
0,52.8834689751471,-1.84890342527206,9.36917066039793,10.5153511217967,10.7303812647883
1,15.0109694776504,-10.0846915126371,-13.1874787652079,12.4578096629291,20.2535203775226
1,22.8463030982697,-1.83283388347625,-14.6948275352054,13.1353206042047,22.0236161587536
0,-6.4260783214909,3.59267566387399,-16.1019540689237,8.56421790767016,9.39578299838126
0,-2.89037881119672,-27.1774719878164,-4.29965101667369,10.6261111278474,9.91429793976893
0,6.70366724418353,3.70639514493051,-14.7620394593454,11.4984347494455,10.0864021778603
0,-36.2020661335501,1.62749932225272,15.3451214185024,10.4784849825566,13.3970076093214
1,10.9758782688641,-15.3803849906092,28.5308404860307,11.9915290463543,16.0093572432541
0,1.2096031351715,13.3434602164883,12.4182811327978,9.25694421859479,9.04762983539566
1,-2.43517167875692,21.1224922426246,59.0024913932109,12.0331393237386,19.637723256014
0,-6.91438781889355,-4.93143153255233,17.7954297552196,9.6438377724766,9.60207156290129
1,4.12961783223619,30.2700867167154,0.672460915045279,12.9068396355276,20.5759043070588
0,20.6975770845045,0.588350743678554,9.28702225169818,10.0989269131222,11.8251542303264
1,-5.40016108035654,8.7549321107434,34.298850687494,11.997362478437,17.6112325430152
0,5.89669729202727,-30.0037346866736,94.2011994015679,11.4963110608182,13.4335476125354
1,15.8510737737144,1.88462705109419,31.0899741382912,12.1704879589009,20.8419298197563
1,3.81905894211644,3.18740120226248,-53.0088633242451,12.3441737183971,20.4790684892661
0,-13.3466152914851,12.1123708807207,46.7194237544853,9.853226010537,9.4743286548724
0,-5.11190354980349,-18.9185871915399,-36.2650180490333,10.2824807269878,11.8651863052802
0,9.79867987699789,5.59437296741153,-5.51053285401572,11.2606805951246,11.7134394040815
0,-10.6231747665243,-0.38527086177917,12.9356308343207,9.05669402634735,7.74174029085589
1,-22.4521042932159,-16.6455767553557,-5.56418448187831,12.3289922269686,17.2510116983074
1,1.96873203009296,18.5035845773085,24.0651968427287,13.284602592778,20.6435256697971
1,11.952390064792,4.20563585397311,-20.6944181404183,12.3369604086053,15.5683436226131
1,-13.1596760238182,-9.38599807834571,4.34245020395082,10.3849068175804,14.0764883650695
1,19.9935447265879,25.631177930556,-35.9877468557468,10.9524519585453,17.281514743342
1,-4.12201037895679,0.604132700164483,-15.9771130528677,9.61333074399355,15.1395672703584
0,8.69338657797141,-4.56490990857436,-1.32161453715157,7.65338931888869,8.54386719225216
0,20.4116892843529,-7.89450347578657,35.2396252437165,10.1365038034535,9.60627683882686
0,12.7585126614331,-32.526660483566,2.49423294793699,10.8050308581498,9.25617112516272
0,35.5310999793121,4.55335281058387,-3.92196827468436,10.4828995910055,10.2766718259033
1,12.1470972489666,2.37733981846292,31.2409326227558,11.6364001924755,18.2375152571379
0,-10.7666943586637,23.484158878854,-8.52613228247302,10.3392027099934,10.5501664785374
0,-7.08568548319029,-7.08455764376322,-19.7784158074678,10.5690074370496,11.4974534916409
0,-3.68100005787626,-2.78073406415358,21.5352378712208,10.1512111011809,10.5346642294499
0,4.30871064538833,-39.1464469926053,12.7115499496988,11.9252299046159,12.6459779226899
0,-6.45447666019354,37.012187460071,-11.6510361969227,9.66418258123275,11.4573598934734
0,10.3038890306427,-11.2333329184916,38.1641410772901,11.8169451731396,12.8944298285575
1,1.78250248028685,-12.5157787839296,-5.45700953080199,13.596929466138,21.3979949746033
1,4.70277225396309,-1.98682784801477,6.07337205276042,12.1291525106108,19.0074452616986
1,-29.705013195952,-4.41198977964091,-1.81295923620839,13.3902549101859,19.1452922277367
0,-19.2595354299584,12.8250149889397,-7.29362215850981,9.46401018691644,9.20393747152771
0,7.56451858995811,-12.9954776580997,-27.70868421379,11.046325897956,13.7772836830944
0,10.416091730873,-11.4429228557622,-32.7049069950148,10.3622704035778,9.46812657826693
1,17.1642808115488,-13.4942651443331,-3.83216193262797,11.2058098007101,14.7041432564883
1,4.18072431306745,-10.5443326823111,18.3890556858988,11.2738112793713,19.2735147084247
1,3.64897665215263,-3.13667710906412,-15.3904962240388,12.2847928031414,18.2524127096746
1,32.1877611999915,7.88907778490377,-6.08708500605435,12.3081625642661,19.3734385630574
1,12.9937025903266,13.1221281486598,29.2920332341761,11.7134046135086,16.1808607243017
0,4.25660470451435,3.95807012836535,-1.91379843247496,11.9481366114824,11.8787331299936
1,0.245759045640542,-50.8201750486727,9.29457280039166,13.1084170651152,19.0250693907644
0,3.34425699190008,-0.63340947429301,0.350748223516307,9.75246067256828,8.10293866909657
1,-13.7188669063416,-15.9593677241202,31.5298859584797,13.0885438085503,20.142216516679
1,-7.4666510666004,-6.93453047319541,24.0726471767156,12.6533323528878,19.4541610033107
1,-12.0360124388244,-4.69496314698455,-13.699872142193,11.0512477690582,17.774050234959
1,-9.59144127001333,4.43865303283445,7.8087168356889,10.651198481533,17.6193623350847
1,63.2994371933546,-13.3839511989547,45.7556175944429,13.0473236906894,16.1497186981781
0,-39.7864880841292,-33.1302927453217,45.2799113918613,12.0979031355233,10.9701903794569
0,-7.52284146361638,19.7063628789205,-5.86996746490896,11.8719271951436,12.4171143060541
1,11.280648066978,-1.45621599344351,-8.27315022878072,13.0422767829885,18.5278869685442
0,-15.951429849343,-6.74314912787983,14.7019997838307,9.2998999987317,10.3682716173457
0,-9.70278999104817,3.01353901886563,2.80292349097066,9.34865896209229,10.458329259993
1,-11.8116285850413,-1.5446411417607,-9.98390748268298,10.7780301690363,16.2955737837689
0,-2.84137517372585,70.9569786204348,13.8334751302739,9.76274007699876,9.68381551357917
0,0.644025720674008,-3.88472897269393,-41.0772248127818,11.6343332512759,10.8382083929508
1,-3.44702229975612,0.331076103798748,-43.6328899673375,12.7609058102356,20.2639143231335
0,16.09634599348,0.914658728918507,13.7957888165654,10.9863099495978,11.5857534945708
0,1.0627924409223,-45.4828848121247,0.469482565626028,9.2765125976761,9.19714043465385
1,0.841022580227796,18.6157414240204,19.9570424661977,14.1570367715307,24.464953516213
1,-14.5454898814468,-6.84861766352642,-0.314333470896514,13.4607822906129,20.0170371829685
1,-6.98229464404029,17.3729345222345,46.2384903761044,10.9344974007196,18.4450787049279
1,-10.1350467199078,15.2775926785817,2.1292449672868,13.9389437469432,21.3480978605093
0,2.02840528953346,31.0948780390429,1.29857365643873,10.3377562435218,10.5288924807541
0,-9.80079182282521,23.9418310028397,7.99237940894309,11.1933569296385,11.5990587350212
0,6.80322696361463,15.4626548354597,5.2402078793103,9.7742105781424,10.8235738112677
0,-4.05935653223734,0.47123441691954,-1.07766445652745,10.5588644972426,12.2994867290545
0,14.3759536343356,7.7892848025384,-15.6182903242994,11.2813883896591,11.7115687057522
0,-5.04077945152318,-2.91343727246411,-2.6759158328483,11.5999862393687,10.3479879539038
0,-9.05080870034034,-0.900257838517322,19.6677304804864,10.3496741770302,11.5450114839941
0,-1.80124808442985,-0.753018671101274,2.0423846733785,8.86828907129937,8.37584733946933
0,5.09128313485494,45.5255733928505,14.06190735783,11.3650656773447,11.2409264507826
1,-29.5298032947369,9.01132503445651,35.8531257148577,13.3217329179508,22.218850431881
1,3.42570579497283,6.42244198068217,-37.3640160765142,12.7442743909817,20.9601581923954
0,13.7231153855342,-2.08783997175375,18.1509471052436,9.77215027644868,8.36079159926219
1,4.28798229462348,20.0639771693269,10.0393466110453,12.8368290563322,21.2343513040724
1,16.1261981233345,-6.8185203527936,-25.8419960061606,11.266704329893,17.5164041959411
1,24.9778979154898,-8.18620036452266,7.04906099042115,13.0537029236607,20.1974780966224
1,5.92060319221011,36.1257513802076,13.904516205142,11.6493008829904,20.7567599960323
0,-3.50749317910117,3.70704481164853,-11.5741040558771,10.3618058560745,11.5863291200895
1,-0.00731815817545795,-40.3109604143061,10.1226331545478,11.235399650425,14.6818463899565
0,9.68154056272595,2.20404330728037,63.2370012799022,9.91104675100459,6.96565949034096
0,8.29444040252391,51.1952393740023,-19.1984661050851,12.0001356291313,7.65595312538399
0,-14.6560028619745,22.9369785280526,4.20250995107789,9.23602284041547,10.0455914831258
0,14.0508025775125,11.7648096619126,-8.70648732305749,9.54888395693388,12.3704797633476
0,5.74372254463848,-5.0678499320567,20.4048936976687,9.66399775238343,8.99558040169386
0,-1.66260162031343,-6.83534171358313,-10.0391503602617,10.1582075488697,13.1106912691126
1,-9.41656752905714,43.7512890684634,-10.1126924805824,12.885282861323,21.683521225317
1,7.1285886896062,-2.35365280380486,-25.8515156839083,12.4037497059238,21.5772341035866
0,-5.14344080927249,-22.807910635103,-67.8243949132352,11.3445469564661,8.52956083265714
0,0.682892895632323,-1.48067249165529,-3.06805489086839,9.86362200422796,9.09083225941227
0,-21.5453758688907,11.5657088964679,5.69148856729264,9.95604585531896,9.41686562089242
1,1.67970621170765,-1.34848077157851,-36.0063315453355,12.590651227355,17.6794192856781
1,5.98406832848209,8.5756514738936,-30.5729935604083,12.8129346851339,20.8341049143564
0,-4.78454656324763,-15.9439001561454,-35.6653602425266,9.34270035969771,7.0722593833722
1,3.52791042757047,3.75412789032009,5.79522925946912,10.9144197102463,16.9867050081212
0,0.51077991011278,-1.07621252412365,-6.19891645872932,10.3269661290362,10.5551277109834
1,-6.0282889445109,4.08926737893785,6.82070884822814,13.0880976861622,19.5288764258043
1,-7.03091272578297,-17.2697204407343,13.896506772287,13.4248108218271,20.7775564752577
1,-33.4694993608254,4.41021854695722,41.3348875106009,13.4575716878338,20.1275924090967
1,15.1803227008165,0.608818288520352,-3.21575951002737,11.2498011466238,19.5123293000476
0,-9.1555047995573,58.4986169774623,-6.46804622974817,11.6856469951532,11.557773954379
0,-31.9496461054977,7.10239620079638,6.10444035268221,9.99919078703171,8.52974112404643
1,0.030406493452162,9.79757912635723,11.5012360774739,12.1260227534855,19.2816041611174
1,-13.8866563433315,9.43438763119403,-4.02768597114035,13.7191879489984,21.3737375401553
0,6.60619111374069,-10.7310193536687,9.22097732849503,10.5233015031498,10.9692365522962
0,2.65424054442862,11.5768809378493,-3.40243295300566,9.97898868378919,11.3827870775621
1,-3.87463734920538,-17.0824307179717,-21.1680147645643,12.0562429002812,17.3385874604133
1,8.3419689460697,-6.404004150674,11.6092505738339,10.6239879550161,18.445851887947
0,5.0888342855961,-2.97081014614975,17.6740017898658,8.15707751653153,9.96294114797802
1,-7.62032556122182,2.23442899569,-8.66328954225445,11.0672399979058,17.4542610082242
0,-17.7751318779686,-1.26454082014738,-5.31890116824318,11.0897740229592,10.1700647997572
0,29.4963421809064,12.1831753970314,-0.705279761416135,12.0161250365129,11.358128645801
1,35.2663637129525,38.2080961581976,9.23649006830889,13.2062877306954,23.4534829023085
1,-8.08503006337628,-7.28726547555134,4.94904706005078,11.2942463440124,17.2960019668868
1,5.14721132305777,-3.58209227206386,5.1351588513419,13.9238486489595,21.4437701241619
1,-0.987392476480892,-8.0578116549859,-19.9892866935028,11.5426283075304,15.1736788746002
0,3.42940661781839,-2.65746938248773,14.1430537261607,10.8272491486153,13.8066006128109
1,-2.16191960530223,4.80542796785191,-45.4131303549265,12.5113118299175,21.305525823945
1,-5.054814631649,20.9695951831281,-8.65838103199799,13.4992947339725,22.2558921327476
0,0.78512993549281,-6.00027968378968,-34.1485561127077,11.373583493244,11.3097662908836
1,7.6569309294747,5.8913636300938,-4.2946581278999,13.0193898463849,18.8156660331042
0,13.7445051807478,-11.7054950978697,-5.36418147906473,10.6142447217258,10.4098545650916
1,3.44981818615415,0.652609462174326,-32.5557649275461,9.99008633927534,15.8701412432821
0,10.3191324777373,2.10381498454792,33.0475576873438,8.37577238883149,7.99884570153511
1,-12.3636238824071,6.76775754592094,9.94265070602478,12.3785016579929,20.6696721393993
0,-3.19412481566219,19.006580641013,-4.58349926183994,11.5235801585418,9.58415811395637
0,-8.22474574636015,-6.89267506105435,-24.2664028687144,9.18074622759528,8.23654417313683
1,9.00512266412256,-10.0976676996697,-26.2436584309706,10.6525189806472,18.6333654028741
0,6.30236360750123,-4.8605002905207,19.4959247015735,9.85618746788301,9.17253760147688
1,-43.6373887651704,-41.2216339082586,3.42161527861788,12.1260351344247,17.2941813448427
0,-3.63630769514057,-2.77152919322351,8.82458771350031,10.6652099009586,12.4666724961815
0,-18.3404433481284,-10.2558590588612,-4.69772885792812,10.1235540338182,9.73619836313911
0,11.9722393629577,5.04175873603904,-9.66327967226833,11.1507713039765,10.6447861355384
1,-11.7019815062925,-23.8103285831849,-10.110624238761,12.8513230818269,20.6106253462307
0,-2.34015693966935,-18.0624560634222,-4.93091286969714,9.0726399707704,7.77363586207442
0,1.63852616515043,8.29912927512587,-15.9771077707922,10.0312256563113,9.39983488250359
0,-2.43781483485088,-5.80511249056966,1.26214834394305,8.85582594267613,8.91447005547663
1,-9.59346818825009,4.49914274898995,-0.164073453912495,13.3569047103346,20.322691713265
0,0.370589465927022,-8.75076240096975,1.28014172215545,9.63140784954518,9.14848611139363
0,-31.7198250483186,-8.31151319365533,9.50232231984659,10.970453558306,11.5514700912058
0,9.00714076813733,7.70465174182955,19.4655046253255,11.1993380892763,12.2115340813821
0,12.0675500166983,-2.18335607634099,-8.89633901703963,9.74688604995351,7.67689671640703
1,9.50438249945848,10.4946813348367,25.4814625034749,13.2230607431602,23.1674030286984
0,-3.71722482877753,-23.7893839954855,-4.40677860645571,11.803101195305,12.0424859740738
0,3.04020715203124,21.9606025381553,5.34069983125586,8.94753205778644,6.27062280815769
1,1.48071215553519,63.9388016219742,7.7934598597913,12.7830857333943,18.421939044847
1,-1.7222594274857,27.554086262532,-2.94122478692644,13.50234322274,19.3073177654483
0,-2.14792496446038,-9.42014609710899,-2.73827153935754,10.5586222042054,10.723424152274
1,-8.02066866051035,32.668079957397,-7.95837217303289,14.0144621987283,21.9315908943989
1,-4.66395807646836,9.52471041215312,28.0695740207943,11.7077724642528,18.3189684548389
1,-27.2262680353146,-6.49053549312108,-31.2724241697923,13.1232341619523,25.4302141616258
1,-5.93600893510736,18.5870701215801,37.3013736567157,10.6057155354531,15.8255566113868
1,-7.80992688628518,5.04684756081971,9.40136250468361,12.4688695915317,20.1015365619388
1,-9.33927762894114,20.0005879361758,-12.7480584122462,12.9079910890309,21.5351145853386
0,6.58117017884414,-27.8198911698317,-5.49335413346907,10.3394639644271,10.6463202719245
0,12.9419442316529,-5.65491957825435,-2.75631383313146,7.20309872242524,6.30670435062223
1,-33.0185406730115,-3.26364209759497,20.35875031886,12.7786671588676,19.287819227217
1,4.56445504672167,30.459157603157,-38.7596870636376,11.7155539008849,20.1485293866977
0,14.7433118232343,15.080282034827,-0.0939381192401369,10.572433714683,11.0384681305483
1,-40.1732769753496,-7.26239658349397,-6.72771163659007,13.1600168611808,20.993085728557
0,12.9273012550824,-2.48605384141437,-9.4154453356005,11.9427697556008,12.6145466519536
0,6.41105686697293,-9.64852060796571,-30.9445666009325,10.2455265860899,9.86543185506162
1,-9.74672225849883,-19.8954114956379,38.970893980528,13.1443456881336,19.9598605999184
1,-9.82859531526565,23.5554449766742,-2.4368363724666,13.5375065339404,21.7418875726907
1,-1.54166979066484,8.80451736687588,14.7774122534043,11.4074960507658,16.8397861715813
0,-28.6622440686239,8.3701143362181,-17.202511744598,10.5051345479879,14.5295941349347
0,32.896180120811,7.86128941441005,-17.8920957150027,10.8625734542308,10.9388863139917
1,-9.18400309617568,-16.263958590663,25.2730068963642,10.6727550365856,17.147703426951
1,-1.22429614272181,-10.4768582017358,-12.2677671479232,12.1114697692121,19.4374917899829
0,-12.0407263136399,-3.85592435706895,-5.4362561223219,9.79387102639443,10.0444765164427
1,6.83538710312098,-1.78948077938542,-36.8570582054784,13.2507804057853,21.3528487462441
1,18.7012421085853,-3.43806994540834,3.44908633150185,12.1419214537598,19.1768057913899
1,1.66977261997298,-3.5100255280389,22.1683214704247,13.5058103414978,21.2084943256315
1,10.3213011008215,-2.62665067512613,6.10115498807423,11.8218476383788,19.3927824205193
1,2.5802439525468,-0.0470014440792236,28.2485562699354,14.7082175755,22.3407954319811
0,5.20299287168475,5.47537331458513,14.1851733173529,12.7066898300009,12.9328424795258
1,28.9655643617206,6.38897667593292,-50.9902572613284,12.7012420047674,17.9491201444475
0,5.886722326933,-5.86647916862763,-12.8749933720056,8.47356709252862,9.07203376210015
0,-1.33058014522915,13.7806379062105,14.48263227414,10.016952028811,8.08370167724623
0,-39.3950291609515,1.28835155681227,-6.55400536023332,10.7808358150338,9.06815055806623
1,-10.3065012513906,7.19192044385542,-5.38222421530527,12.2357196322231,18.4419902237354
0,46.7140117611304,8.32203335330289,16.7573346044957,11.7489523574955,10.7732210141878
0,-2.84938251518792,43.7281316221411,-3.70985826067273,8.95800243423002,9.83973500199982
1,-44.0685668768275,-0.365593825875818,-14.6682180690925,11.8229750289481,17.733994714909
1,-6.33467384220416,-19.4199408409307,-23.292964370654,13.493755375337,24.0640849943001
0,-12.9471216361643,6.90862757935729,-7.66970994455101,11.1733195887462,9.76552100683732
1,-12.9334998770056,-14.0393535195161,18.0199705772678,12.9317793135059,23.1752251497373
1,13.5792794971785,16.4956426823332,-2.93976235456954,12.0158610408386,14.5413439002569
1,-22.6496180431376,4.77350916414222,5.06278092753199,13.8507740553715,20.8650635498054
0,6.53165064765314,23.0658247373751,8.68026469511102,10.9707627149857,9.68653471688795
0,-1.9344607787416,-2.66549311039793,16.2183438608091,10.8842616455285,11.4159525159741
1,-0.60309029354761,-6.6243393743627,10.6764673123945,14.2150628347709,22.0983871955864
0,10.2375017088869,-4.91576033237352,-11.4497177884493,9.99425068817717,9.71908339346459
0,36.1500481835911,-13.4837714516726,-8.37982091392757,11.8504253501569,9.77871208176874
0,11.4963356237719,8.51783963494941,-1.2032151789687,10.3304269770739,12.4270790488196
1,-10.6956962000652,1.87625433166873,-13.9773433402049,11.2077399701017,18.587346097931
0,7.47984464075156,6.88025293999859,9.64863516243473,9.26183655201261,7.28079877863783
0,0.381728882553338,36.8500513184264,-6.34731279152836,9.97958156775852,11.0965570192696
1,3.68975073170956,-46.8603607269797,-10.6496922627084,13.2095817696095,19.7112687066142
1,6.90324512559403,20.4471122966763,34.7491914883633,12.0674163898552,19.3788431278789
1,-44.1017551756373,7.00609352206045,6.41083899380395,15.1468400885768,24.141759885147
0,-4.25293593468447,1.3134957991058,2.69706487110706,10.4206608718744,12.4915056974549
0,1.66653981504956,6.02915472539959,42.410392147522,10.6461637642623,9.91145724069725
0,-10.4162381193116,5.20443381249705,-10.8486502194976,10.3949134881732,11.0454313334869
0,-6.237494843792,-31.3194821553913,-61.4898407971218,9.8328539152257,7.39991960530308
0,-14.8164010690103,12.949069621275,3.30352398435804,12.0908187211785,10.3956713730961
0,-0.438598763267246,-5.10603047138376,31.496983541646,9.79583383387064,13.3992168223534
1,12.0075545425718,23.1206576799766,-22.1836929887607,13.414735260303,19.7214684941547
0,1.59285662423301,28.9048149427516,0.391650622842645,9.20016000504667,8.35256749505051
0,20.2394166009024,-11.2310676069324,1.04821549173554,9.16649672258588,9.02947916983128
1,23.0853495902503,22.2438003188303,54.5320506254928,13.6645451583337,20.2317902692202
0,21.6492506945066,28.017413076222,7.24623423181082,8.27343172510655,7.10609308768942
0,-12.7142920900448,-5.86536913867723,25.1030543412531,9.72380251623549,9.58661183874516
1,14.8489695521019,5.25363499359638,-62.6237985146253,13.9669325508902,20.9161538872562
1,16.1197746232169,-0.896510447152468,-10.3483345967297,11.8836929512471,19.7941978278612
0,19.3426057224658,-3.24784972773291,14.1436432574061,11.0490244773731,11.5918104977282
0,3.83028348234128,-2.0108410735716,6.82417307440958,8.71385577590564,8.82245511034074
1,5.9963542557461,6.11227643328002,-25.2880081003824,12.4473206305552,19.2505237794263
0,27.3267412237965,-47.93114819257,15.3666401817547,10.2395462672448,15.8406672670954
0,7.43882865656177,-10.9874476716111,10.9034459588904,10.4554178973441,13.0214124542337
1,30.9816276544722,0.319257507015403,-14.7620090181549,11.79416727172,18.6850840677073
1,22.5914812574075,-9.25558281213548,-5.50479031097676,12.0017860922701,18.242679432161
1,11.2225183075624,22.6435575407211,-3.5115144038423,13.0447513874234,20.4554992098324
1,21.9551429129905,-9.00517431785925,-14.1330931657804,13.419721480877,21.9367966576104
0,14.8130027301853,-13.9531028010947,-15.9815831446339,10.2248035633993,11.2865768364119
0,-5.34030759006745,-7.91989031710571,3.31673029429694,9.66031745954632,11.6620563244097
1,40.4550108240712,2.42880508157982,-4.63924978291593,13.7018423960408,16.9203986714626
1,19.0991958703579,-1.95534841180447,-27.0711938511544,12.6545679072555,21.1404443293121
1,2.97114842753935,16.0348386827551,-66.0332609218055,10.9105679453704,15.8824058321624
1,1.52975674452839,-5.09731902546275,-58.3689148253335,13.0299411812203,19.2875240164988
1,10.1108733824664,-7.24787429170835,2.02558882688509,13.3307001632396,19.2593411669329
0,-0.999932423590038,49.2972923766705,-17.0309825153915,9.47885931084661,8.61968777791222
0,0.972834158183913,-0.297239143256013,-16.9045266278347,11.4287191216876,12.0415136371484
0,1.46203935263741,-16.9540235694126,-17.4699953724335,9.65261195432026,9.27199686478993
1,18.0584664029573,-34.3385033489195,4.40184486859799,13.5962266395778,18.9169526872813
0,-23.4562280429938,-11.7449709740671,25.6331521362683,10.4367282612746,9.11434631057058
0,-3.28640988667108,0.0333454068171918,-0.143257179623371,9.09765450379514,8.05170670989682
0,-11.1241811534804,-10.1904933507801,-0.191240742766307,11.4042006907896,11.1150458972168
0,-9.95721885188849,19.8850749659579,-19.3098545956758,9.09546015273521,8.37712377885706
0,9.29306499810257,-16.4326596378181,14.4988497016748,9.11898024855574,7.12713360210719
0,6.88854723600694,-11.3822142348543,17.8825115712966,10.3761578000802,13.6260300826143
1,-5.80774641468657,8.50333309401307,35.0826630958837,13.0624040398694,22.5871013836379
0,1.68687623485387,2.75925268674846,2.25636678899566,10.8882068875451,9.33205572300109
0,41.559664851455,9.41110733321218,4.52990594869822,11.3597669711137,13.0025696686329
0,-10.8373898300182,-9.38757077176263,28.6046685435883,10.9079962969929,10.8931390179518
0,-8.15835993789824,1.91834914939128,-3.48925792460425,9.13516379572359,11.0672653777488
0,-12.2200190911881,-7.05778133872348,7.7744207414743,9.23114669569667,8.47763150315571
0,2.04923513772702,2.90039315477962,14.3541120774784,10.1325603253918,6.9833033288833
1,-13.8031588201317,-16.6058102720055,5.66533009229187,10.5886830663855,16.19886589436
1,-0.849671117566335,-7.72916147676132,40.8547906714816,11.5819124326788,17.0711754179714
0,11.5664397880614,14.0852304772775,-3.58900823068951,10.0414124682702,10.9655946030044
1,-16.5595722194391,-14.3762058170355,13.5164198791252,13.3107267482519,19.9895671581613
0,-0.389809722276263,-34.844502682144,-1.20385814599308,10.9812384432265,12.9527938428273
0,-15.6592234264155,-27.4060799942151,1.73574563291148,10.7761090488141,10.5093897014929
1,-35.2735559669958,1.1520691769018,-7.96393326402003,14.6338661871044,21.6165109524518
0,14.4993708406054,1.55627842510474,2.72309540281041,8.91266054353456,8.42897050464426
1,0.120909858295092,-21.1091939178352,30.5020482780924,11.6635992340627,23.3838686654065
1,10.5430683471368,-4.36407805723342,8.38477878565644,12.3389763185898,19.2729666568322
1,-1.12318543483755,39.1673042864824,-12.4435505294928,11.6712652402419,17.7234842683668
1,11.9120140656651,1.14580133062403,-14.4460371198679,12.4420371191767,21.7245946185553
1,-4.46145277485813,-0.871808882759739,-14.8851804585121,10.1662229391942,17.4589354428068
1,15.7663490186898,6.08692039869771,-7.405285767185,11.1019074814346,17.9105631897388
1,5.15097273936757,-52.8489421052112,27.8236816009725,13.1917895650992,21.420853300512
1,8.21256325028072,-0.376584924209389,-4.65494419543642,11.7277955604102,17.6690638831518
0,-16.2454042753264,-30.2507097813801,-20.584060586581,11.3021951118956,11.6201761518968
0,-0.56634210479964,-2.17991291413314,-12.0500877504814,10.5003554353399,8.6401145702168
1,-6.26309578543646,-1.90223705568615,-24.7150600047746,14.0995304574615,23.3514724616672
0,-3.144991710433,-6.40612077679972,-6.81798995034409,10.804541855194,10.6273121625761
0,-3.85865220992277,11.5440074338661,12.8104632217122,12.7256492326854,11.8833705420725
1,-0.254750794940648,12.287455102561,15.9694409801126,13.0482672193169,18.6674742413818
0,4.72832444299524,3.54443465309065,-39.1048140731742,9.92164413211253,9.49106593034832
0,7.35816741979566,1.60692725627632,8.79175269914724,10.3454132549805,9.71869640238752
0,-9.75069739930309,0.819287451798874,-0.0190921531267481,12.0932798229535,12.1952564935012
0,6.32047507631529,4.73402654004527,55.5102558061837,8.91348912997275,9.12807920885319
1,9.2382735380839,13.7495795799396,54.1580642075807,11.3052125507372,16.9292434465684
