"Tr","x1","x2","x3","M","Y"
0,-40.4396210895472,-20.1007512799208,-38.3987563839929,10.8335659011709,6.6714224890463
1,-5.49057489009115,28.9982885125456,2.38590468834011,12.472500030649,21.8542895452882
0,1.74088242165588,-11.0792277902885,12.0006440156807,10.392850280646,11.4245981626618
1,11.9143123409877,-0.544823240181239,-18.6079652442991,12.1650285845451,19.904428751094
0,-10.978858348036,-19.0266647197715,11.9373904800965,11.2096403949555,13.0538292260096
0,12.8140140905694,5.46044861686623,-0.203628569296667,9.78573810452276,8.9350854921962
0,-0.435191925328706,8.02303597559428,68.0478238807085,8.25995286139153,7.19629981775684
1,-11.472048655653,2.73718271316797,-22.0329131430865,10.8993995343002,14.9650433032573
1,2.32775572164761,-2.83577369373413,11.4334300739941,12.3744200624961,20.1054303838212
0,1.19875281367114,-42.5644079183764,39.3863236902165,10.5546078059746,8.95377252359211
1,5.54806459253683,1.72025393841798,-1.21041041450631,11.0071665701663,16.3299320218996
0,-23.2112250041688,14.2373048537077,1.84947886131362,10.482720976052,9.59879115138604
1,-3.66466143861551,-2.15014233871282,-17.2762457825486,11.7326670989386,17.3175773336681
1,-2.15608017474482,38.1864801649636,-6.35570588007829,12.6717467671318,19.3124663217327
1,-11.476770869107,12.9629154636376,5.84258168726256,12.6066316646902,18.8772086732538
1,-22.0809580444251,-0.661460905135032,1.80037047822442,10.8574730010034,17.2411029921072
1,12.0847805433579,-2.13134112552418,-8.02698857742401,12.2487343887426,21.4546564786714
1,8.97550882989897,-3.99218881439544,5.81592012657848,11.3847131291333,16.9248394141172
0,7.88835348358714,-7.71480176485336,4.14606579752803,9.83410116864957,8.56115707828638
1,3.25714142213342,-10.6384953111078,31.6170714980232,13.4726378723507,21.056118874133
0,-3.47425476433253,-9.12479627765935,4.7881264701249,10.151752298834,10.4508080417775
0,-6.68309038668148,-27.7616773262788,19.2171672546616,10.3174294554323,11.1040645668552
1,56.3856793805949,-12.9982044933026,8.86984781978677,11.8976369648851,18.7563596952891
0,-14.7057218108978,-8.01345877424257,-6.93199159319414,9.30887980522451,10.985889669731
1,3.1980388829801,-1.7086293329188,4.41047862800574,11.2437534424706,19.0908554088795
0,11.9584862827387,-8.75986177694697,1.99113783269472,10.5044205627852,11.0744518854995
0,7.78481601701199,-5.06302141300736,-3.75211133599451,8.80971174833375,9.15466593825067
1,-8.84156959689464,24.3500085563036,5.13722810706844,13.0341179990988,19.046304640121
1,12.0930943741083,3.05818885369866,4.44474700770692,11.8473558159815,19.707107537899
0,-1.62818900401795,8.05269502369949,-12.630285833454,10.5710425576106,10.0505664432478
1,5.53364976744665,26.6159912759715,29.0238919439055,13.2670468135671,22.7097014631066
0,4.17972008260995,8.32810621108205,-7.77726831910272,10.3111511333818,10.0599076112857
0,-40.7740835169201,-31.0560778126373,-2.91592886099167,12.4092568497608,10.1602752349347
0,1.93956105386696,-50.3642348343815,24.7514004271269,9.56694936197995,7.59673441430993
0,-8.39561858834071,11.1805846967965,3.8639013333653,11.4915781853226,11.3705192102866
1,-5.02250034764,17.9969342875735,-5.49988122465245,13.868151630913,25.6857807041783
0,-66.1185017667886,-0.189862416374996,-7.28572911854257,11.2831714672099,10.4534209172606
0,-10.1528004526996,-5.67673704072997,19.4922488630231,9.48110771519184,6.29329844033392
1,3.46888796224599,39.0390233592803,7.21028380230095,13.5662309769148,18.0961380448068
1,-4.37766238511618,6.54777423732339,-39.6014618915833,12.5077110537789,19.4081230876566
0,14.4041369795763,-27.2234172564262,-4.16843081872068,10.9832581765153,10.1934885387933
0,2.22076009656199,-2.19688892422209,-9.26421056272743,8.65179650584521,6.94536004396861
1,-6.42092684842651,20.752896712579,53.5219347872372,11.0027922998747,16.2161693000447
0,-1.26204876536263,11.1101122800886,4.04571089096289,10.7259251998096,10.2588137276769
1,-46.6226914125456,-3.74180040247508,10.2392224374203,13.656859601074,17.8198568659191
1,12.5435515124355,-1.78515969613644,-10.092692346062,12.0970597641209,21.2137506823161
0,-16.9782347986158,-2.963502042638,5.93374989040233,7.95236241397663,8.76300993947064
0,-5.50223971450958,-1.96101459911036,-14.2286311538745,13.0704360941064,10.5854271392522
1,2.46864659776601,-5.64427200145121,14.2315037848472,10.5429986907795,16.8960103455185
0,17.7939870887418,-2.50666677383732,-0.138642450918589,8.76294509367057,9.87032848049045
0,1.123363876841,8.06451231475128,-4.11380936263306,10.0537313312811,11.7350176698714
0,38.5083176659867,-9.21175310450218,-12.8125664582814,11.1274608321569,10.8986275742705
0,-12.5466367722489,1.78088629729971,11.959252255181,8.79748572420529,7.96087162908266
1,-2.04163686586671,16.7802915471392,-0.0200505537860189,10.4115180478209,16.9090959109169
0,16.787749908002,37.5682206877909,20.0472061273506,10.0341995516604,3.70798846495972
1,3.16333170255415,-5.06615775338835,-47.4400156630083,12.0324482189798,20.1776564416633
1,-2.16110787548025,28.2448553071033,-16.9231357137222,11.6441040760905,18.997352656113
0,-5.53612035988854,-37.4912839832913,-0.710711778440165,13.0158594751996,12.1996826169726
0,-17.5623615606742,11.3968437558149,26.8238179322451,9.63210268090576,10.0662976203792
0,12.8455530042801,-10.3770513202677,53.3911709086163,9.07320912484464,7.92756993323568
0,3.48064954026962,-0.934637045783352,-20.4521103741453,10.2448797299491,11.0559584108886
0,-5.09488987771287,-15.0607679168872,7.29937583706267,8.61752497795601,6.4751704940223
0,9.754091606932,-8.33388876296972,14.8318298592993,8.7819432104794,9.42743327096136
1,3.49468167317196,10.960288611433,-0.0216216854218087,11.4516601191549,17.1028734004222
1,5.20934884773899,-14.0185956910794,-23.9930136684823,14.2635293481489,21.94733621104
1,8.61574648539087,-1.85519173115045,-18.706180738277,14.8377786377028,23.7147841562345
0,6.82576100980796,-38.5193163727411,0.354054328885023,10.8513589930212,11.1401973336839
1,-8.49903131249874,-6.954077389036,-31.536824902376,14.3375807284265,25.3521430770049
1,-0.016858311153769,5.52126931715366,-1.2990428695844,12.353927264739,19.9059046530582
0,-3.49233752828471,-4.46480843094899,-0.415414021934247,11.6259668607737,12.8480632784732
0,13.0366640808149,13.6391806926973,-1.42902002728254,9.880651035628,8.71055717774346
0,-29.28784462247,-3.5501844166287,1.98975267953842,11.039999211072,14.8724721945867
1,7.84039060511121,-24.3898075501674,-3.82798501750259,13.4877942384462,25.6829888982369
1,74.9895071019891,-37.9442768956452,9.19641869091013,12.8785696148318,19.0520819049572
1,-23.5021619745058,13.4407150085268,-3.23899098852459,9.78636927395112,16.8689075078878
1,6.73702855319969,-8.04736987129474,-0.411150181771748,10.7973924126751,17.3008362329169
0,16.9048366624977,0.285450220008142,32.6174452894581,11.7561244818933,7.11822163010466
0,-3.98704265596851,5.17703706757799,4.24423384790425,11.0993094625363,12.0247412765307
0,-1.60606433110108,13.0347077237942,-1.88647213851901,10.7919649304092,12.3581165833089
0,3.03339426873447,-1.36538429806771,19.1104131336078,10.1271208156776,10.8785740009458
0,-5.61444307563139,-19.8347094752481,0.314656100591881,10.4134692472322,12.8184370985816
0,-6.49127651959375,3.25188155206713,-16.7742590405604,11.8561181824453,6.81751117935169
1,11.1678815812452,-6.06467185275548,-24.2984383810755,11.7108427100884,18.0106366146694
0,-10.1938606831444,6.76912259248942,7.40711718688955,9.33548402835426,8.75443642706755
0,32.918112565133,-6.95106841508277,-8.57851957797582,11.9306699234612,10.0601410989996
0,-17.0575081968681,20.0252734858987,0.165168516015676,12.2885136652292,11.0507151286003
1,10.5262992603298,34.40153281828,-10.4762098173066,12.9297919259285,21.6492843755989
0,6.07870287686926,-18.8922216699906,65.2819215044739,10.6667390398311,8.84711940095384
0,5.05937387124914,-6.79531216843031,-9.19929213317249,10.059467836583,11.2914273730579
0,-61.9484408677754,4.57865255749614,7.41139506451143,12.7546119196646,12.2145061384181
0,-3.41843887043472,8.73427436168686,46.233532955608,11.2621325764306,11.8922460347023
0,-10.9273291879222,-1.12755747582614,-16.764029341787,10.874905483221,10.1679046075975
0,-25.2061526218497,88.5049629838031,9.01718895804243,10.7846633745388,5.42442675900353
0,1.92576648044655,10.0367774174272,-5.16489134393944,9.36190908505575,5.69888109208413
0,-4.64681831999505,28.5105484503858,6.94660403715024,10.3351148502346,13.4803707373234
0,5.21454237587346,23.6327111744681,2.46095089553782,10.0145688825218,10.0360497203404
0,-12.0321105045164,27.1092094792417,4.30055178935783,10.1932664713188,10.9921861129116
1,2.32876830997095,-8.47876689647826,8.71098940058761,12.195427877085,19.3209878386473
1,-1.72324356297502,-14.7464307222549,48.4239738537859,14.078201914805,20.9526046671003
1,13.3878308726599,-8.43679750124457,-23.8397551392465,11.4251617330232,17.0000968551314
1,-2.58625150685455,5.31757190884906,11.1393711288725,12.4096837457768,19.7767130217044
1,9.34373855397343,11.5819858595084,-2.89874037031882,14.7105040102511,20.9345983809735
0,9.07831395509503,-8.57390476734459,-14.6968239200578,10.0240545404301,11.8968781186821
0,1.31978919476478,8.77821199065932,-23.0447007263506,10.7793870970444,11.5409196925526
0,14.4717649583925,1.18353376011046,-9.20292088886599,9.78580050316422,9.57163400116349
1,19.3050291119721,-3.91668315173187,-31.0876222879342,12.0461124672738,17.5597519424987
0,14.0566558983843,14.4409374229843,26.6608959407736,8.06483818645425,9.34421727941797
1,-6.79761836633315,-9.10024001442191,-10.5116563014609,12.1405124735204,16.7633678761716
0,2.85091926816275,-0.218033294621026,-12.2251018674516,10.9716707724374,13.3306852683033
0,-2.70121630389771,-19.9988900911265,-2.63746795898639,12.9850929432451,12.71822741185
0,5.23712020722844,8.4051749949093,-19.0352971038302,8.48317559870462,7.4581180980747
1,6.02945119844873,-4.31599800465067,18.3240091717796,10.7345188623111,20.5599398417578
0,19.8604583202268,9.82062888441687,-3.91161298066726,8.04497212358615,6.92273844136671
1,18.561132333384,22.4001997318197,2.56378114758944,11.8801132186004,18.3473190399309
0,-15.9577902884786,-13.5728604154962,-7.46856770094808,10.9087954180543,10.2247675949813
1,25.5288967459711,6.06107459935687,36.5823718285818,13.4154524051555,20.2107922500686
1,-4.875559389974,18.8934164392346,-3.49443078351896,11.2617487427923,17.5820779919561
1,32.452983841624,1.09833612595467,24.7175343616872,12.4140364112277,21.0768415999061
1,-4.10341025057564,-37.6122412180674,-27.3381178837327,12.2141376033978,25.3570592619208
0,7.92311581394697,34.0319287952719,1.51806594481063,10.2743489259747,11.5609146537154
1,-0.258263364084071,3.44417210841408,27.1000213111564,13.8562199807778,19.3959308526907
0,17.1112338962027,-52.2570708785705,-8.6439780191158,8.92633639293148,7.47248466622203
0,-1.21805111209136,26.1298418987403,13.3098098808987,10.1477394314256,8.93815271279291
1,2.03034615914212,7.6177359276742,-9.03784641009721,11.6091066375916,18.9775569203507
0,-9.69268854003978,-5.19262045788784,15.5820254795735,9.67979406850229,14.2100441244111
0,9.75911240683746,-4.37698422974879,-15.3969364332099,10.9260099088751,9.81840125062132
1,-0.334270741491113,-0.822657822536556,-7.10981060148312,11.5724094053789,17.7718015893971
0,-4.84796338224864,14.7675957573015,12.7801188113791,10.3375154979037,8.96312934647852
1,22.7771204310759,-3.04321087136973,-15.492413957616,10.6047266926575,16.66614582628
1,22.7468669856595,-18.8836037309859,1.32239863270743,12.6200560211924,18.2607586960946
0,12.0994334596465,6.64340843303558,-30.2369416813328,9.75602387555714,9.40056475180041
1,-5.24713327732298,43.5677940795356,-0.150889308590919,13.525207474196,20.5313191734892
0,-17.2760731801502,-28.5088359080746,-0.17999161129525,13.5786490369733,13.3037676590353
0,13.3476431259973,-18.8605220541259,8.31850670044017,9.80528129876236,8.46106720633
0,11.6520613050492,-1.43272351619629,-0.00346431767455492,9.52687873111755,10.7265824351262
1,34.3576889711117,24.4529603076704,48.9568364103723,14.3285277211575,23.9524837248358
1,47.2930459033066,7.42503302992994,13.6085483765456,13.6013881508308,22.7164906023454
0,3.81008394454037,3.07447563506796,-7.56832757667333,9.74305810455804,9.26109519062199
1,-11.2541930668709,-7.82750432305606,36.4388648492142,12.6363042512872,16.0912766096092
0,-10.2240344365497,16.9184839551822,52.1891548591628,9.73687854209644,7.00822956987158
1,-16.464864285677,8.12998279697092,17.5170482382982,13.3894534379145,21.9622833182451
1,5.16843283173914,0.254916312975186,-24.3263066350815,10.5969171006122,12.0485416910051
1,-33.4201508034594,16.1190358537158,7.85152710430256,12.8765639930081,18.7185549249138
0,-15.7090814920644,-0.550410198248748,-21.1067145144577,11.1201159628695,11.3767417853389
0,50.0324099755116,-19.0595836681793,-10.0205538001383,10.8697849555188,13.0031493005335
1,24.0612826001374,-36.5717125710761,0.773748721995459,13.1541363867201,20.118194145808
1,0.130699041139817,7.66036301406506,-2.8309878079529,10.9116237595477,17.4883796240559
1,6.43000339798763,-42.1727011025302,55.1951956826637,13.5962884136827,18.6763722785287
0,-0.996138939649981,12.9072260214519,-22.5144968716581,11.538179467756,13.7390779637637
0,-13.7006758362419,-3.38617251664906,-6.40229964121765,9.03307413227995,9.66518208538271
0,4.45141222738955,-1.18241337371277,-20.0652641275701,11.3771583810097,10.3067883678325
1,-11.4498711975111,-14.593484498399,-16.9857991569112,12.5888824792869,21.9841523421264
1,-0.251309892795224,42.8899527395433,21.0108484541593,12.7786059934108,21.0270716250711
0,2.82932979008356,-4.01168135645913,11.2972476941992,10.5731928084815,11.6232683620461
1,14.7552745612876,40.5443844269885,8.69182534767488,13.1146725023725,23.9691779281697
0,-0.394763928490904,-6.24926577143403,-12.3559842377749,11.5482400823888,11.6338763617501
0,5.05327812405264,6.42137812150664,9.05461019144504,10.1506257325281,11.4765231153007
0,-30.8380707453516,-14.7522587530675,-58.7383967977742,12.6131640199507,12.0253735775704
1,-1.90969709577835,4.50434905664209,-8.47219484504516,10.8113156719308,16.7950716663696
0,7.1258201209279,3.41189624635237,-1.52357220871943,10.8528813752505,11.6594299750353
1,-5.41746153437879,16.7558687766766,-17.2516128553562,13.3855825012178,21.3460410117149
0,9.85847784701889,21.5048362224222,-14.2136179566584,10.760465349889,10.4679530215299
1,-55.1827697758593,-52.0735798057606,0.063384685958619,12.7375447220934,19.7610461407452
0,-3.09052066067726,27.9687408320793,0.251027862579559,11.8382795487503,14.440523412202
1,-4.87170660645541,8.14493828513324,-10.0649421715351,13.266153613381,20.8119333044137
0,6.66436601124865,-4.32171627025405,13.6740415032869,8.67220619655327,8.39614300972022
1,1.56525223600678,3.06688073609682,18.6218079697765,11.3744428158257,18.3895868010706
0,-5.44127939996614,-21.891816928033,-23.905624432582,9.35281094014669,10.710625613567
1,-12.7028028293868,0.589961252009444,0.461256220373401,12.645686504692,21.6915038160005
0,8.11843394086429,-4.03156467595279,-13.3873937730677,10.165149289504,8.47911740117696
1,-5.86765918165731,12.6945994297034,8.67837225607109,10.2784589449068,14.8163812816743
1,-0.576891391411755,-24.6621470880881,-19.9390103614123,14.0519356242648,23.406890641507
1,-6.56879812262139,-2.41589612122126,-6.77907381039864,14.8179948407461,23.0801721055432
0,0.791039330298964,-3.60570620997102,10.0243997555184,9.1809164630243,8.85304365663167
1,6.1795429384106,12.6451871476715,-28.1984619280004,13.0984571612832,21.1588112411122
0,-5.54376583055017,-13.9590825681586,-1.05959644657785,10.0182511817033,10.7885680733867
0,5.99874077900035,-18.4291384076138,6.00257032460128,9.51787130371092,8.9078135340539
0,4.84630269698311,6.60105576674891,-1.83989314087078,9.76009067808694,10.2097737387485
0,-0.176958933217662,-13.486902961196,4.74817743214429,10.9568138984882,10.1559590243724
1,-6.93444166934887,42.862318527437,2.7044351722528,12.4101858229189,19.0038683484147
1,0.644222398725507,32.5996268965083,-14.4074439030765,12.4789730578645,16.9024949823886
1,5.4645965885752,-14.1427510115932,-18.070064519684,13.3696169118503,19.4766039024827
0,6.88921958659571,3.95071278035051,6.78692912964938,8.56229137311474,8.51323043239766
1,-10.1302313650709,-2.28413600204058,9.51814234121339,12.9002825374383,19.3966280641472
1,-10.8506125868979,-6.95185278475642,-11.2685054786665,12.9318316272186,20.9004677832032
1,2.58363897696945,24.5737535194604,25.1382273929387,14.8067758752832,23.9064676259107
1,7.15709274091091,-6.19852104943399,3.16282597725844,14.6189174422674,22.2558526947581
1,-16.8703765447265,-23.8776022946037,-6.23531870805166,13.0384503416678,20.8293158344139
0,14.0517458186416,-2.1870857707128,21.9830100864178,11.4462130706405,11.0411126250184
1,-6.3138820389969,12.0201693749034,18.89529006312,12.0243956836072,19.4394706273216
1,5.34181981011977,5.12350256126498,32.9763492621052,10.6185067071773,17.9996841163922
1,-3.51823150421524,10.1482075332031,-58.2372876684007,11.9339261704099,16.7422360376425
1,-23.1911880479989,2.50730863980389,3.48181316653073,12.7626978399219,21.0966953817956
1,17.6037710770427,-2.2498375943679,-5.52825409933777,12.1273747860392,20.4054574883706
1,-7.64358331457399,8.81533607982582,3.98029794580223,10.722995991565,18.4064677171664
1,17.9331110017534,3.15100212523862,-4.23576294932269,13.1355748080216,21.6184110839753
1,-0.567348968087859,-42.1864124615586,-7.87498913123041,13.116636950377,20.7509669238239
0,6.43638044403257,-28.7556130901918,2.3071322811364,11.5597527579736,11.1761570339858
0,-8.12953182519494,2.79849649306492,-5.59866782536137,10.9664385811662,11.0962815822162
1,23.4557722369727,-9.43742510338436,-63.8206866526409,12.1534201333168,18.1353637394965
1,13.7669357987805,3.53198429359969,26.6524766633054,11.565848302369,17.7310706118789
1,31.3180870609179,-33.5206046985007,-36.9562664703834,13.5573833846505,20.9570424088371
0,-7.81208417556702,6.58473195066633,5.92222920517339,7.65021757866769,6.20538481544959
0,-4.37651614827694,4.6464098383825,-4.61004102564998,11.7071472551939,7.06674524507535
0,-3.19707568607136,-14.911877239403,0.262488443558328,9.62878158405927,9.27687741620276
0,-32.7177212074958,-10.4209678452523,-4.7984141978401,11.4152119790956,13.5089225007454
1,-3.41571609601148,15.9523674412036,-1.0544831259258,12.2093246761302,18.4898293856786
1,-7.22922856497725,-3.84479396759949,5.82432197978699,12.4979041642504,19.1273968270615
0,-19.6819974758932,-23.7803411440385,-1.71033872015957,12.8453405255265,12.1534300170894
0,17.4364243032717,5.71314079200857,1.06205884972237,11.3489390289138,12.7003516517261
0,-42.0384338969289,7.64918388089077,4.31900149981403,11.300975044662,9.81280672510176
1,-20.8933054991757,-8.27281902978027,23.4533283422471,11.8010490999318,18.9481174982859
0,0.657467636583619,13.5023632888808,-2.07265915321147,8.92127684311556,10.7633378852166
0,-2.97940545045715,9.31253365923609,-19.093072092592,11.846733763521,15.5550143831635
1,-1.95237170279996,5.58554399846569,-10.2811392942014,12.7393306326048,20.3586646518666
0,12.2949141130934,-45.9791633471622,14.4977825198374,10.8624548111868,12.4635526460688
1,-2.08393069882287,40.8530258881391,8.68324397159649,13.544121252233,17.724724863172
1,31.3971171503618,-16.5481210972211,-30.8893517295884,12.2643646610648,21.7680591007804
0,13.3748019469577,28.8632453939054,-6.35605869832146,12.2270255218713,13.1524927336903
0,-13.2302805130557,5.35829657876508,10.536575184676,9.50415498200731,4.4326422501304
0,0.339257303189421,2.92848800721578,26.6526468222751,10.1327639886369,10.5113217934719
1,-11.8819974514272,-7.30997643621329,0.0133829949292785,10.2883143200723,17.6675467622666
1,-5.78479298664205,2.47793268910565,18.1454507761723,13.7741600722607,21.2975421590325
0,-4.43065944251155,-16.5141005447233,-9.55055069783581,11.0540010733107,12.5435163046783
0,0.263352642466892,-9.18301357741336,10.7670218397602,10.1781005873636,11.7677442818392
1,8.14984862908429,-20.1261188896726,7.87661710862845,13.6678198880761,22.0766518568753
1,-4.11596979400393,-1.18823186280357,17.1541111976797,12.6983480328181,20.7879617730528
1,2.37860534035333,-8.96158746100367,77.836611204351,10.4790004006455,16.9233718341902
0,-0.269767891151234,0.446636376173427,-2.10588799109309,9.26240556765906,7.78939866627427
1,3.21932459644399,9.79594360345832,-11.2439909262042,13.2364094324064,19.2135023268813
1,33.8052576239862,24.1021342971952,0.0255448216599991,13.4133637572236,20.866043965963
0,-6.26056970428435,-14.4577560598062,33.0693604956469,9.29823827850147,9.90319697883169
1,-4.42659234165423,-2.43568118189769,18.6037687400681,10.4481407918134,16.9413015662316
1,6.84453874744953,-10.5120762852218,3.45233111700006,11.7273091656091,20.9327432797102
1,-16.4281709409161,10.1677931578332,17.8209383704557,13.0360369368525,21.6921306143194
0,12.1522617429459,-7.95461587810732,44.3357415999402,10.5178291914986,8.04911495548956
0,-7.30032477190971,11.8567007419191,7.74017588201838,10.2009156164235,12.3289908289847
0,-0.76763873824701,-12.1986182934469,3.09503876524209,8.91837543913357,9.93635298095201
0,4.04797592163131,6.80548059672842,0.814917458331458,11.2568693493004,11.4592152665955
0,-11.1996489995371,-33.7012223010267,-36.6642011778673,10.8892044000634,11.9561311631607
1,-20.7210821291755,0.975304393902875,-6.13564411351256,12.738391339124,20.2754346428676
1,8.57276603219691,-9.47181933390777,-14.3373064383413,11.7414364070097,18.0226435935137
0,3.44296461504982,23.2724045862734,-0.387823923399158,13.7082140262822,14.3949262843781
0,-6.77537248370114,1.4934388667742,-29.5069431532858,10.0294860254419,8.61313667856426
0,-3.50603671548214,0.37217328070773,3.25677402000926,10.5215637377287,12.6243283551082
0,-0.425853154969692,-15.3239520820429,13.2727669048769,11.5966485945935,10.7758743113317
1,-8.74327252713019,-12.6902878919783,-38.0248972898855,12.5398125010577,19.337351288906
0,-3.9714670735446,-16.2052520523411,7.25456054200339,9.92579841843215,11.4447026730547
0,-1.08398343582003,9.63595694074569,-4.55579675287308,10.0130851250051,10.4813377821903
1,2.68420576479501,-14.9503904907295,5.18524811943086,11.3475051829425,18.7520387886953
1,14.8993440596613,-2.7148106620226,17.8821071890723,14.4850644157695,21.8950305475001
1,30.7667336975497,-2.13704055456227,-40.1967936316635,12.7500633533737,20.8642383964107
0,-7.61187006843537,5.67529932982908,-30.7976338128617,9.97690759742822,9.65330057601814
0,0.831336711554445,-10.0965365306736,-3.78374990993372,9.71644365171318,9.98582674257238
0,-2.70150279772138,1.98872799535807,-31.4984079631603,7.02696193225311,7.48875139881033
1,1.32050734091288,-1.8053699752538,-40.5952964673055,11.4246823422396,18.3720712540991
1,3.94119067370697,5.1796749941672,4.35867184572058,13.4045807207742,17.0483233353626
0,-8.09186803543376,-8.94937526893556,-10.1163257746675,10.5990432369991,12.2535244300383
1,33.4057861294125,-8.45945498702835,-34.8101764520431,13.9841157473428,24.6213537848883
1,-4.20394693312884,0.401547979269911,11.1471798373067,11.4530065466487,15.1779370663318
1,-2.57066194921189,-18.2432800636911,6.35866408209357,13.0678327272083,22.0050299162949
1,-9.74938956595014,-19.1864266356752,-24.1589421442175,14.3826466011724,26.0485412207561
1,1.09812510261763,7.2495360921701,27.7997563528261,9.69512903366268,15.5673298679343
1,9.9902266570236,-11.7920627774795,-1.09014869756976,11.1593074291543,17.4901738501925
1,11.9324294301256,11.4148068737367,44.2668575883062,11.2446677309625,14.7033344699653
1,-12.3508115963337,6.54352894215559,4.86665160089774,13.0559717395267,20.3545479673066
1,-7.65650344268353,4.15819391400676,8.65807790860561,12.4116231750316,22.8810618266919
1,3.00442561413213,-8.55981266896006,10.8614795494568,13.1650972766608,20.9272879999672
1,11.7080110935107,-9.05751944792022,22.931366180865,11.7010515584943,16.3668776421768
0,-2.79881149292647,4.38700418739401,-12.1976000745439,9.60657142781164,9.30418844854188
1,-0.18321705062261,-12.120451138009,-6.15087614160017,12.8910567874868,18.7668142384477
0,-27.2859178657088,-15.2025478211583,-3.06580428234004,10.8515072062287,12.2066748986557
1,2.69828272791458,-1.13305968059743,-44.7003445061676,13.7831597484903,23.4795516755519
1,14.2467035839507,-3.70193996301601,-19.9385184317919,13.7301564918762,22.3466254375651
1,-31.9371878836939,-3.06981134830952,-18.3768190430889,12.2490564386542,20.7893453128744
0,-10.8435370029852,21.8460619307865,-2.1385455630223,9.76713960219821,7.61264080874493
1,-32.4759169316794,11.2781716555217,6.33752721702944,12.6802757830442,20.7167731007559
1,-2.02515574631803,12.5306627306412,17.7440706282721,9.42648444061509,14.0454234206208
1,-30.465385768971,-3.97825796033585,-1.21611217156838,13.8059850840783,21.6836510167482
0,-54.4133569984728,-4.03992125033955,-5.45844205796057,10.379694697862,10.8085337034981
1,6.495492975545,-12.2875669495524,24.3478488819456,13.5087510399922,21.9135801374894
0,0.831510533885448,43.1732374940259,15.2646916327131,9.22737982952957,7.7394298306243
0,-19.2719264149205,-1.20447107393054,17.4600500774019,9.95296572634496,9.08607805964176
1,2.29562351934167,-10.4761727255016,5.85431405434613,12.0587445300996,20.5574290533459
0,-5.10637612678972,36.3256788676318,-5.64143197519674,10.4698210234514,9.09259455919092
0,-3.42968031903644,9.88703049524756,-10.5620994429681,11.121439279107,10.5812411078827
0,-3.04219799707364,16.3635856999997,2.05726457426012,10.7691468369979,9.41676370154997
1,-11.9305952452964,5.18523332663552,-25.3250569581235,12.9941959409884,19.9778217672755
0,-2.53634661398268,15.497553576934,-10.2468468435693,10.8231957849507,11.0789718701406
1,3.17375460140709,1.32085615488276,1.73750960260221,10.9054770362631,17.3463362645257
1,-13.6597459845943,6.59165729407613,17.3579871190827,10.1306189366136,16.662367181096
0,-1.0467453286534,3.61193493002796,-13.4647668881997,9.69720313073319,8.91711811083535
1,-2.24828630338029,33.7355046147626,20.3847478457274,12.5354249391097,20.5956265555361
0,19.8843914830519,42.1242032509265,-19.2145103687616,10.3899801154283,10.7193263594273
1,4.14293872769525,51.2568724920402,7.17480781623499,12.5888895067723,18.1389655784845
0,-5.32989815958909,23.6986024659209,-6.55371004543901,11.1117307321994,10.8467317852886
0,11.9184939539313,-9.28550194378072,0.739897764726548,8.9294567947592,9.4430795560148
0,-3.65716195775624,23.4904129118248,-5.47011181672739,9.85104547474994,9.30998617481925
1,1.23999142416706,19.2145694611192,27.844689871032,11.8434505710724,18.5884888608358
1,-14.9979255954478,-0.0873520358164901,-6.28959331515442,13.1148382072926,22.5156250465315
0,11.2732836751626,1.2576552143322,9.78085165748183,11.2067283392024,10.7806862283252
1,8.39968390580706,1.11980149488662,-9.1909839663687,12.9966196181838,20.0875094482997
1,52.7873399218127,23.3788050252435,8.25017761234284,13.8231069174786,21.4478770028201
1,-9.83871855362477,-7.25232936599432,-7.78099041818374,12.7127280779971,21.1152157345423
0,5.68106217011689,0.610031479581044,-0.79795942124725,10.2310010651286,10.0716549528465
1,0.984403959145705,-4.01291318290855,8.79406835059102,13.4121655536598,22.7672237952932
1,-17.5909862703459,-13.9086299002497,-32.1518553507896,11.1064483157554,15.5308564989654
0,1.34277566347026,-43.7084408670479,-40.1985609369472,11.3734477280219,13.3372688735878
0,-12.4796850006928,6.64660063822492,4.00331077233938,11.7999940395262,10.3760367450151
1,-3.99409891372926,33.9306854346803,-26.8288531659995,14.1263749945105,20.9593075478784
0,10.965906112271,5.93976709915638,-26.1174061039075,8.69073829802201,11.1989670624607
1,-7.55791481444297,-19.1127441074612,11.6858181022627,12.545047694195,20.2776648033093
0,0.0131225673810679,29.667119377002,0.0883540075966793,9.25419057146469,3.66951864294773
0,-6.64228775775387,3.02677759100582,-11.9047118469327,10.3426154382649,10.4445918171925
0,2.90503508370244,-27.3854375716296,47.8241935835887,9.75952516788575,9.60834074948146
1,18.6341678350576,1.44339075961172,-20.8158933751459,11.2994709737482,19.5080755103993
1,0.388138633440401,-23.3435867529009,24.126369030914,12.6522557308264,20.914434539234
1,35.8292770163437,-10.957174650509,23.4115266055344,13.4271355943963,23.2004964058747
1,-26.8876711533673,-6.23305539650717,-61.5065373783465,10.4080499798626,16.6612621051419
1,-29.034151083437,-6.66101662354277,-2.578157582762,11.8899482242117,18.3373843883747
0,5.42246026309843,6.53751761821233,-13.3151792294329,9.12897374941634,8.06724236674541
0,-2.63507127540814,58.1452582444997,-3.16580929444377,9.87579716900776,10.8933227748764
1,4.11017321708158,-41.5799891208495,-16.6949199413475,12.4363695065438,20.311119970395
0,36.9752749648074,2.3417896478838,-12.8092682265257,12.9149064420315,12.8961267581347
0,-0.805065249150621,-1.36691071967957,55.9174341438834,12.9169860566212,14.3794299450056
1,-8.22692094609188,2.76480986251594,-24.6667423029407,12.159360183908,20.0110743894731
1,16.4736870689308,60.4261115169845,35.9738110881634,12.9698701151122,21.0336451158276
0,-21.6186872210844,-3.45799316161068,1.20858758148675,10.7937331993037,9.95442049977001
0,14.038611152998,-39.0553088205075,-10.2250881523778,11.8714852768343,11.7197042237907
0,4.74415292400798,-9.36795707008108,3.2039518637336,11.2446298144729,10.3414701894627
0,-17.4206695435483,20.8715317929383,31.5680313742103,9.84059077854506,11.7373145394241
1,0.659114240786961,55.0074921828371,-2.55150500193643,12.9897157494642,21.6205694284262
1,18.0597603928582,12.1356552757368,5.70270811604753,11.4763631951346,17.8533999632455
0,1.58215653693215,7.89943441606655,0.36205138704552,10.2195004115904,10.3217906061438
0,8.69926311415682,12.390010236995,7.46280840596191,9.091900754366,8.88709062384907
1,19.0989473263205,-4.16841925361957,-11.825760389821,12.9500283259526,19.8348823424121
0,-1.68694319304368,-2.07062883060049,-5.82134089997779,8.05374362120221,5.93018053984351
1,7.92106518964608,-2.11205351234467,-4.09026667752461,11.8599823175671,19.5119003120906
1,-13.9250306514613,-20.2932831501753,1.50859263238002,12.5908147311345,18.5630761773918
1,18.271873467045,4.29030070099129,-9.84173973485716,12.5616705300158,20.1945815114286
0,10.8539558349064,3.64980809400573,42.7358128975964,12.2859577230309,12.0873822528794
0,-7.81605829384382,3.1576008189544,6.34225643955357,11.6440643966013,9.04426079606945
0,-13.0800871096983,-11.9537373340418,-33.9008979981814,8.15707067613206,5.29507689326856
1,-1.11682864254093,-1.06521400817495,-16.2787294855583,11.6295026292951,18.8041715043584
0,-0.320767462435094,-6.02501437889497,23.8950722903312,10.1231618874576,11.8963204304801
1,7.83187457543709,22.8026905336775,18.2763863494645,13.4161269301281,21.3003537998304
0,-4.77477235348128,7.85683595152492,-9.52209621018045,10.4475739638857,11.1283325248689
0,-2.71113040965806,-3.27417819857028,-7.59246610168137,9.19052359941388,7.32524538202059
0,-5.00832311956246,-1.42544534480958,18.7157198772704,10.4964254520905,9.6654010939727
1,-43.8678021597981,32.0087102892296,-11.886893748296,10.3483208514468,15.505851207786
1,-1.56689434047054,9.01878433681006,61.8755210571118,13.2107040980514,21.8599473447597
1,9.78761648186559,-2.5890345191901,-40.8117556769467,9.61899829371399,15.846221887141
1,-15.6137889044882,-2.89098714495212,-6.86062389953189,12.4479251592558,16.8484465255744
1,-10.5019554784128,-26.2823010490899,46.3304937229912,12.1474124321241,17.5138847301877
1,-0.450426313808451,8.35524737336614,22.5384255488501,14.420651510674,24.8114905488331
0,-12.7000494107728,3.67934652552509,-20.1505309436863,8.06302826229583,8.12634468756841
0,-5.50119117566421,-16.5897904759524,11.6550080550284,12.1429954572856,13.0026310399802
0,5.19484823829606,-2.81704413548939,58.4822850982673,11.8205309498418,10.2323415893085
0,0.777662596974444,-22.6949704593565,-15.8636955628922,11.8018156718258,11.0603171583845
1,-6.69798019445231,-7.13110180519205,19.2484823297561,10.5352225245132,16.1104923742606
0,3.89872480365439,-5.02263919546634,-9.73511080068518,9.94454273281226,8.99308392559799
1,13.1287093822556,-8.87352855776392,-22.4675616580365,12.0421173527192,18.7268049150698
0,-11.2523643149146,11.5343319606523,-2.74149514148703,8.80601310315244,8.60984413494798
1,-2.79884849942588,1.76723639599915,-21.4586398492039,12.0808052511434,18.7635828536626
1,-3.97498107150479,10.6828094096298,10.7142796629922,11.5916765964068,17.3551902790018
1,-18.6860151279018,3.18871841902953,48.9711489826354,11.3156004723644,19.6519603968599
0,-5.65607805457585,-3.3667649551057,-10.551881011642,10.3523258737638,10.0638574095856
1,1.12696434307888,54.339539487436,34.7219235050237,12.253226788308,17.1673738772998
0,3.09117717799937,18.8066568825292,17.7514685971631,8.98914835411078,9.24183759687653
1,12.8925044103557,1.91871631900726,-1.09600209426589,10.7330728986099,18.035506237112
0,0.7698757350463,-14.6186140028746,-8.01200719595282,9.80794961258009,6.77987217447081
1,-30.5294844719668,0.0483636069931683,-19.162313649313,11.3652229940129,17.3689582094333
0,2.02644077416289,-10.2528736287611,-10.11001148588,8.59765712402844,9.12377980468393
1,24.2145341982509,8.99689570351285,0.633199352700456,14.1610040175078,21.639166460163
0,-10.72377759787,33.4918793555476,-2.3614996112998,12.2293414475741,12.6524534485715
1,5.01706029545667,12.270622513088,-9.91591006032187,15.1387855365882,21.5176079629597
1,2.76496994144122,-5.08592041430652,-12.6959839882116,12.6628713134039,20.2761865546853
1,11.3438125095854,7.65879534250838,47.4498877457578,11.2248300098877,21.2194635164211
1,10.8692735372557,16.2554795994334,-7.34201590046502,12.6255516519538,20.6444632113908
0,-13.2117210276952,-23.5673945511228,41.4735448044991,10.6994563110817,8.75382243368067
0,-20.1056301580902,-6.78046871280085,-0.207837438272116,11.662920282894,10.5042588816072
0,-1.65858679427545,-1.25049516604262,1.18253789481421,10.8057258846942,10.5008626551458
0,-6.80868867236174,58.8235976392439,-27.7528319370538,10.197739469663,11.5589061770682
1,-0.994931369243919,21.6784498557605,5.39609662661321,11.822803163703,20.1356074280817
0,-4.44450626522216,-7.72484803543548,-9.48436837354238,8.30785904972306,9.56631774757465
1,17.030966541652,35.0597433056356,50.0907457038394,14.4277508046969,26.4673768262751
1,16.9371876042768,1.19170829213316,-47.7401837872177,11.8329887389934,18.778318820533
0,-5.95287283888415,13.5161307553328,-5.30371545329613,10.4910194795831,10.030935046553
0,3.62599012760789,15.4920634530667,-12.4655066208636,10.527079257637,11.355008857544
1,5.43028494177541,12.2591483747554,18.8714517664328,11.7606786401947,20.0512488241563
1,-11.6250103868803,0.159807465224332,-11.480043820305,9.98324427245926,18.6640643310966
0,-33.7468461879178,-23.5197617241726,-23.1802524158922,11.3634692679537,16.7885543693977
1,18.1240693125894,-6.48478783722758,0.156813356163044,11.8979255983026,18.4797109114344
1,1.68720045752697,-1.39241100389003,-7.71552170832476,13.4587508556768,23.5545193475143
1,-1.46452265763869,-10.9245732917021,18.6059486007889,13.0258888029346,21.7744032914363
0,-1.43092308803538,18.7657736732686,2.74051555677911,12.821357605854,13.1059299268382
1,13.6893230950756,40.24949519148,18.3638903992082,12.0147747242712,21.6693755886544
1,25.6110204720327,14.4600897863151,5.21097381576885,11.5541870621107,18.3113675350089
1,-5.16903481724882,-2.07836862137151,-10.4095280327018,11.4225289844654,16.8964077412049
1,-15.9825200008014,10.5882141900163,-22.7665111919786,12.4457811628231,20.8661453548221
1,-11.7186423311296,-6.54754168538062,-10.9802840428572,13.1068760205158,21.6428196758526
1,1.34942926868815,18.3906188160609,-29.2867360951343,12.7737908557278,22.5312297931111
0,-2.87240373594152,5.6229392496427,-22.231068225761,12.0467762993563,13.3287978377464
0,-5.00243960193585,0.212350293379572,-33.3594177313465,10.2567358097186,10.9462692685984
1,-3.4253779437818,-1.10143825400665,-1.7350971402647,11.405282551028,19.0091855017751
1,-16.7318502959645,3.06440496561899,-20.0580844169102,12.6030005463583,20.9904772026843
0,-3.81184985687695,0.628560911824364,10.5231019393285,10.543942093197,11.150193269208
1,4.33446975969682,41.1654268294796,-32.4613246010381,13.8425376084065,19.1343002790716
1,-0.453337599047689,-5.38915068154943,19.2587070205366,12.8834670656422,23.1003153544986
1,-0.806518517116767,-23.6429189045941,22.3669822007675,12.10954348625,19.3389672199733
1,1.65918096389553,-11.7905856668784,-36.8079447614051,13.2808028008589,17.8089097594324
1,-9.21243103339092,8.48224340331783,10.4082938302961,14.2668695741969,20.4025817864333
0,22.4122811292261,-6.36309011223574,33.0578638441651,10.1538662216469,10.1984377565048
0,8.15391194789332,-13.7475506412854,10.4504599241795,9.89915730372011,9.64913955692508
0,-0.856891900163109,-5.59046234301437,17.5156388990963,10.5010953718184,4.79980209183197
1,16.9031777644968,36.206903259088,-15.1894018450947,11.9344940341112,20.1656622361026
0,-8.86587147323837,7.19398622575855,62.444603237345,10.0177712719377,7.15936187781469
1,-14.2184268711487,-9.1528815326663,-37.0305502382533,12.8472136967387,19.9996053948879
0,11.2892237454018,-14.5312387872905,-6.89822242430994,9.49995490918191,7.97272402783479
1,1.67241068446502,2.24066638988066,-0.167429854505183,11.2457003111138,18.1334833721851
1,-14.0110715008707,13.0853772476031,-1.24664631946287,8.89053081028262,16.7541916595771
0,-0.632883702275241,4.7126077105712,-10.0259253233966,10.1855339206201,9.19565026192974
1,11.8079035378639,5.22526168078576,13.567949375753,11.949523875515,18.8509425669274
0,5.00942622323879,33.1811018822689,8.42177050515704,10.297439495576,10.3336066639583
0,9.04684536131084,-3.02744781297797,5.78401889699173,10.7818510399319,11.4925181269303
0,13.2385921520868,20.8355066907055,2.96012601141295,9.79394831342349,6.99526775609062
0,-21.5421500922654,0.357087833552173,-35.6045077947105,9.47370777324533,10.1623327894008
0,3.82344741118461,8.16185099516401,4.72280771323331,8.70601659732728,5.05108277237697
1,-1.82078862006907,-8.06092785103125,-13.4980847666246,9.51708021804355,16.0092504094671
1,-5.28514479639363,-1.29631549290944,22.9780562861984,10.2167881744675,15.9014435164673
0,38.1392574268506,7.05790515383098,6.74428901319694,11.4122940510156,12.6547838401825
0,6.27159910198124,-3.23146817036591,-0.852158209469953,8.74565044262947,5.91968299197263
1,12.4033373181795,1.82469296003244,0.226998720390893,12.5079369018344,20.7651944268972
0,6.96448362187419,-0.764497655390044,24.7999676398439,11.152645038287,10.7731310747419
1,10.8660596005663,-11.9496225425161,-64.6080953197203,13.9034273560955,20.0579092077737
1,36.4760635583465,3.67876035441355,-19.0590110085704,14.19129471679,21.5682135691384
0,2.0112331994834,-7.88023301445187,14.4139953983459,12.3084097933292,13.3692539944928
1,9.1237998394785,12.4930124983685,8.78555550175535,12.1756617775643,18.7076802998153
1,-13.3402966517825,-2.78825309037866,-62.0108659449767,12.804553710863,20.008514785522
0,-7.72517355820909,1.67482961068099,-7.75102451465287,10.1229245272365,9.27043724608057
0,19.005489425768,14.0581614257837,4.49700239273068,9.2797438924299,8.93052472886954
0,-28.8351457503839,13.4579297946785,-32.9416890808794,10.5200854992004,10.2189437295462
0,8.18231695939117,-20.1159831928566,23.2146169698679,8.70599904441633,10.6192469236422
1,2.30049105406876,-11.0115484388864,-2.33311727444763,12.1346046580182,18.1523813770967
1,-2.40141189497241,20.1451636273637,54.5364907430854,12.5236257415185,17.7425074540315
1,-14.3897899882008,1.57971754818769,1.34894143199982,12.4598756502533,19.0799684002093
1,-10.1770097936872,-2.1642936486204,-20.1073890642151,11.4389621835679,17.9380479702924
1,-8.18987053847351,10.1480996518586,-2.97725999264238,11.7391291931512,17.3418103218332
1,18.6626245726148,14.4988182660837,16.1064149215041,14.2429145729431,23.6366769723846
1,9.70278940154056,15.9786188272485,9.9333292209084,13.0223997460586,23.1948551535028
1,-9.35654081651738,5.82545373476962,20.1337683153303,10.7381999657926,16.2912850030086
0,-13.1927892169374,-4.8095707946922,0.542464593638892,10.6644229997441,17.0459466827207
1,-16.3474319486167,6.09509411763853,13.5781003356039,12.6342202124611,21.0804864823667
1,-8.26651876505123,-0.922721658417951,-19.8913494331111,14.3704579242302,21.154207087005
0,14.4755758605276,10.6183060924379,-21.1148340522869,10.8093969069278,9.07900011695368
0,-3.80300544180092,33.0463864317715,7.59215751133107,11.1638798210944,9.98655219480342
1,-1.24260077754576,41.8251116286042,13.6808461800787,15.4530190100438,24.0832994370386
1,-2.06495719029125,-4.63952449967268,3.0386453489365,13.1309033154724,20.3101481281669
1,-16.4187070793094,58.2475075113124,-49.9873744113722,13.4856553915198,21.6308723546872
0,4.57452110257526,-23.7695535948572,18.4588673656584,11.4671986382419,10.3557335313298
0,-22.930132045315,-23.8851629972529,15.2773692538878,11.9766134496831,14.2115056027833
0,-12.6594883568187,-14.4631402566652,0.290135451373984,12.5032945347597,7.15764673515395
0,-5.93864372762387,-19.8002168565817,2.52939358638069,9.35350872568771,9.87585835645515
1,-22.6677571746747,-11.3157454660805,16.2171438451382,12.4865200753771,21.3303397317264
1,52.1800191556806,-9.95026299082191,15.4963353230801,11.7253162844843,17.9451737863142
1,-4.4561455410483,6.27545742424169,-13.7418380339867,12.6964746344699,20.9691286377865
1,-15.3249276531191,-6.97921665997094,-14.3696715626564,12.5230670180175,18.4187820927525
0,3.74212770177279,10.3723044693335,-25.8769073699687,8.8819355451231,9.67437799085984
0,0.693408146048079,42.5836980563041,-6.98028854765081,11.8050464200223,9.87500688653122
1,-7.45451569874166,50.6829609279859,6.02419647247541,12.4556844475306,20.5941531647992
1,4.87289761322747,12.4383120907303,-19.7152338889901,11.5950685942388,17.2911695991262
0,-15.2888791815082,-24.2343231688748,-13.4775937680081,10.0618773744329,8.2395630011678
1,-4.13950623112598,-4.80846807400028,21.9562193808619,11.7381936862429,18.2875835572684
0,1.44064129357214,-0.547163786869727,44.1650606056955,10.7807725144361,11.7088961396297
0,6.96130982243838,13.0526682280205,27.4018966311724,10.3227382920966,12.1372612202437
1,-29.5205877351379,-36.6442535070354,18.0892047946318,15.2055884670349,22.043103921419
1,-26.8353247103575,60.2187394310029,-13.5000853141759,11.7715397046018,16.6481845121823
0,-2.9955887430615,-26.1395093506153,-49.3060448776145,9.72454245659689,7.38213275256595
0,16.8683324244358,-18.0838594024593,-7.32397311730801,11.9971511491987,11.3711036773871
1,1.54543971917354,9.14000660310443,8.93320896454623,12.5571523726416,21.2211161260037
1,-13.7633312870601,-24.5312571055484,-2.44737193224776,12.4045947918635,15.8794461889154
0,-17.0830650207852,-26.0348947776547,-16.4423658965333,11.0131273396628,12.149418700209
0,-2.56318664148869,2.63000414700074,11.4947787361745,9.33284740093901,9.06918972888197
1,2.91889210597787,11.6273729226328,-28.0143458827582,13.4168845382398,20.8855893156184
0,-17.0321615013854,14.0055965855009,-35.8798488473752,9.41572925798804,7.85504997483907
0,4.99927241260514,-12.441436560781,2.51938958421022,9.85959513813746,9.42148819219382
1,4.08068886877742,2.84537711265088,-5.78524640073683,12.6263239649545,19.4455119972283
0,45.7525971402232,6.34172972445723,-15.5015039616843,8.93115527875294,8.70090079292977
0,7.41828527182338,-10.559613587399,-15.5404721054509,10.6779129484217,9.50642093702862
0,4.81945578572908,-15.5986113877534,-2.93629714299487,11.2179550860219,10.1248747401337
1,-4.1617475593661,-2.02319686782924,-26.0791957160475,10.8921634272003,17.7162348986575
0,9.0297804668896,42.8464391169926,-22.2437722837691,9.9395051383766,12.3127419668642
1,5.01194128437845,-16.8900101454524,-1.23801232751658,12.7838330952643,22.4564139546234
1,-45.1766342296545,3.65630955077623,-21.9395956545208,14.5040384033567,21.3724330301049
1,39.3398529391845,-1.7924335474038,6.56714560711116,12.1886411927211,18.8602046100127
1,0.245311509406224,-4.26462290250704,-52.1246219839057,11.5590671513269,19.8413460535131
1,-8.61643396796345,-1.73753916671572,19.8200098307634,12.5520628147521,19.9493078685938
1,17.6919714306244,-0.307156040896683,1.07560881047789,14.016434021001,22.4204715276597
0,7.52101487255846,-3.86445599153294,5.64178911514235,10.7359007361989,8.88376327402483
1,-28.1175926917697,50.4829095410148,5.16384896440931,14.3168619865607,21.7034961240196
1,23.7435176773455,5.56531370454946,9.88398634795801,11.720045656729,17.1166446037704
0,0.246483946240781,24.4673762129297,50.2162608918961,10.3454895478212,12.4871258565298
0,-0.575535014151363,-1.8141118451083,9.98561092318512,10.8744962633239,11.9503431757867
1,-10.9517008528317,10.1382050809569,-5.94637048456143,10.8821284306998,18.0408680038086
1,9.26352270466653,-2.17356958918357,-20.455906140493,11.6568534377056,18.1345885424151
1,-6.20573796272348,41.1235338104121,-66.8753759147949,13.2763765098684,23.4183931394655
0,19.5833283288036,-13.1313957532812,11.112711663046,11.485805898738,10.978065865859
0,-19.9833276281015,-3.28693809252252,-2.04404498588661,11.1913931512071,11.4523414722132
0,-13.5024613259139,26.0952325625453,7.67715056712006,9.84702879766687,8.5183352125505
0,-18.5522255554289,-4.45705478393547,-2.41336349579021,11.3191598248453,12.1531020641843
1,-7.07329884966593,-0.618416549860602,0.125234835298476,13.2329721807114,20.1944819246527
1,-10.2747799640053,17.8640726381303,-15.086588032738,10.5720208106025,21.262567875447
0,11.2524224079407,-44.8193534429289,5.72146924656793,9.75886572742712,9.67405337224582
1,-2.31637943713891,30.8065689797561,27.2703270065161,14.2490856833762,18.421262871214
0,-53.9319001206282,22.7309157896608,3.0529087441234,11.4288815100347,12.7169876459425
0,-17.4959124667356,-1.99745641704064,-0.152916897545936,8.65015520479966,8.96519113006979
1,27.7952362113515,22.3974222287757,-24.1826256358569,12.100757281203,20.1338525858256
0,0.950338819096891,2.61453207203713,-1.04969365609034,9.74481376417382,10.3207341782519
0,-15.0604564164067,-10.2098194603314,-10.0719871568427,11.2921141555536,12.6459777653888
1,-8.31890482343257,-6.80976140411589,-25.4488832113619,12.1425429592913,19.1190346032992
1,-34.7809656356372,-15.2365870850253,-15.9191580448497,11.9125952520883,19.5128433081762
0,2.89121264993111,6.17206532687944,17.5665640800894,11.3044229497069,11.4416585410028
1,-6.18221511445595,-16.3162230587725,-11.0618787255586,12.0237515088767,19.6107958083538
1,-5.08867999217091,-29.6953190756607,-6.75575717889287,14.0790639465769,19.8084748933082
0,2.38225351711772,11.377481709768,0.588025883784554,10.1808970711485,12.7360862034115
1,0.976315130790042,7.24239986404168,-7.62330795702234,13.416396032855,18.8896382793321
1,-7.00308876322167,-1.53280533711337,22.1349172281334,13.0173724337924,21.4922160238449
1,-12.541471685243,0.986431781375755,-3.1160044699671,10.5471107603496,16.1081150882804
1,-6.3611396735532,-5.23543915102283,28.1092159540914,12.0561495805825,21.886602030262
1,-4.16440014044986,-20.3893956678049,4.47091212217351,11.0602049635036,16.3646487366355
1,-1.76485401129277,-48.5419981296531,26.2656315444262,15.9483308974422,23.0305357290802
0,-1.7439311207453,8.2080244001502,3.75729375510179,10.6353503501538,11.1470980491587
0,1.43874235133326,38.2963561382418,-7.39424437096828,12.6470556445823,10.5886809924567
0,6.86603751161087,2.65183048849919,13.3105434442827,10.1613268711455,13.3651292564935
1,-15.8827877932347,-8.80760268522772,29.2769942255927,12.6537919343189,17.9114680831517
0,-4.66624585945702,9.73832526904543,-8.19815044820069,9.62968301132007,11.0285390273681
0,11.5381635250037,1.13940353586487,10.1405625821722,9.93482989696576,12.8508380883157
0,1.74998820309684,-31.5748183987989,-9.86716116025589,12.2246986945415,11.5799592433924
0,-3.10183521365194,-6.58606831651323,-0.952668832143961,11.3606714899938,11.0338098684176
1,-23.2602158556882,-13.7943146247061,-7.57196454640632,13.1751005600748,21.8419142790099
1,2.66272087347632,33.3128798964691,40.3680458524396,13.5493889335412,24.7775799967721
0,-0.277803601025578,3.72761274813782,32.7723363778251,10.7685468632723,14.084820127093
0,18.8751370971051,15.2255423319129,7.02743691261117,9.89883851582234,11.001533798419
0,-6.87784669134168,-0.379407994197547,2.84931917234066,9.74693898119383,7.7572187078051
1,3.37654402338822,9.46581376042079,61.1186987894485,13.1619104962666,19.0642865355664
1,-5.64553928810995,-6.84728258177425,-17.8221781442219,12.3784270681131,21.3217474745089
0,8.93395853905285,-17.228249882936,-1.58707142539213,10.7189791816446,7.45457777646107
0,4.21324618908971,11.4757818575779,-8.94464196482974,10.7266453673836,10.0207323751371
1,-9.91237628822307,1.84639492201017,-28.4093737660886,13.4582708529047,21.7483644698955
0,-12.3609636130688,13.2936974614531,2.10896048511691,10.0738816978826,12.0362374257199
1,-27.2399427736987,-47.7356871532055,4.63844179702093,14.731072049971,24.6878305141957
1,3.55861516751008,7.46523479729722,-0.232637729010776,11.0541404907306,16.3577310935238
0,5.99100332157282,6.97403309875325,-26.7709624879857,10.3615448862252,12.0005615735158
0,6.59390974363912,3.34463955515243,-23.345981597945,8.85415153162899,9.38810536631682
1,-4.65915061636506,10.1901926404352,18.9688355172216,11.6026810207396,17.5601647891385
1,8.95825154763611,-6.00890461407999,-15.9615690387145,12.1371696125125,18.0487844770793
0,4.13970736111734,-0.779503489194296,-14.5220892474197,9.69188044894793,11.0408432347661
1,13.5492795566259,13.3295630011548,-19.4683464557723,13.306586994321,19.5289708908487
0,-23.7593625813846,8.7852020280288,0.456394339976406,9.74248489485905,8.93555795482825
0,8.11636889230442,43.7090727586674,18.8363384462352,10.4935012297453,8.32404846215238
1,-8.70707090104623,-5.59371891243344,16.0444267799088,12.810558222592,18.7163649608893
1,-42.4088681902829,12.0392453442629,8.85225135974981,13.0377438769868,20.0259044825965
0,0.317398691420018,70.4304235928224,-5.68327062914939,8.65252428946214,9.44944704609266
0,2.46374749306191,3.67721090976602,-16.4343224239242,10.6331678603259,10.6172327827557
0,-7.25773068959072,19.0375180987016,-2.17787833846683,9.36474639978963,8.77506396259485
0,-8.76328370092415,3.33612375993025,17.1276036105767,9.34154661812406,7.90951250547211
0,2.20896109834577,-4.69169767522122,25.2850923728585,10.0088196928968,8.9792119725934
0,7.2566507244037,-13.8354903174526,-3.23675440174336,10.3289112908587,9.88082559880686
0,-2.67020203038467,7.98060656798133,15.6863679091718,9.50511517249512,9.99093108350364
0,-0.404922776514821,-7.81275104102967,-5.6414363724902,9.61635654676256,9.49661462880041
1,-3.02455883806527,-29.7147434025395,10.1583820081929,12.0896553190548,16.0704615142175
0,-4.74645333106364,-37.0071193494825,-0.0405709819608427,12.3465000826223,15.4811305611209
1,-7.12824552344065,-14.4614320324338,-12.9895343789795,10.0497872090669,18.0156550364408
1,36.009489061388,-13.9092700089778,8.2483677303528,14.4302499934604,23.1967853792172
0,10.158542914432,0.508364505508813,1.68843117505899,10.6104551132323,13.0847450897394
1,-27.0993433789429,5.97405130630389,-44.1034284889305,10.1014639625504,17.0400122237019
0,-5.8210667477723,-13.4526323147353,7.42633167132147,12.2628915097832,13.0430841436816
0,-8.10097183199832,12.6429514621137,26.180415315273,9.21365265905082,10.7953680262898
1,-6.13946094228696,-8.8134425549823,36.3099786119322,12.4224818076752,19.5276051534632
1,-4.22404232127327,22.7835898818087,-10.4794452524421,14.0173446612839,22.8928802843024
1,-46.8369839903638,-7.19788564539448,-1.18706243666066,12.3023434882249,20.3154366946337
0,0.918703199320881,6.12248361955188,-33.3726802168565,8.70208183083937,12.5648146012515
1,-2.03002319293952,12.5651418627087,-18.6370869242879,14.0841632631401,26.7984081647538
1,-15.1972188564787,-13.0653517403852,-5.98903980600845,15.3194091801506,23.5356091649086
0,17.3118335579192,12.1059428357425,-6.17363007964289,10.1636985597043,9.54159735715565
0,-11.0863408301022,7.55730272153519,-6.36270235549842,9.97259067381443,10.1443744552255
0,-12.2322221821476,-5.43472487459152,3.42425555828571,9.62024166851663,10.7645859076009
1,0.999260775012737,3.96323577200662,64.8515222076607,11.3102264215929,19.3603656184049
0,5.52930270723581,37.7961108561981,-16.1702668807748,10.8796038148683,9.58218473673349
1,12.1065457570794,-19.2932020340443,5.40977571709475,11.425037716062,17.2874069938239
1,-2.68802306405546,10.2270235197948,5.18969588004767,12.3033064755041,20.1740672416771
0,-9.2013288488935,3.71382631911152,-16.5797402899463,10.2593062066713,9.62835820470138
0,-29.2771336157444,7.5324817632137,7.41236644968456,10.0960605548418,10.626048406224
0,-7.11846886362225,-3.31308344840241,-2.78748211360822,9.21437286034669,10.0721364724335
1,-10.6470107554277,-7.05130266671782,-20.9480252751562,11.2554595761631,17.2516120867898
0,13.8280027002677,6.71552248356127,1.83919326680502,9.51961571034685,10.4285203626564
0,-0.85127052876607,3.57920237596338,30.2298441132219,11.7536591475192,13.2492250760075
0,-9.60684439916857,-13.601683461914,-2.11191658075743,11.9631943230241,14.8579620494228
1,-8.80341443363865,-3.2480055741978,-14.0898600496177,11.7315644262519,18.9821888304264
0,-7.4977554269945,3.61518478134623,41.124620945719,8.92962611370834,8.14410997653726
1,1.1627491246504,-10.0836971111686,6.70244769075782,11.5222828067113,15.2816513853024
1,8.27037729862962,20.2166226624392,4.63190629338338,14.1534648689685,21.3570328105675
1,-41.5934811944028,-3.08033860415754,-8.96832141996034,11.8872838162218,11.4062068077398
0,-0.75271590965756,22.7664063340118,-19.013636465411,10.3089338312218,10.9163864763952
1,-46.510479017789,-21.5703944280711,-18.9419150703229,13.2964394605871,17.6892646579504
0,3.81674970655057,-20.9723949910052,12.9163070149831,10.1414097108728,9.88377759244657
0,12.8472979580013,-0.849741583988352,-16.9908128960851,8.93127948428731,7.41823151368244
1,-14.716232638604,-18.0111878507874,-11.4329725117809,13.2932438518711,20.1763191271902
1,-4.17761853108812,20.8523385302866,12.5358444524495,12.9008076511254,22.7621862479876
1,34.0864870192847,40.7078583819307,-36.5060054700807,14.5536146778216,23.779869442274
1,-32.3345975843294,0.0253385044862017,-2.97957295732614,12.9194994549053,20.7859172992655
1,13.2347612583695,-11.3457667786169,1.55696520953053,12.4952776470791,21.0347671342178
0,5.13111653731164,-7.11743043303803,-5.48940794304888,8.10218421107754,7.29935087927888
0,-17.6555322576834,-7.90569359727924,-8.63692304159774,8.73909580523487,8.46925186014608
0,3.69438554709773,-25.8106760043748,51.048056196565,10.2656581573557,12.0832430326272
1,6.03325496382585,-22.253890479781,-8.58136483981753,14.4760314820105,22.7657924026809
1,-13.0090605469484,-4.07467215044116,12.0716045978269,13.546528570354,20.8747642462973
1,1.56097820402487,5.0741915459219,-24.9543748445997,11.2505104733084,18.8351164418358
1,-14.7122315877238,-3.75909878110244,-44.2588205679984,10.3940370666941,16.9638610931834
0,1.45937561837784,6.76008805303066,-6.77731074947898,9.43236308976195,8.85442458149927
0,-7.13666499745682,6.77617056158378,29.5515034432082,9.72574083246261,9.49629782808854
0,-6.2174188430262,-1.71674552543382,2.51157583485113,10.7004079156385,10.7276199130069
1,-46.9335170537685,-25.2570528757054,10.9420297766825,13.3171435519726,23.431766457683
0,14.7685478576577,-11.2177043342244,-13.4049606571465,11.0573943900771,10.8530591909033
1,1.59985037222877,33.5662380044687,16.2968065439829,12.8214191712783,19.3638959126825
1,-15.4004162637534,-21.3729403510454,-10.0929086230757,11.7192589724205,14.8277986366143
0,1.9619022124867,-19.3217502408362,-62.133595873795,11.1079747769618,9.81617610275794
0,-5.89025456345588,16.2047165040102,-1.41376688893182,10.4240838056277,11.0931615779029
0,25.9461965814067,0.0157553378530437,-20.2364875003735,10.9162031611394,12.7165478081996
0,1.97444226383892,3.15676121535844,11.7336581509713,9.61689344110452,10.221305485635
1,1.85337690538322,27.2123598761186,9.34597915315794,15.0821270567894,21.2798252902653
0,12.5311146753355,-17.2394267299291,-1.23567212458573,10.3345497727376,8.51013949345186
1,9.10225808817291,-6.85347984967108,32.2650013323565,11.8835358640341,19.4618115181545
0,7.24438968572659,-37.9827598994336,3.16764916158937,10.5835082928594,7.65678666964427
1,-1.53520938705599,1.35303105511914,4.40450765562353,12.7115298297086,19.7867843818085
0,1.53801302991693,-22.4311811360526,-14.5894520155944,11.9479375574321,12.7891688471566
1,-42.643080536274,19.8280680147998,6.03753194838845,13.0401069573791,18.7478985705104
0,12.6832097458651,-1.46981552890904,22.3481882344572,9.71418379914047,11.1805063123867
0,-3.48659030701563,19.5637823352374,24.251548177621,9.10909541881286,8.34419751903514
1,14.1446959814082,-3.79472644991911,25.5425304532373,14.0407864173596,21.8298557008845
0,-17.2353584811897,2.39978148683115,20.2720131203337,9.81787625699752,10.7118653745487
1,-1.228862407619,2.74249084716651,15.1183814133396,13.9357201904705,23.4796255802504
0,-8.40792144118352,-28.8961398762553,-4.29850030148303,10.7767210532758,8.37138187993664
1,-11.2732858385008,-9.79005668841691,-2.53919333879572,12.213597845841,17.0147104829971
0,6.09063744766804,-9.68277774927025,28.2469230282908,9.79768337942525,8.86492371255423
0,-6.79255851085039,8.64221942882881,-10.4092229532224,12.1906813851814,12.2338460396169
0,16.5589706391135,6.75751847935831,4.671704032469,10.349142538755,10.5172348696496
0,31.5331598347646,38.020554629668,4.62346869542042,9.88066262566241,13.0908616902799
1,2.80420344802005,0.0667030843517704,21.9404123593377,11.7863479415062,18.9537907815647
0,-12.8515121670924,-5.39452776866584,-26.448466444014,8.89252092932229,10.6072883504806
1,-3.05551652786513,7.88096962793117,8.53875029621773,12.2621202380389,20.3857172549177
0,-2.98564251835037,-2.55244387744393,-30.7042518954162,9.44942633704851,11.6655196133637
1,-7.85107162956546,-10.3696125761523,5.14440616709099,11.3389895228169,17.306222897909
0,5.05879207092551,-50.5101977619748,-14.9582391373736,11.8334269041547,13.1499847179682
0,-8.16055171496103,-20.8061324108932,-7.94698075691428,10.4703704527216,13.4195489956323
0,-10.352489810088,-4.95087532846662,-25.2325384567988,10.7300825390169,8.59473418844807
0,1.44185399382492,2.49741160354998,-16.791173325352,9.41782719953413,10.9478499892132
1,-3.75279907598283,-7.69506153783219,4.60267532449539,12.2103888683555,19.4002730582058
0,-4.54971971249826,1.62690107542045,7.66444388212835,11.1313534875363,8.75497003008121
0,-2.74873327323463,-15.4226585163795,60.2647185806193,9.58918921251968,9.32862376026575
0,-20.2899974575438,4.07946071969028,14.0898271798778,10.0280127824035,12.5596428800895
0,5.41821160102141,9.63137154794092,11.4911345916937,11.9423277066588,10.8572383504344
1,-3.57317133076687,-26.8835470531246,6.37184947969891,12.0176855524697,17.657443159848
0,3.11903850525362,60.9483503251615,-2.3877568105787,10.6503317875218,9.56824890375306
0,16.596923801538,-20.044021557376,-21.110104502524,9.29703053546904,10.624754059558
1,-15.2265618005923,-13.7164548786427,20.7880210617028,12.3353353785063,17.736023738078
0,-21.0044745665531,10.0843148402208,-1.92076962066528,11.0244967916145,11.8064834652771
1,-5.87867084566237,-10.1519118976103,0.831900011744912,13.5886272398608,20.3229190288454
0,4.02844864372875,-30.4085292440753,-25.3024865091515,10.7711278396553,11.2940320291273
1,-7.74202841019157,0.710730057989916,-28.7533887930279,11.9312435282597,20.7380211213266
0,-0.100502234667566,8.97462617422177,4.30473447361439,11.2212231342294,11.3798635869827
1,-25.1983786634753,-0.657794925244727,-13.1769637531587,12.002227234676,17.9350996019122
0,-12.8106163492105,9.55820996532138,-2.51221773834648,8.44015749361034,8.86017253331493
0,-12.9646289095479,-10.2796571827487,5.64097772369006,9.02931414658523,8.94015028565108
0,-6.4061942765151,0.220596016884829,-6.4971344832185,10.1851946109543,9.1059501217038
0,3.31126873358799,11.6746413652328,-21.6829488581558,8.72096292163294,10.949019241048
1,-9.36436241573891,-1.96104237131639,-14.6116094079425,10.0825168261848,18.5906137087933
1,-15.3351629887523,-4.33240368041512,43.6982918748955,12.2200583978603,17.3403445041851
0,-9.27838068746398,-0.588847984632171,63.5122570730523,10.9672318853442,10.659662859423
0,-1.91807978647968,22.8318613070107,-2.91347455350746,9.02518142908182,8.46493700696871
0,6.67405269761936,-3.79244876744729,-4.25306706748286,8.9413272938641,7.92407608753542
0,-10.766370288011,0.0177699491753375,-10.4941186165272,9.00363140446415,8.21202806665598
1,4.65094352373829,20.6198000328071,17.5608704515128,11.0152521420026,18.2478738238229
1,18.3623470375804,33.8432408358022,-18.0209318113243,11.0359693416818,18.796093046448
0,-7.50112284316835,27.8594467130652,-4.48658316711947,9.93483257807367,6.77128651802931
0,0.847466591998999,0.654198904927882,-14.7190767052939,8.85532572556801,7.80847976934984
0,-2.34809909935122,-28.3491409481139,2.79025953906852,10.8835276308582,10.0456598430668
1,14.2074546520867,2.76592148420767,-18.7885173722571,12.4005645783608,19.3230227334317
0,6.78803137375738,-1.64839813621336,-2.16194393297437,10.7367807263512,10.9438092667332
1,-1.33154634826487,-1.54383228781053,-17.8150407189828,12.2253182846846,20.1282139357926
1,1.22422967911033,26.8505471170831,-4.70948003573873,10.1405021416741,11.9770124228806
1,-8.33586119486293,-1.73565648461149,19.4869068302586,12.8499800349622,19.863468871923
1,-3.49635010109014,36.7350218854762,-21.3256883494852,13.7447342297863,24.5627895058597
0,2.69492311296767,-27.1103808154228,-15.549200763496,9.84838945486947,10.4599648186063
0,0.569697617753526,3.31782539587823,-7.59429446719357,10.3947585292177,10.6978689882007
0,13.3211426762913,45.2990839738892,1.16982304083601,10.069142981139,8.828685666583
0,-0.163847266579487,6.7435873709692,-6.31680104898473,11.9556490342775,12.5350907951815
0,-1.07229103496339,10.2199618965127,9.68664734791187,10.1437895633288,10.8254868166237
0,13.6139023055503,25.9992651186468,-14.0354894549121,11.6959738911054,12.0419136266881
1,1.05844947996771,-28.3057859175309,-16.0998703636761,11.1270908697575,18.7681077875009
0,-17.0103033146005,-17.0695999220155,0.661337728063788,11.080438017615,15.087005195604
0,-5.79884333467669,18.8110678415466,-13.5480571165804,10.1925224976415,11.8739613513009
0,-0.356077750390635,-3.82477172746748,11.0216732146658,11.4061173887916,11.1926399833771
1,18.6650919982969,-0.627900111834152,16.8087850439884,15.1358469663089,24.2395871879219
1,-9.41130396198334,8.52284983394087,54.6700859450003,12.6794588120684,20.0447527854762
1,3.81416797755482,17.7461668540523,12.4585185189974,12.172967844574,19.7137160965688
0,30.7329538806226,-4.49150675230286,-5.9859972413255,9.83952989047742,9.79957976763358
1,13.9148392333955,5.25908527867315,-27.2093512723429,10.4328276524149,16.2145555228935
0,-10.5045388861209,14.9224141432894,-29.613917669669,11.8004973847377,15.7578485066282
1,12.1082363887357,-20.7597168909147,25.3409629159903,12.5338848001328,22.6821769006318
1,13.4246855234614,-10.9457873548513,-42.0106205867624,13.8466556810152,22.0186813592569
0,-1.63267618773311,-22.0866515692954,-0.205778015366787,10.0871185600741,9.75185621554982
0,-11.7970237589656,-26.9830014925235,20.9966661187641,10.0711755428379,7.00181690858425
0,8.73862468681144,5.0773674242891,42.5407095190632,9.71323175388471,7.83100657553235
1,13.3998696575306,-24.4272443595191,-14.8823230943212,11.8890223736321,18.2021952988995
1,-22.7067266505806,-25.8550798642203,10.1502321721771,14.3242648957226,20.9233319169642
0,12.202527552769,-26.1998614605105,-6.68043413305672,10.4865119433763,12.118050411655
0,0.72610558719435,-37.8956133331562,33.1059286434285,10.2628595927283,15.415257691229
1,-0.926042761485181,9.18831029211104,-25.0022551828939,12.6132695912297,18.8944337462274
1,23.7688645635883,-5.24875811240598,1.58503408268784,9.74060114487523,18.6779515330318
0,1.33079641033062,-13.7191560701145,32.4060621334767,9.87680119908217,11.0722959599242
0,-6.22106644913417,4.16599164268382,-33.8723713785498,9.95081736957352,10.0138986194569
1,2.4955236678927,-9.75633334730361,-25.2588473194405,13.834314681308,21.7874299021968
0,1.74074906121337,-12.7648988004912,-57.7974600752998,10.8298056810823,9.36866022272234
0,11.306941060559,-4.46735819154612,1.92522189174932,12.7587642097632,11.7621533426986
1,24.914956921944,-8.36864451481162,-12.4595477483404,12.3228882473351,18.7171593523954
0,8.49389214470575,-4.26864661262218,-4.51870397472225,10.9185227156057,9.50646863412063
1,-8.3420504582818,12.1294448276436,2.49338625183167,13.8546873332163,21.8536698525891
0,-35.1941182618916,-1.82750414243343,-5.61700499957948,10.5064057249602,10.9281396395049
1,3.38175338164894,9.32767624238889,15.6933984260971,13.9318376449345,22.2468157507589
1,-6.70685368226545,-9.2569348036991,0.925511811713123,13.0175497925879,19.99337462448
1,-1.85530792039049,-43.1974836881876,-49.0510419467105,13.0173223405274,20.2106221738141
0,0.332976927912797,4.09115300866811,-10.9292857376504,8.99103312568583,9.77793284586376
0,0.554309322032908,13.5572023980647,84.9799992426771,11.4189100756223,11.3572880693007
0,9.5187665703196,-14.9806161591566,43.2144782633159,10.1404754087805,10.7033220165707
0,-35.834669965876,14.7802308203147,0.308343596902549,11.2073851824212,12.3744865653242
0,0.880270557842549,-4.17867425981272,-1.701637770732,10.5246893124097,11.7501096697549
1,-5.81523193069541,13.1568496650778,3.5735278102898,13.2306095699828,21.8237081164693
0,-22.4883572404526,-20.8420130075844,1.7125912711223,9.08069998792343,11.7674817621983
0,5.31826510991818,-3.39624702348192,0.657005829128986,11.1634511849403,10.6272082729238
1,1.14506531465095,-12.9175569820315,-59.2049898727767,13.9085060439691,24.7646270584727
0,-10.9978448921034,5.09195888604768,-39.1743528673812,10.2202173549658,11.0365040370333
0,3.01054518458511,-9.77326503255822,9.2773934772172,10.759798312293,12.4429297987982
1,25.2161703136043,-41.984255482135,-6.85306101654249,12.3936079717114,21.3545548089132
0,4.71578724920429,36.6405888563755,15.5654845039012,11.2319703273898,11.4319057067018
1,1.17373793760265,-23.0466480978561,-15.749165582636,12.5173389739173,23.6663260885734
1,7.86834183290869,12.3721229698916,-21.2406508257458,12.2292078081697,17.6550526623754
1,6.64452754920829,-0.183121705383196,5.60071674438841,13.1285425230814,21.3322389119156
0,9.05431936651263,-14.9917855109327,-23.8523668588163,9.99880337766538,10.1752494206333
1,-20.5713532521595,-6.18761613931012,-10.4461872334764,12.6436183115954,19.6778310583305
1,-8.71961181189672,-9.29891526105784,-23.960354631938,11.7337802022979,17.5558493282306
0,-16.6581561996469,0.539698184694288,-2.40529240975742,9.22716085529622,8.73718293752274
0,-0.648548906239373,-22.4093139837676,40.4880144778029,9.64076349877283,11.5011590781426
1,-4.56404405005303,-56.4189883893781,10.3019301969996,12.0711991365389,20.4928248732172
1,-12.384304121532,-10.3755691621339,-14.5253504719577,12.3496581735636,18.9100102311892
1,14.8340152698076,13.0097459879324,11.1108949300579,14.1208846843772,23.3351508755642
0,-21.435244747152,6.19451243910768,-4.49249154782281,9.03781167344621,8.86146467338327
0,7.25472982552818,5.24635647033296,6.49750783064734,9.97108966969964,9.05892267595855
0,-0.612212245809201,9.86587014118439,-11.9642245275915,12.3309884055145,13.6356290992083
0,18.8335558053083,-0.964771473427888,9.93592364547432,12.3595758691665,12.6227116721204
0,22.8433472106403,-6.7899013430061,-1.07680787353227,11.9901405225443,13.2676531252253
0,5.10827663635091,7.7616404346874,16.2187245065154,9.76167442992894,11.4332766915975
0,6.00400737245468,14.8361396375513,-8.28036737842827,9.26856332534757,7.47286658733284
1,-6.08033599224314,-6.31504886248002,0.372238037470838,12.7153922510121,21.3150402875595
0,1.86538209643414,-3.53238960908417,2.41920258202832,10.4045870504261,11.8497041526759
0,-4.29734263006098,-25.8752541141562,48.538991069566,9.49864365625069,7.07535562449028
1,1.42089467488495,8.26474391093943,14.7669153400892,11.504870727858,17.0595519985874
0,-0.0707947243797905,14.6088321989307,-10.452976617064,10.5809725467648,11.615787751714
1,-6.66539663281219,23.5465036802854,-5.04018883863895,11.0078445609437,19.9740244491557
1,-19.8032283010367,1.60944445072513,11.4668033285819,13.2974005670361,20.3182381228772
1,-44.3695267367341,2.5562353392202,-13.193998277874,14.4407138724321,25.1253271231311
1,1.11569030906525,22.6143878729774,-5.13633114069025,13.5093728579286,22.31419751788
0,-2.39246689353274,-26.1014390227644,0.41152946429155,9.47753859690687,8.9573790454572
0,19.5037725023271,2.57355634944352,43.168238386006,12.5554798199894,13.6701420419844
1,-3.7855377225887,-32.719845547827,-10.2418318010752,12.2549891927426,18.685230079409
1,-1.82458508557538,7.82563093895129,-47.7082436200672,13.2101605617252,22.5324843970413
0,-13.1103207181387,-12.0361395215457,10.8353740902159,9.53002758611177,7.75893717946676
1,7.47096154200855,12.5010069006272,-5.15174279954519,12.2812537371654,18.9641129528196
1,7.45387289163453,-17.3574549729488,15.9410945920771,12.9327850551399,16.1191639192202
1,-53.4746192409921,-3.31289386818149,0.875187380326281,13.6154876422692,22.4389580825862
1,7.2553577733173,-8.19225706063883,-0.680500538454408,12.8297404519009,20.3909928068781
0,-5.6602452843914,1.34883637908417,1.07347536131467,10.0737577417056,13.0408642951574
0,-2.43292910449054,0.915125750825605,-44.3195512126602,10.8957561316129,12.8680406704389
1,-3.6942013038368,-25.1012223328011,-11.5066097000076,12.0529844234712,15.5858227255526
1,8.14402083805209,29.4986904175279,-23.745063927947,12.3966536802684,20.1232449398318
1,-4.23820886905052,-1.16513656931729,-2.26025593931331,12.1826187721488,20.8372414711543
1,0.0553042123708923,-10.0546795223743,-21.807527177783,10.5169813938974,16.0181475758471
1,23.8485719142101,3.40765225964666,24.2972601213066,14.0628870809858,20.6679793276506
0,-2.21627715676458,-11.7838643206211,17.54043924715,11.1798471873869,9.16219472771626
0,0.163969944774292,-9.95232795544424,11.0097932822206,12.2781889340554,15.1276394058499
0,7.45678769756425,0.67955267727666,-20.6798753703461,9.4712751843246,7.66159343724836
0,41.0600017384168,16.9538895039943,-32.7962309142532,11.3089391153598,11.8745033541002
0,-16.2700731644169,5.59136835804089,-1.32692845385213,10.4035654904621,10.2518264090034
0,12.5750436123229,0.21974203064974,-15.2559320262655,10.3409296718944,9.30890624752769
0,6.86472786312324,7.19278380540535,11.5141482199876,10.7207274037744,13.3445310761665
0,-1.31892413353384,30.3435608127453,47.1579721254462,11.9740404344425,11.4685863630987
0,-16.395371141677,-5.22928478433159,11.0500096767262,10.6298753754023,11.8893940359754
0,2.87158501719027,23.0335887977537,-20.5250573639606,10.7585701616302,11.7639922983006
1,8.97968421406156,-1.94555974531927,6.37954400192136,14.2647585622166,22.3444945046136
0,-26.9801877799078,-9.40477974589799,13.7353473650402,9.92051832709758,7.71485202639875
0,-6.19072680717151,21.7673869209028,17.7374578145966,9.17808136769636,7.1790737350874
1,5.32251852585081,-3.07213578195962,31.2698423117037,14.8216085236719,24.2338193755012
1,-2.19448887483945,40.7479608517367,9.10035360065671,11.403496169454,18.8171248919088
1,6.28228173014714,3.99974004972961,-28.1913859508092,12.1462559262044,18.7224582161075
0,-6.62822378181747,5.86223307905779,5.24637664963208,10.2516667010356,9.58110073414994
1,-2.08748822987787,17.8032802641713,7.38660366445553,10.6948691681541,18.1030767344034
0,27.8325472405194,3.56504681567155,-24.0645430298883,10.6247624060218,10.8985248450015
1,-10.7039224900532,-6.77987872336262,-18.5859635443072,11.400337374675,17.6117866226059
1,-6.48608815335559,-11.1111461897181,-5.17046297270888,13.7917664289097,26.7674729464736
0,0.326617961154765,-3.97236310611726,8.69479016305508,9.39458924483224,8.18600214648309
1,25.7916759373842,-46.0977468991185,64.6724771129744,13.6571456572329,21.5850535184645
1,-14.3802607314295,4.00318417880231,6.14382979221115,12.2063047411065,15.7441372733112
0,7.79006030714912,12.7769886245826,8.06618148965146,10.7089519321148,10.1931090153719
1,1.48145225619039,-15.778045382178,-33.6191601499577,12.0546661624981,18.170998029382
0,14.7006416308738,13.3905726215661,-17.8098426176313,9.79965969668878,12.0460108337641
1,16.1709034439552,17.1484308794902,16.5003298454347,12.7832439701331,20.7168357542364
0,2.79544746519896,-10.894267939225,-12.5333259443323,10.1416494555488,9.71883404946782
1,2.93769772321966,-17.3780817754631,-0.844935564996284,13.4614584970357,21.302848103294
0,10.4582697569954,-8.29521652074091,8.53527184872154,10.2244193919874,12.7570356579908
0,2.22265690826857,-3.78167356721966,-32.8597398378176,9.90529568482722,10.1879216874207
0,-9.47794555327095,18.5365686401397,-16.0448956308603,10.1852312590723,9.42669099923209
1,5.6278568197734,13.8017357291578,16.9260035369334,11.6928104179751,15.4604614200009
0,-0.879377060894973,-12.4000730883737,-17.1827039209593,11.9041328896238,12.481902031134
0,10.7354324944304,6.36650215094045,8.77764998333177,10.9088213650764,12.0486731945013
1,9.53891728894672,0.961011056879888,22.1548521386579,11.5990994692848,15.0855048451849
0,2.93383531840076,-27.5286372521182,-10.304993192749,11.3944411855853,10.9936294939117
1,32.1755286837971,-1.77032901433986,11.6679526761967,12.8739455855481,19.1810001612169
0,9.3384277994693,-26.2798009753365,-6.68039723422726,7.93283782257381,10.2164058124708
1,30.5389959954667,-6.53526376411588,-16.9093540425387,12.5695995757371,20.2395357315245
0,-11.3972791032119,-0.0905879582679139,-2.00978885669226,11.0092168752651,11.531640151023
1,2.40371535826379,26.0479009434768,-36.1077052907369,13.6731103005108,21.7744994220773
0,13.1821637100622,-5.48772050185598,15.1130772662166,11.5160497063033,12.0742592284599
1,69.2414993590681,-4.4745489138451,-0.457341869685004,14.776565332289,23.1112577322514
0,-5.83740600335571,3.003104200958,-0.919153087480767,9.59411768630301,9.1870132439475
1,2.99365689479774,-11.3938119615182,62.5494483939441,10.1299935297687,14.9150101000244
0,8.87710294523878,-7.22329621460689,-5.99228246416425,11.9655017586439,7.40360695338523
0,15.1314801337643,31.4061805964312,-37.4993588526087,10.9479365318186,15.4727806534495
0,-8.26611357699082,-6.17460048846818,-10.9153009405777,10.1250303509336,10.6760738994121
0,6.88110008601658,-3.16624400314814,-33.5028803253083,9.29483981478244,11.2593256374586
0,0.640868296432046,-1.47492331237618,75.249071165788,9.61009226108441,9.52192874746774
1,-14.3143211607685,1.63424706951209,-32.2525725490153,12.5802138576178,20.4700596734519
1,5.79173199268005,-43.5374685575555,50.2591700172787,14.2111870496938,19.6090655925124
1,8.51959460116225,2.7413390673724,10.1249553128689,11.6756693828773,20.9072677722513
1,-5.21729563309415,-9.14229183036306,-25.3560965061511,13.306851944477,22.0363448326669
1,2.97466205670059,-12.0857390771255,14.0149171443025,12.8167155122865,18.819908682831
0,0.464328115993134,-11.0040944240051,-2.79328359205469,11.7973580509155,12.4775706998588
1,-10.1333477826215,39.0515820215499,-28.991275868493,12.9172439393064,16.1202043337771
1,-17.8498220527604,44.1331550294426,10.4741592763871,12.9544216116975,19.4331432232404
0,-31.0138986893049,7.93713634698067,-22.7081009936399,10.597437478192,12.4835786003351
1,-36.513322022167,-8.15071195764732,23.2731434038855,10.6771493709333,19.0589486952187
1,-4.2422375002231,14.9446174332598,17.6232756841219,14.017148175673,24.6236677209976
0,8.14070851940356,40.56740886599,19.2299862679656,11.3782828590968,12.7239331974476
0,-5.30794547094766,-3.75285884154801,-18.778922235527,10.190440395293,9.45516980373031
1,-17.2334154646282,57.5232090810537,55.515340606793,12.3810672119951,19.3953516101799
1,15.5446213627872,-3.43762060994786,-60.2605392582168,12.3276624810626,19.0057975403715
1,-5.59093209788866,10.5889041087643,-37.3922931035651,12.432152859477,19.3737339974341
1,-8.67658077247586,65.7510057077308,-24.2936553678691,11.3129849087318,17.9459696463002
0,2.21842970886705,-4.79147014994994,-5.17299349729967,11.1979260234519,11.0594803088768
1,9.51828692105204,30.8239206794559,3.45712888460332,13.4410779486789,19.5209664618717
1,8.16281033870377,-5.56493024588289,1.6962624897155,13.7852266590064,20.9735845589868
0,5.14008713705017,5.65935380839111,-2.53968447484546,9.58052884446069,8.53622261385972
1,-15.8173289999462,-15.6029900037127,-15.8774483446226,12.7077031041067,18.7909175377028
1,32.1858327264714,-0.972290888238705,26.3222031482762,10.0767998348341,16.358755428254
0,10.8599050354362,-51.930576616183,12.0831968417219,9.74973564260715,8.50311917721593
1,-18.9830643837652,-2.40381221600388,-16.1602097736163,12.5936179968344,21.4386772063957
0,-6.07421305915269,3.53943402397897,-7.55698716745491,10.3668887656819,10.9148499858151
0,-0.838380672483375,-6.32259561223227,-1.69468006739284,10.3654397050725,9.25279238822317
1,2.29019261235182,29.3175859711161,30.3498603997772,11.9789069917596,21.2696563400827
1,-16.6395143593496,-13.9408596994679,3.43821388892901,13.3143655410337,23.5853088497223
1,9.62710322190444,-12.5017969461436,0.98166334105198,12.2868837631791,20.4809172732333
0,-6.99508454552687,0.149103414119592,-30.9392799166786,9.78315286538888,12.2646421975595
0,-8.49751976823969,6.6644299566911,-9.04327999437673,11.5876298204284,12.2275319470169
0,9.13205352382389,13.1201564341994,3.01296712442218,9.99294150397822,10.1135076643323
0,3.09289707540144,6.64439594991,-20.4294291523809,10.1499353801858,9.57262593187874
0,-26.192539708765,5.80632329337978,2.20361090754713,10.580558822101,10.7675811582005
0,-6.81190977766021,58.6203464422933,10.2272508286062,9.2658894807393,8.20375394264124
1,25.5461369206263,13.1196327380314,-10.2515274729482,13.5296894953639,20.2535302957443
1,28.326744878268,-1.75530135213867,-12.2307723161585,13.9219761965929,20.9864765844562
1,-18.1093237159349,-11.2009656605266,-15.2511349990426,10.8907928302604,17.5442144942628
0,6.26714611245591,-0.583136545244292,36.6171404717428,9.83594220341733,11.1551417350216
1,2.94928850816887,-3.47258771261157,-4.61778414968913,11.9497290909485,20.0893401614256
0,0.643431600120257,3.1840187742723,34.6021506320664,9.70527741162144,8.30346767492726
0,16.0478270791991,38.721524238071,3.39199543764887,12.3709908761431,12.5999976050249
1,-2.59335315291649,2.56587835269279,-2.75517294919716,13.0449013751136,19.484714544971
0,-3.11945978956544,-1.91136800203222,19.6434401717672,9.33186488131601,7.37653741602404
0,11.3607469458069,15.1588126126969,9.80538982095792,9.26385537008858,9.54373387096317
1,-10.9299801409182,-12.8185599592668,-20.9744765388623,12.3039898438155,20.8452011729063
0,25.6691359095184,-5.64397792753468,-18.815083956526,9.93765975025262,8.44996844844952
1,-54.3523350944825,-14.1179671068523,-15.7886104825237,12.6867633369683,19.5341219838349
1,33.5640040848085,0.709664362881058,13.1929239502812,14.6788791935331,23.8102279319375
1,17.0105010887591,4.98648940334218,-23.7958629022266,14.8486932190232,22.2014771842091
0,8.62426962774918,1.28989769301531,22.0819293133025,9.30852382674174,7.52133833869106
1,-29.3376525799421,13.8790490608721,23.6748659610982,15.1112746805258,25.4103076411773
0,5.75559320250678,-29.0990362141334,-48.4711641163285,11.0620552108689,10.6875277515386
0,-8.87817946804173,17.616311362773,41.5901062439676,12.2826428424107,11.2761189455661
0,6.32241981934494,25.9101739223339,11.8316978409796,10.9828969898315,11.352174473944
1,-4.56930719179398,-8.06764241743854,-17.5261950764889,12.3001076882821,17.8548845901688
0,-8.87721564563025,-5.92121157512152,4.54931623530571,11.4969060340335,11.6194336813164
0,-4.65856409070149,10.4127514360696,-15.6613773196255,10.250964522247,10.3954583527959
1,-11.7917541909752,-5.54295995119069,-9.5357514714034,10.8983790884472,17.435659553038
1,-0.627411897680076,-6.32612376522152,-17.2880843342934,11.4387999331117,19.1090274951431
0,2.27331429340226,-10.8149445006036,-17.9413318340993,12.1104765307143,12.5752580908909
0,-9.77847566865042,2.38935030463241,34.3022983121787,10.0656129165883,8.84202013402363
1,7.26705517490714,-6.61424978650905,3.84786631039071,11.1011900720392,17.6113670451083
0,14.3469563592538,-3.54823258269565,53.9709581922911,9.74816212987883,10.7733418879967
1,9.507078794329,4.28054468260201,40.7305353550645,12.3228489656801,20.0251174376268
0,8.37649042393821,16.0691095297158,-43.5729072770031,11.6689650075706,13.4133375097064
0,51.2209725884336,20.6055154679963,-1.19304260554956,10.829173279897,9.79774455524821
0,-0.824656448253672,17.3674028462822,-5.74134693102777,11.046955223672,7.77205317960053
1,7.91349248810442,1.57918386100982,-5.06694398093782,11.7455534667876,16.3944734413121
1,-5.08368594913267,34.410812770164,0.165995752871301,10.7154535717945,16.7540440040612
1,-10.9050965515755,-6.56099969901267,39.8541707273186,12.3695638014179,22.7239478028292
1,16.4731802259717,9.63808418740809,-16.9908661470097,11.8441531077903,20.5813542921797
0,-1.60653956966847,-1.60268329398696,-4.37428802694779,9.96850657792183,8.49469775157249
0,16.0297052543897,12.4574600947272,-14.2897795401444,9.5795820438963,10.197086824001
0,-9.55852162142197,-52.1345697891443,52.4464132812089,9.53085208655546,7.13351313998477
0,7.98475255258553,-55.3945604478446,48.4847405577775,11.0367101428421,13.9173115350872
0,12.3366553206994,6.05752524891342,12.4007413299259,9.32094067469866,7.67391408077598
0,-9.88940510606666,13.0785141012725,0.915818018882864,9.75099021303329,9.87904514483126
0,-13.0892257238236,-22.4019453057196,21.1285503781598,11.2044120757866,11.2148070414614
1,17.1782406920668,1.86328896725227,16.4482860050147,9.9738358734613,15.5736752582357
0,-2.81407996713009,17.0400216964233,6.96310773429631,9.84505810446466,10.4660698259091
1,1.58535991535589,-9.15960226493114,-16.0831872199776,12.4974743617171,19.9723750227469
0,23.2714551940779,19.9207615390372,70.9847788521453,10.867292359205,11.6546947218472
0,-7.71064251392371,-50.9853607663698,-15.0330599890763,9.50023400216027,10.2329148430759
1,11.0694761421372,-37.9434348453226,-11.2784769340731,14.4480172290487,21.1847660141301
0,11.9364963557688,-2.39873347986448,-5.32352975042915,10.8566855783503,9.81264131971827
0,1.70248173146968,-40.1558281056959,-9.77994521759076,10.6332691014625,10.096882447683
0,9.60269351380039,-9.43685319514508,-10.8441679269158,8.25761718638907,8.49670149490893
1,-7.77751930272121,-10.6575525481847,4.69896986718125,12.3042798965333,20.2598001702701
1,-9.28462542946562,-12.1038743418814,-2.47590054799576,11.5502171064287,18.2742955868792
1,-1.46929330468187,-16.5313884936677,2.03479366026895,11.6629799597096,20.6488232072705
1,10.6710764210443,24.4190860677702,0.920908798431758,13.3302309348408,21.5553616346518
0,2.0046351540475,-5.02106996085467,-16.3067082680938,9.52296135946384,8.83793543697994
1,4.86170588212031,-32.8085162943077,-0.00454946802464984,12.1774402155713,19.476904048244
0,8.2377035780719,4.20763728488691,-6.79371795825918,9.72923780198784,8.89962815164725
1,6.34240612219986,8.69260706807942,16.1485474726167,10.2112290237447,18.7715839081881
0,13.9623296476618,-6.62557327988183,-5.66894169962772,9.31731697945948,10.1503048573819
1,-30.8478082605674,-9.07038943059566,-51.918154722681,12.0989733701125,19.863398545093
1,-0.425413293566991,0.732433138034657,-44.5369702385716,11.2162843053837,19.0533385787629
1,-3.21240079396836,4.71959219486114,-50.5119135803308,12.7481026759036,19.6169630443657
0,14.2793360921103,54.1161275681422,-25.8388706226261,9.86619845373048,8.46288956793094
1,7.12665057224249,-7.01292169096336,20.6890618155537,11.5498289430726,18.6634717670807
0,1.160945654723,12.82766546085,-36.3269670275073,12.4537478562007,10.4314147156046
0,-8.06208329940518,4.19107697823062,5.13762684519796,10.2128214833328,9.25535389635681
0,-6.23054881953804,7.7613084002961,9.94667703433384,9.26921249081099,9.14126657975936
1,-4.75159348519955,-10.0153933427488,-20.0079052759795,14.1214624629074,22.9903283098031
1,-22.9091355994061,-20.4391880223105,-24.7558346963557,12.6513779733371,20.645074958641
1,5.73647429471539,13.2388732320854,20.7249650002082,12.8785142470766,18.9202482670408
0,-4.48852376937178,-3.41982143238324,13.1601436831219,11.7791719556321,13.5407210029636
0,-7.19897197463576,-10.4986183998422,4.92837161082102,10.8304753787058,10.8030932763708
0,-8.24526853976873,5.89171103626914,7.89153428544111,11.7040487483184,12.7757109129307
1,-10.2414604213525,24.0725138980158,-5.74136960849769,13.6439593386184,19.8232283455976
0,-6.03574000251283,4.19147697676998,-3.5617662095416,10.1927189066736,8.18696754225636
0,-8.23906735932318,12.0245580778687,10.7331343548683,9.10980265596724,8.80659400426481
0,-5.2984872444781,-6.67072059054973,3.5083557730692,9.51592417297934,10.7208412195697
1,-19.2151200215451,11.6664285809299,-5.99766583021898,13.484132981756,23.1736596832361
1,33.5484568773041,-53.3475927322081,-43.0998570217712,15.2052165231274,22.87901544328
1,-8.23376449164063,-3.1544690270658,9.14313004929802,12.6434037180082,17.3839652301692
0,-6.37093333933056,-31.7077334906293,2.90723870004045,11.6743127357897,15.3859107965075
0,-3.91644578769327,-11.1292465504865,21.94272120909,9.40024845028675,9.03024443267784
1,15.5554985733454,-19.1029784072573,23.4958182120413,11.5943721952862,16.5713707390084
0,24.266026383048,34.6091359273388,-2.50421498113867,9.80250050640576,7.9772123639593
0,-48.9885431170874,0.939634579695045,-17.8371615555231,8.63785242157743,9.25251138772085
1,-20.9923709591219,15.50657295909,29.4368518733296,12.5464845958532,20.7020346828423
1,5.98360994228806,19.0816960192732,-34.5291838023674,14.6837330854244,22.6120722109088
0,-5.2713473746996,-18.7534251790288,-20.5304582944752,10.3806330872123,10.8765274067895
1,23.7498719832565,-44.4787349053198,-2.39724196693602,13.5196059650611,23.1489292871115
1,-1.26904813167037,-8.78204226479705,16.2298996690665,12.2435952509862,17.8918484959066
0,15.0562292079809,-2.31265963875501,-9.82575058757462,10.1372547414944,10.2087317889895
0,0.549170700905926,-0.488216251073608,-0.170766454097343,8.54093065710226,8.32469844497399
1,1.53916943457342,64.4862059826172,9.84897186474463,14.0447816059122,17.8290097153669
1,26.6175578290084,-0.628734995954308,-7.43046706285692,15.0626119959544,25.7487646399404
1,-54.2852382706087,3.55541032059654,-43.6075028160658,12.3553290326534,18.4680480562138
0,-2.12124848924376,-6.86786141682984,45.7216454842669,11.6463186720835,14.0361846547632
0,-11.8571970140594,3.59351209442381,-27.9913300762619,11.8847720795097,10.6131744228437
0,-0.263852483354946,-46.657581195779,9.45155672570197,9.37304209158023,8.21977273901861
0,5.81500977420527,-12.855351260631,13.6966592397933,9.92680515614371,11.1262459074776
1,-4.10974400735115,4.54714558317476,53.9684058066634,14.3860131989515,27.4876656724303
0,8.56725022917189,-11.033643787227,0.204539016079702,9.95424055199892,8.70255597440551
1,46.8661209280006,4.03369878135105,10.7360984034001,12.4234530402184,18.9183733849275
1,9.79845838979914,-46.8494453624595,-9.4868908163994,11.8204212083916,19.54448551208
0,-5.26732655043962,-4.82704905977905,-5.7486886576621,8.90789388406533,8.46071432331021
1,1.96724238005699,-65.8366825670259,-0.365136829315748,12.8545059715586,19.4085862807873
0,-6.66226908428783,-7.1075960153826,38.7852967385963,11.7662646918562,12.4037005467585
1,0.0192460832045197,2.08010394568756,-18.318728182765,10.2771161180269,17.1563062160587
0,4.05140607596241,35.0931336087134,25.1220355389125,10.4700722903618,7.41708649659072
1,29.0331539754316,46.2457342187199,-12.046547997166,13.1743973641479,17.5125059222348
1,9.88109527568252,-19.2687528359527,-4.98019903719036,13.2302760168564,21.7140117289403
0,-8.71550784623694,40.8164774770911,-9.52066817070085,8.43396607961596,6.46571610403124
1,-1.98524620750033,8.80301587982344,-29.0577311823563,13.8264481829215,20.8665124547019
0,11.5166416862243,-24.6806943419524,-12.3594621967472,10.5987784489259,11.5532208524928
1,-8.11034917743259,0.999188527671352,-26.354835479066,13.1571820042835,22.4806565739285
0,-10.4874360848948,-18.7030980077719,1.36610929951095,9.61240544802778,10.7564133419892
1,3.50633952911163,1.5467832803457,22.2723004225828,11.7152646998864,16.6724735457831
1,-34.6110738983267,17.3120069787524,22.1386635690097,13.0232659856892,20.9117386029033
1,-21.7481102105924,32.0275871274378,-5.18151531899712,13.298268948395,21.2903224304583
0,-17.3427747470363,44.7524811878799,16.8889587015551,11.8771344076252,13.3858731995877
0,3.04891689094373,7.13021202032473,-5.69928329919526,9.35107900339,10.0811653011975
1,-3.31032973946934,9.48403561485554,-40.5663747805123,13.7340932966307,21.6842501161468
0,-12.3176617947374,-39.1649745221903,30.1484290310999,10.9639248178291,7.40385084602358
1,-5.34914523842055,-11.0096413375208,11.0716482117095,14.8727010767044,21.6693591853142
0,-2.74423697204781,-5.79292167484547,-8.43574478034541,8.76764858982189,9.80829837401932
0,-33.4619854017101,-7.62315046133403,4.26557533343908,11.1214029575827,10.5273010842608
0,4.98912330581347,0.529888038944147,-22.7564848276769,10.0526667945835,8.22430950490338
0,-2.74089365838146,1.91898509467136,41.5560867689561,11.3174074166147,9.73662694927565
0,1.76074906654328,0.909335227843837,32.8578709171649,11.0144981628281,11.6050021029031
0,-15.8189752091965,4.53655053656013,-20.0324561583061,10.4553008351046,10.0244317130234
1,10.9516776572456,-15.4048724200706,4.63621425332362,13.6182322556291,20.3155629811177
1,-2.05928996101882,-5.36208901261076,-1.69227191464612,14.6172212824015,22.3885629377564
0,4.65765426049995,-10.3268141656696,-59.3047288226607,8.88051529361831,10.5267759452871
0,8.28671390131767,9.45031061819325,-4.6961384808393,8.63374438954758,8.02361314176416
1,-17.6036675653987,-7.96222018755612,28.39994610261,14.3611900481218,21.9288060851936
1,2.52861242386398,-31.2384649951247,0.0550574854612367,13.5872322540435,21.6992921248808
0,12.5027965298033,10.4298425458626,36.3034137161399,11.121394241519,11.7674013111464
1,-7.01776715667094,-5.09140664993201,-5.56649661495063,11.6759670773257,16.7591610487161
0,-9.31382710346108,-3.82596954467833,8.37777143624239,10.9352725583877,11.2611357286363
0,-5.91181508854312,9.28358646310221,18.2549798114073,9.88745555116257,9.43925354424787
1,-13.7767158448639,4.88823683208452,-0.730949464798861,12.8390697503863,20.2108439895712
0,2.95409663492279,-11.087075029222,-8.43494141649012,9.58313783073094,4.91991853665149
0,-3.95173258384191,7.0725907451969,25.8262598336362,9.50812740868317,11.2279419030189
0,-10.8120770421213,-7.17565762011809,0.565539139561341,10.2178117913868,11.3212082872473
1,-2.89517978536774,-9.08888726299253,24.3446886079262,13.2464144545091,19.3881765244742
0,-31.2153863475945,10.6690126024047,-2.10099586863569,10.2615200267668,10.4632847274876
1,-9.8888302837378,7.80592699855311,21.6474868397418,10.8662922330915,14.2579619370746
1,-18.4893540015712,10.5011707832994,-0.716830341328855,13.0350454817674,19.5023825051998
1,-2.67123555493755,38.498914349791,6.16266754998663,13.7425012439959,19.7320812453282
0,-6.33358284092104,-37.8831369144499,18.2693795135523,10.7947942766021,10.0232619212372
1,4.12134799039707,-11.1305779952279,26.3424083243928,12.7601522358922,23.8188137929055
1,5.3985472438164,4.96081121279581,-13.7370275249841,12.7275704997436,16.9528729731547
0,14.6018680513425,-2.47629620611831,19.2387077751388,10.0234684343429,9.75526653220882
0,-3.72791268174155,14.386829387935,-26.1552534933334,10.4576847050064,11.0833281798668
0,-5.18725145761478,38.7160061751638,6.32547820137166,10.4547284473045,8.86176278756403
1,-18.6246793598844,4.3830428639447,29.7414432405104,13.7619003321166,21.9131534070606
0,1.27927539789356,9.86182008182471,25.315412373123,8.67183365196662,8.19915232717382
1,-2.58282962366349,24.2751067974353,-7.11399652883023,11.6735130268079,18.0787200840489
0,10.8059351656222,16.9227045783366,2.27462342853632,10.5158194298633,10.0918340751622
1,-0.422400299467546,-4.50859883633931,-6.26305679797772,11.3705385078884,22.2126656936549
1,-5.77423937393167,7.63369093926939,16.2544123584662,12.4892181043854,16.0450568586325
0,0.951497434845635,1.34346060323817,2.23504380882845,7.50839868706525,6.6013250711651
1,1.96501190254233,16.2593404188352,-3.66659329953175,12.9872758112361,21.9605293571659
1,-3.15567031813223,-0.48462985371208,-10.4880112667188,12.1841318857631,21.3743519626481
0,25.9681162770847,6.87374653985432,10.9050804721527,13.4249016223092,13.2591077659867
0,-0.893565531928553,9.92311825173444,-17.9372656176128,10.2440793611022,10.4189242636776
1,-6.94444018989392,-3.23948773792482,45.602274979625,13.1692499733484,21.2635188912951
1,0.0477398993734141,6.46216606905994,18.983976329839,14.3191261441678,24.9180499000389
0,-1.53377404718011,-2.43311563931965,-7.34524680077779,10.7382666535274,16.1582832908524
1,14.5361734720888,-5.75223246871418,32.4171680080557,11.0717012049,17.2273658781829
0,5.85633299922708,11.9474893423945,-1.87716185618253,10.9434690585934,10.5003267785712
0,7.10306390234638,9.13783093348272,-5.50523056564941,11.6896156146456,11.0054515701858
1,-6.8983011546879,18.055311164139,-2.16674591143195,13.0923928649926,22.7333866680407
0,-3.09497003623359,3.52600103072511,-10.0483513438613,10.0911267808565,10.8655612184069
1,13.7951130205604,26.0984913727363,-6.9560768826345,13.5038177563551,25.3382359503046
1,0.348718204960592,-22.3145930023578,-12.6956783258067,15.396785068951,21.4038950620679
0,11.997134442036,1.88832521441911,-19.1182457088993,8.49107344616392,9.40899059237599
1,21.1222556861189,25.6462054560464,12.6024366587804,11.3260301563748,17.4663235738524
1,25.6005239260981,7.8884234182417,-1.73224528457321,13.4748611053506,22.2370432697882
1,39.5256988517571,-24.4945358849759,32.3680371147042,13.9507350610242,19.4388722953713
1,4.04639205127273,-3.74550775081697,-26.266140371113,13.7487549134364,20.8128913317106
1,8.40925282868866,4.68420228232968,-13.2621998350132,11.006945220679,19.9805917304128
0,-13.0526917004096,4.38226075549971,-16.4254314319839,10.9150523599182,10.3775118572808
0,15.0669039867617,-34.3516355982465,-2.19741260368881,9.82600990215225,7.71490258065112
0,10.2123869706855,9.33794948214824,-33.0969384255127,9.90796529663884,9.12785491917044
1,2.43469578408121,-5.17626640492703,-23.2895557516678,13.7678493137486,18.6345390345942
1,-10.0256648689211,0.98876000359501,1.26461809932959,14.792354771511,22.4340305058835
1,-19.8915432553677,6.6156629482952,-16.5079817828504,13.2173199614095,20.3537001722103
1,3.64137541287363,-8.69454938183571,-12.3676708690072,13.0083421784934,20.0814896904586
1,14.547018882698,-9.62993482612866,7.23042370632017,13.74599507302,20.9865748702098
0,10.3051086120474,-13.2175818166547,-2.28441849914885,9.61120542630271,11.3149755651161
0,2.12699511662696,-23.7960950993778,18.0167863204193,11.1437992879051,11.0079228206702
0,-3.84254091120807,-2.30673034151382,-11.3456107084743,10.5899513109876,11.1790870448846
0,-5.01965517742239,10.3108612601154,33.1277390361973,8.92214649792503,10.0513541323717
0,3.16253947771081,0.362983729604497,-7.87221350375559,10.7151526830382,10.3299368530581
0,-10.7437329077266,4.49057882644577,-20.0994047027281,10.2021854079015,13.6124527367833
0,-4.18717229885231,3.32682465356551,17.7618518792551,10.927532400644,9.97230940846152
0,10.5445394886266,-13.9576696348067,7.42466592472806,11.4254384524163,11.7964451682675
0,-3.26445877738312,29.4344813992833,4.68115702792261,10.666786433535,12.275417656328
1,7.9132339404165,9.56188201961747,6.96696396010162,11.0961280716976,17.968675524488
0,8.88398469579248,-5.91679998228312,1.07009414872609,10.1375053534011,11.7827041138551
1,-9.44865107981246,0.606805895691225,-19.7813765941198,12.548441684857,20.4424737492257
0,-2.37428372558341,-27.0344201189585,8.58576957367366,9.19829678974441,8.02247832057833
1,-5.16872659855129,-4.07967023139253,-0.994806582628367,15.2669788720625,25.7098105605237
0,2.09669647711309,-29.9679148277391,5.3993403195942,10.9858064150873,9.95899073399192
0,10.0383978155023,69.748443042975,-3.43770322088702,11.5795677032667,8.87502561370736
0,1.58076625801215,6.36606930043764,-4.67270861690161,10.6448002381063,9.69895960724646
0,-1.15801593637072,-2.09608054872622,6.94043107055187,9.04870604684115,8.3227669563967
0,7.01754943217911,-3.41222519579765,5.32567180725535,11.554245320623,10.4509587359194
1,14.1978151048657,-4.14350837054255,-32.2770988170756,13.4533090162882,21.8000584017298
1,-2.36256233851256,-2.91066270292179,-9.28507375297896,12.0663565122957,18.5253995268836
0,-28.2275069150617,17.7706464208129,-29.3287850893831,10.7255919385895,9.10781556165097
0,0.624780020383111,2.22326522315223,-0.737330207367327,11.4926128196342,10.9179658891655
1,45.4844280515961,11.9795633554306,23.7950896148344,11.0804828831595,17.3988582846119
0,32.7074379172248,-11.9994402526363,3.97088615069367,10.5829246779177,9.95918961511964
1,5.45824983300273,35.4007821436085,8.3214925719924,12.4795204366599,19.8889180773606
0,-11.7888466952294,-21.0287691919362,-12.1127202031873,9.79387476980748,10.3610589798211
0,-8.37489865268707,25.8320046316704,34.1362040751507,12.6709878956147,8.52356317556746
1,4.35089789322506,-43.7981445432126,30.7202002573741,12.6429251800372,17.3865792280264
1,27.6217654728725,-9.74343789353475,13.4119926236494,13.5000985505032,21.9305271843185
1,-22.5697721038153,42.5110446215996,-2.55682524470564,14.7189935607254,22.9433595766839
0,-0.158260083656355,-2.80068807898762,0.057855369528678,8.77848482206339,8.35573190270094
1,57.8992922302923,-27.3800067894983,-0.334051521514283,15.1435304080462,19.0871656898738
0,-12.3931602875645,6.94049198789304,-3.09477522102019,8.46974991043082,7.83100633351542
0,18.3804334100265,32.9498039188391,-5.34512808162127,11.5100410929666,11.4211808189158
1,-13.4293512898449,12.8207892373875,-21.2466452964659,10.7800502982067,16.4739317180314
0,-17.9092895299279,7.94453915643179,-8.50430638611233,10.8393457820543,11.060485872937
1,-11.4423876103788,-39.199404547645,11.7007724112908,13.1641141101642,19.5221488373956
1,2.33884947441423,-5.16036784325955,4.69298492549062,10.7188763540192,18.0478981016688
0,-13.7169431851711,-47.7859033203423,35.5444004176543,10.2926459643699,10.8414959682197
0,-0.916299780943244,13.2572855305811,-10.9788282940338,11.1994045920148,10.9041918076789
1,-9.73692044377762,1.51718818968103,9.88852565972248,9.81403266866336,17.6388572449516
0,12.259351642942,-4.08830465538986,19.0319213400832,10.0435778740012,10.2018705001541
1,2.82377921549639,-4.68327887677344,-0.726108635951174,12.4937110065957,15.3965621468567
0,-17.9149109482849,-23.9311200340769,-22.0675383976817,13.3723590619018,15.3745527227919
1,7.44350257213321,13.6090465477291,-20.0129155399156,11.7573930787516,18.7201293127949
0,7.6461747663273,-3.11846710496658,16.1320459922948,10.2324053636557,11.0325468824073
0,-16.0761493808777,-43.2301071625293,13.3262119977415,9.31442453236874,8.42706400948555
0,-30.1327142148899,29.8284347128804,-10.1293138057029,12.9833139631409,12.8228728993151
1,19.065112145021,16.6011620825779,-1.21056829351874,11.6793568891489,19.2725245696874
1,0.576856714732693,46.470536634301,-31.1589630771483,13.05884154406,21.9848790185216
0,9.86607339038842,12.818363053411,11.2728103579317,8.31986282575271,9.63440687794121
0,-2.37840820529703,37.8917493934269,-5.60139921021679,9.50201824865583,9.62934333006049
0,-8.44213855552648,43.1584517367949,-3.14991770829348,11.7452756126283,11.5923267224129
1,-40.2940920977866,-9.27696377349326,-12.8919620870217,12.4778287165152,21.0676629855791
0,-1.57439929887727,10.1272224866625,1.49770767198948,10.6147109709828,9.97175753190333
0,-23.2143875311719,-11.3162202110641,32.7843125511106,10.1011308497847,9.57483424900395
0,-20.8070245582416,3.14245168774956,0.694575477082562,9.88334718589171,10.1161443187106
0,2.81756969157347,5.26664652118204,-10.2078706671095,8.76785318501347,9.08725107882373
1,-11.4835242507968,1.95334901690556,-12.574036396362,12.3964898636924,21.1904257500159
0,-11.8147911014524,9.49719939004157,9.6619403844375,8.46244038524171,10.0718492014539
0,0.731926673706906,-0.841777270538639,4.08131418864013,9.72934828035289,10.4185693810199
1,10.1908003608557,1.17271641843833,-39.5708168007048,11.7325813610585,17.6934022355125
1,8.22086502996479,-3.44024489345709,9.15641169617717,13.534641320289,21.4477185141361
1,-9.36185699378693,-3.82769500507328,-20.3420874569008,13.0087317106144,22.9463669388503
1,0.589256077580238,-36.4732588002805,7.96896050970966,13.2180905893667,23.1154435302025
0,-29.2987689231061,2.08291766256573,-27.4943955641354,9.47555401773143,9.5414884752518
0,8.07608512476017,3.33989529239509,26.5987747337104,11.3842812435683,12.7460862486896
1,48.1791141732041,-10.7036817965498,31.7444313114492,11.8447634512958,17.6988245157063
1,-5.07357659217676,12.3123834902615,3.46090369544787,12.0945206797835,17.1398914549546
1,-2.83598618729164,-5.56800084756036,5.805106103735,12.6920859578624,20.234642655779
0,-14.9488545358786,-7.15817778712641,5.17351908382803,10.9421250123829,11.1430289059948
0,-10.704507647695,19.2286286387641,-9.12764258232263,10.064765310473,14.7730216615655
1,4.99807617770453,41.2395524866476,25.0147099713676,11.7406357410088,21.0304489185972
0,-3.40772736630201,-16.7559819346609,-14.0221268075262,10.4889215407245,12.8506306151126
1,-25.2374679702707,37.5771376933363,59.1653737168986,12.391829314814,23.6315829862434
1,-1.43044344772276,1.53440152457988,9.27222671815241,10.4362681672955,17.9079745065036
0,-4.59698644394917,45.379842673528,9.76418886887648,9.30617806640025,11.7744743408552
0,-12.611259908267,32.9747105074505,-3.46457732913844,10.457680020481,11.6381516077138
0,18.6621403031946,-17.0882106037365,31.9915205978285,9.23940071777589,10.5974979041799
1,-23.8277921601255,-4.19243784642853,11.6490374575186,12.6504959100094,20.8483358104649
1,-8.92383354817146,11.3985997567157,3.27000494267369,13.8378788863144,20.9901269646726
1,-36.7248637977635,-3.30378779558473,-2.69877685851182,12.9151624647934,20.8554076166014
0,11.6060519563655,-27.2114801851865,-9.472123000863,10.9305558161684,13.2927769045493
1,-15.6378171566274,-3.8927644635539,-84.763537933418,14.2418804116162,23.0983637992167
1,-7.43213779764096,-22.7668868455562,-2.16489278971651,10.3426588103145,16.6478566230592
1,-20.852663902647,-6.70754308098326,7.836913817441,13.4471273080031,19.7508585594078
1,0.138207656973295,-9.05180321124958,-31.15547625857,13.0262977961677,18.5869143806102
0,13.792335999536,-2.09887225243911,32.2180400559085,10.4709553584724,11.683556191201
0,5.27236647454423,3.24739917005898,6.4893371274009,11.7181218655055,11.5659434422989
1,4.93804338077624,-18.3804331365859,-36.2904597007687,13.114014402321,21.1475475322203
0,0.498801587110733,-7.49543485673319,19.878270595528,10.3769072453562,9.98518962799135
0,-5.73338195994141,-6.45312748054556,-28.354340356654,10.967732180408,10.2615253601747
0,-1.63309599580634,-8.84930315470316,-7.07461839377445,10.1929876014781,9.72971553430236
0,-1.24241116538112,-6.63982485025128,-0.194787720151538,10.9624858502365,10.9236358290291
1,-4.71788352625146,22.101414095746,-30.3074041859176,11.9463875444171,22.2707295994294
1,8.24266352623505,11.4057425124134,0.149516324375982,10.053982935623,17.0199187357233
1,49.2203576977174,-13.6492056354519,-3.4638018838738,12.8734446324947,18.8221196696103
0,-11.4906411033497,27.43686118399,-18.1897153360974,10.126268287777,7.78161423799172
1,3.49064278077945,25.0250287493916,1.11574471597798,12.1988027973321,17.3355039549964
0,13.2838459369773,-13.2739737162004,-6.75704648930928,10.1564896953718,11.9023875974643
1,11.0130872638014,-6.24820829572557,1.9046108137293,12.4953038000998,19.8217904393267
0,-10.5540225082254,12.8190184803309,0.38926405154204,10.1111317372818,10.472020138158
0,0.737342766713931,-29.6536449857495,-3.15747696251897,11.0165646983443,13.4926899109137
1,4.89727573642773,-9.6372173522103,-3.18220378729151,10.2029742244047,15.7616600307185
1,5.26843461296528,-9.68848783058029,53.0086972371558,10.164130500771,15.5312097911115
1,7.8494917468556,8.10168867142477,2.92676756094359,14.4551095199414,19.9120518728283
1,-68.0429038921562,0.20473258624449,32.2581845730776,13.5650748465528,24.0181668968879
1,7.06503749811447,6.83012162388756,6.82336851590551,11.8090515802369,17.0716811634018
1,-4.34069224735637,10.9241353557151,2.0030240103422,11.5796840394055,17.8529884717124
1,4.68507502527536,52.426500900238,-15.8556422850502,12.1822558209747,17.6702580842462
0,-3.20531449094049,-31.3639002262599,0.988603809347785,9.45468877677981,10.3957834223871
0,4.84090560672241,-1.12281870318526,25.3963721506039,9.94643996333876,11.1713106667192
0,38.465183321412,-4.92192780321237,10.0937941625339,12.5619323535182,12.8123278306797
1,16.5909685023273,-47.043927113115,13.9837233905639,13.583644096118,19.5213935424844
1,8.61286087747123,-0.299884579930789,15.2532425504606,13.5608355553391,20.3652585790764
0,78.0469629717784,-5.46636239620345,-11.8409721100537,13.1624687547671,12.6588639598211
1,4.15877255626044,3.34490902037476,36.357064741251,13.4427469462137,21.28150390388
1,11.1316572092059,-11.0555845304841,-14.7761829235212,12.4509885550388,19.1236374994819
0,-3.23643554677599,-2.63351445193081,21.5024904465604,11.6897525085689,9.14638178460581
0,-11.1344567530705,42.8178481380521,0.869507116310278,11.5506132419221,11.8803192563894
1,37.3454820348884,-4.11342079790901,10.2164421098788,13.4254558857899,21.4466683243595
0,-6.21691119947592,10.2269089010618,-41.5702929219592,9.72158843317778,9.60168814689427
0,-22.2009747851724,-7.61827200432729,-13.2805811104838,10.241782112774,8.37426374548154
1,-1.14612767776426,12.767373802942,6.62653576398266,10.4779769008843,16.0254752031994
0,9.15610606837824,-1.866951105346,-5.04093167209157,9.08411139314744,9.06746305470031
0,32.5449840475271,-0.901444360676848,-11.2586709811902,10.8130560118379,11.2790797842145
1,-8.63353726318851,45.7158463214364,18.6051717671317,13.0193409551424,19.7497801886077
0,18.865385549327,-11.1934237600253,11.6701504265936,10.31127385112,9.48390312164921
0,4.19355230060607,2.37210590002857,-1.41021552297096,10.0143386330758,9.43465615263769
1,24.2485781875376,17.0715801842871,-44.9022086067762,12.6034107932743,19.9909594456795
0,3.97444664876405,5.92885636012477,-20.6615868410414,10.8868193825729,14.1772606751228
0,-19.4437975356259,17.9282480810008,-7.4150696423297,9.48031265908086,10.0881289493529
1,0.434869298158723,7.61711343888273,-14.8843352628528,12.2821262152685,18.6277329625702
1,-10.6975252151483,6.4250714654615,-69.4040051524315,9.67818412131173,13.9674513690802
0,-20.9605790731636,-3.79930524396904,-5.28253812388092,9.53832709346238,9.03840190140686
1,41.6811287017623,3.69494128834665,-15.1378764704354,12.8530444042976,19.5909827952378
0,-4.23944314195547,-31.2335665260921,5.46953406474301,8.42816355227755,8.44508664683718
0,9.50380921918854,-7.40845399981669,50.701918337035,10.8541034428897,9.42980965940202
0,13.7226580433753,35.2168171426064,0.467534341696505,8.8000596484603,8.44266361720622
1,18.4300767840736,-1.16204364040012,16.8920592628078,10.5362698233254,16.8479568716474
1,-0.0425575531843063,-5.92709816179058,-9.15383489613325,12.5773501857167,20.1328698313478
1,13.209522063687,-5.9995631502971,-84.3036004433218,13.0714923545014,19.2850026292891
1,-4.24739411762181,-18.9200240622793,28.8837148119772,11.8343988632709,19.8410858472592
1,-8.22002820833871,-17.0498094377184,-2.75825309713506,12.2176149514021,20.8894533133813
0,11.9296625029329,-23.7897285294017,-10.9640902627497,10.7166724860401,13.4696360025218
1,2.13535229754549,-34.8443517575621,-48.4138310026046,13.4604509187745,18.2097654496773
0,-8.759891659404,34.6341456524056,-27.9006847989034,9.25127755733659,8.16367129205074
0,-19.6063471513302,-7.91751302663269,-5.99098810475884,9.54275901877378,10.3728694891078
0,11.3204422052242,4.076960216374,1.68423465704716,11.2140033241522,12.7374190751997
0,3.55074934112171,0.752891709299619,-41.2182334980515,10.5142679465041,7.98436549598403
0,11.9063588381939,17.2370100488436,-24.9369408473092,8.181391749767,7.75107270801245
1,5.21110123390448,-20.5681493243449,1.19363722204428,12.6468985270451,18.1061233192198
1,-4.83312403252616,0.976521778939247,8.4202444344542,11.8451696072046,19.7683380411364
0,16.2178005769146,-0.701033136721886,25.0971884077095,12.7951824511618,9.98767434433438
0,-26.0268862262794,0.337248033543081,36.6760285504555,9.89118511659229,8.6863336816121
0,-1.25253397852017,22.6455369514014,-13.7023459093594,11.7354956497714,11.601411752538
0,-0.0940378512440178,22.6164440675956,8.3565136363228,10.5823935733188,13.2195735192037
1,4.24413572848991,-8.92862546229233,-12.1249512904136,12.0517476377984,21.5340149696565
1,-3.03221863942403,12.0586150424196,-9.00357626018009,11.4769717921527,16.3791105781305
0,-13.5604428348724,-7.50025761650687,-0.778984959536323,11.3585350488325,12.6535531232215
0,6.69864320226045,23.7709722423362,-34.0234995319323,7.87433350023208,5.67223634915264
0,-12.7808686015415,-13.0650557846461,-17.2989350521174,9.55316382005763,8.85622758375796
1,-11.0900026864372,0.180004397389418,-18.0540538375898,11.5945535594946,18.8865465748607
0,21.6946753350672,-14.9952894854262,9.51475116156061,8.88573301113338,10.6635887507228
0,-2.8387551439558,-9.70123766098758,11.2894168519197,10.9158622090531,11.2810623569708
0,-7.74910221601133,18.5791006789328,12.4764496686708,11.32206507677,12.0631029701012
0,-7.04440167701788,-3.74592409622387,3.93610536299625,9.16936033028968,10.8478598670945
0,13.8223957186425,2.87128583817174,-2.98618252131828,10.7781300195767,8.45161715738232
1,-0.980977723784653,14.3538392104156,8.67715382873613,13.1863383044108,20.9974028498905
0,12.2689068737264,11.6163422485725,-2.95179651350597,9.40924956558684,10.0279398274811
1,2.84374170766582,-2.90034070918617,4.64054743116131,11.988671446773,21.0795685664743
0,4.97280876695517,-0.0310546719893689,5.68359432316136,9.98905138699124,8.32364739121117
0,-1.18209672170161,-23.1890996367259,-7.44605489004018,9.85456435584342,11.0795228122502
0,24.4231245945915,-14.6255250206809,6.65636962916532,12.1602420668604,12.3679549090472
1,1.40295729450781,23.0620374217137,33.825965758332,12.7885377176385,17.1404601395242
0,-1.90911316407767,6.57034605207732,-10.3602003882671,11.1498469615003,10.8910395447962
1,15.3181116874003,16.326843462793,-26.1962895310401,12.5025786904273,16.6542416866082
1,-21.4831922334787,0.160407792308366,22.5021866602284,13.1111130016163,20.2583193258431
0,0.46547295650445,3.98608277935362,0.479359060441747,10.7813572116806,10.8957408753424
0,2.78038738299696,-13.7362597443587,-2.56453701002903,11.3229702049079,12.236647701315
0,33.680118204376,16.6937235175132,4.43734942918659,9.39789276828868,11.3419847716247
0,-6.40412900384094,43.2402989131186,-2.03218053896795,10.0414488695434,9.25885285195973
1,-10.7561426766369,7.36419588686304,48.2257871281967,12.2794079069938,22.5377678591369
1,-3.07324945905338,-9.15661914235952,77.0373878344859,13.4042344447335,20.1783446726582
1,10.3566183438714,-26.5652089617873,33.6940746467145,14.2863474871781,22.3015140395148
1,-4.23482614479471,-56.4337285164743,6.42626707334217,13.1281804575258,19.551192046888
0,-12.404794222637,-3.88012117632386,2.7653956645134,10.0144658261498,11.0302126119871
1,0.389312398461803,-0.381535314398432,-1.37473107355429,13.2933118184886,20.6543720257123
1,0.222195632218337,-3.3629949024103,16.5233808293406,12.5213059466532,18.7106755072049
1,-5.74658736794618,3.59962428244793,-24.1184112737859,12.8855945427252,19.2845054510591
0,15.8059127551666,3.10482235540865,26.8541416570115,11.2962602980515,12.1258577111269
1,9.06110416643426,-26.66204685496,-6.36700802854603,14.8177162191348,22.30451525647
0,3.47738472677937,-13.6052042725491,-9.65530731118838,10.8429787667898,10.9581973811662
0,12.7283665435483,-48.9330065338938,-6.35769414817948,10.3561267142089,9.33156511070082
0,-39.0781456896931,1.76046924820662,-9.16233170965172,9.73209941735609,13.5057655295959
1,8.87569393854377,1.00959394918533,-25.4944829364154,13.3227319849037,22.6190936371458
0,-19.7976888076442,17.9736801898335,10.106836062659,12.56938164003,12.6123315025323
0,5.41414759589943,-23.4017681776437,-5.52932690625018,11.1346363913112,9.79266686450453
1,7.27754287577307,2.86049069031819,-3.83110558046417,9.37922180232177,14.8504640772824
1,27.379583723584,7.29662741843274,-20.3977641526846,13.4395053909678,22.0132816880238
0,-36.8875474522269,6.05623138868694,4.5237869330644,10.2976666909322,11.8924298019256
0,0.395817653388323,-29.3065088369757,-3.92278057508458,12.0712728273868,13.0155445108742
0,-15.2541723759228,-10.1724954876067,-12.2766770394692,11.3641371558016,11.8266178861267
0,-14.2526086203651,22.7954338421875,1.59767032105303,8.87203496266613,10.214891528186
0,8.30877901268521,-3.76323220289574,2.11918873009693,9.51208870598664,6.51956173182569
1,-12.3389017805833,-18.4973978119245,-17.0642982240673,16.308417406339,25.5554944926055
0,-20.3164335666397,2.30407250097074,0.0655978103917524,11.9355794739033,13.240257924866
0,15.0911858617147,6.49704452896041,-0.680540480769481,9.95289979838464,10.6239366869334
1,-7.51659996129015,15.8557169504099,4.69418810446694,13.2149840616623,17.9481455073105
1,-4.93151690946172,-6.51040180140054,-25.1840936287888,11.1918812792814,18.1017285917056
1,15.3461855779674,-7.40602754128176,-45.1148134360522,12.435095052433,20.1565076553318
1,53.0901953322993,-24.9121943540954,26.9034540640417,13.4495802844818,20.0025376525445
0,20.1289895650332,-28.7308363505861,-15.0858085210242,10.8499986799002,11.3033547326275
0,4.44866380883795,4.69051080134878,12.5798896527697,10.2329528827394,11.7512458382336
1,-6.22312400885133,30.8749154661827,23.0372538398148,12.478829644169,18.5610434997438
1,-11.780230169989,-24.654031893604,-5.82687248449901,13.8336314127444,23.0512919964811
0,11.017992723909,5.00614863537015,-0.946253832454254,9.68220658652309,10.9205837178521
0,5.75948618711086,-1.31188640968446,13.6661198776326,8.68239905428762,8.5450543598294
1,-13.9981870319128,6.09960125301042,15.9088459574865,12.2657727621688,21.5337375720042
1,-15.4825961070209,-10.8921527767503,4.61043256930917,12.9978940517547,21.6184995959647
1,4.42454032588393,-1.48043580248421,12.5221194659233,12.8428358126746,20.4745563122741
1,3.08340585562532,5.99527923209146,-17.5633873037515,13.1517029143556,21.0907899954915
1,-1.08272889833315,-13.0998578452611,-42.9321081184012,11.8947669919767,17.1172581006683
0,-4.20079602676319,-3.64038184192486,-17.8270016688419,10.3390522463916,10.8052617365423
0,-13.005690026549,-7.55052167561862,-16.3729401457343,10.7246806211177,12.1872026229935
0,1.45214430673587,-24.3499617636574,-1.10999348930672,10.2213345906481,9.78341580226827
1,0.0581694296451219,8.02709656211276,-35.3820617642256,13.52750978756,21.4938014376898
0,-32.8919617625366,25.100757191304,-8.74977184649318,11.0337686296706,11.0124742954679
1,-12.9728578690499,26.7229597774057,3.31718386053104,14.6936732094554,20.4020236121019
0,-4.50960481322379,0.0979440822780823,18.4905998961895,10.3288333641905,9.56408023339558
1,-6.24525002660069,-15.5229220935888,-33.826399446605,11.5269911959251,17.4401889830794
0,2.94334907992808,13.7500145573517,22.8701068580881,11.4542076665189,12.905071713196
0,-13.8744258182591,6.23618701877812,5.3825097597492,9.70292456123347,8.51103442694074
1,-3.26822274514705,2.60246603879107,18.9706674128289,10.8444589965958,16.7858888524774
0,-4.94971145722281,12.0108668880523,-34.1534869225324,9.32319436582642,6.99671583235623
1,3.25293376362011,5.78653790337444,-21.7177313173023,10.4015108886135,12.4921579404639
1,16.7606881535709,-17.7428752623938,-6.77926541407981,12.7002482790497,21.5539162423173
0,-8.64555936136054,14.3269226366235,6.89072464331941,11.6140983923502,12.1045198695058
0,1.2656626457456,2.30232058415645,21.6026671806881,10.4083954988752,10.8951548878356
1,-23.0114439664404,1.63798991882429,9.72902087891781,11.7312634347008,17.0352205648917
0,-18.2928815120741,2.57781354371958,-2.81403845472389,11.9729203238428,11.8380620459951
1,9.69911623680049,1.37075799504341,-6.59772652089317,12.0233963836353,19.3432173570806
0,-0.31463072148685,-15.6406933917896,-27.6858941450384,9.46479373086297,10.0766295713081
1,8.53216477445058,7.21005550840924,-11.3636095623101,11.1425900200971,17.7193451164981
0,27.7049681458819,-7.23735113199449,14.9004155836937,11.2517174789124,10.9082893230842
0,20.1348555193818,24.9787545578758,-4.19264952766869,12.8537540414639,13.1035673665677
0,7.73592735948294,-18.3783975298137,6.37787133808102,10.7161499494387,10.7691793960887
0,11.0576946929234,-3.25519809130531,-3.68524543695712,8.67127025149604,6.779249812132
1,-1.87312142169424,-6.36839837560878,-16.1847021483504,13.2043745224049,21.1645039109493
0,7.79085125069099,-12.7872732865575,-12.5735202516713,9.7328962940077,8.32210428440497
1,-0.537282402578405,-7.44503115259363,-7.64954730925338,12.7532596236081,19.1846581015036
0,12.4072916738313,0.182189462464489,-3.45173605516152,10.7987001675137,12.7875037382644
1,-8.15957564331486,-11.3646258462628,-37.6406595263685,12.6032791869895,17.4513482234018
1,-29.2987884912669,-11.6469064435755,28.1073598427645,12.5342943173057,18.2464110526026
1,-2.82959430186654,-5.46296728576706,-10.5140818536004,12.9024967462268,18.6347674017622
0,-2.15034053987496,-0.557351493090588,11.7042809923843,10.497601337263,11.7223517924967
0,4.3357725376688,-8.5349912386129,-26.2779629838654,10.7729766383182,10.9938335657417
0,12.7191591536583,-24.3848285307691,25.098939245438,9.54933244604111,6.15963005217198
1,-27.4748314812987,1.58219313159561,-11.3938332226115,12.6798714654995,19.40793268689
1,15.8808493923754,0.756532735474855,-22.8440004327945,10.4341570244292,19.0291698208721
1,-3.46191204714819,44.2839807282694,42.1604316732396,11.3898842319338,15.6031567668552
0,1.91356248462554,6.67170184368963,-0.349537123512117,8.96157615889415,7.0752036026544
0,5.21103835509753,-51.3003465131923,-5.57646543290679,11.369407479568,12.0930842789246
0,11.2611797505323,15.2648159417249,23.2183327746224,9.77072491080114,11.7193702565412
1,21.2217267027364,0.589380196449804,-42.8280367567069,12.2899748610813,18.6914446126069
0,0.957072422113221,16.4422146549731,-22.6174873620881,9.90056576763813,7.79438376753843
1,-11.0201177716488,3.69656992865367,-18.4434712687847,12.232629028579,19.9375837606993
0,20.2265642583528,2.16207617528066,-5.00402522522145,9.15956846119995,8.90403770808344
1,2.92783667603089,34.5783302061348,-15.5212945081119,13.1800840115564,20.3971655391351
0,5.76360419980842,3.45846893407515,-12.0604923128268,10.7950739234311,11.5423537855012
0,-1.32530665018602,-37.2469433587902,15.7422488540116,8.21282003990908,10.0983636024895
0,2.68460697090867,-34.365546244876,-3.07471547454345,10.3723105644054,11.4010049389772
0,-54.2605817491558,44.5708161665845,-4.33101482679021,12.1150371062075,13.2131203487442
1,18.1145057998635,12.7214413402441,8.89893005750227,12.2008245638116,19.4892487445329
1,-5.46448723654216,14.4481503351233,44.7784373560548,12.3806841350444,22.3967044202637
1,20.5152329319886,27.6854731184278,8.73248444442107,12.5675185006931,21.4395824759176
1,-23.6545806965176,31.1505143092835,-24.5985999444583,14.1792986007017,23.2913528336208
0,7.6025915283532,11.3326280000124,-4.26839069200591,10.5949769086367,8.65253897822683
1,-38.1753145426204,17.2723783679302,10.0921769472173,14.1980227177383,17.874264988338
0,0.533483830620975,6.51624242556489,19.8086160871043,10.0414015795794,9.53798748394235
1,-7.57987829197411,-8.77659831618885,29.9690484025106,11.8949724494619,18.976631302459
1,2.07970673068927,7.64159511456868,25.2169278672934,13.0694543961464,20.8704859530391
1,1.68839210934828,11.1725658917082,0.0225250765464794,11.3040309451972,20.8318411283488
1,-16.2821574720681,-4.47005464252346,-19.0167277981044,13.7689818885148,21.9357695602934
1,-6.77689135456578,-10.4879107185896,-17.4494075402311,10.8829389962147,15.5810444749907
1,-14.5495603246605,-0.232084316447443,-43.7639355082861,11.6842886493633,19.071629819397
1,-3.38295688185168,-16.6790625432085,29.9699251737061,12.7855588288778,20.9122552594725
1,-5.92561547686175,5.8437705883103,1.31823927547851,12.9350661468238,20.370626289143
1,-28.5807999098671,2.43736785824141,6.00968521577058,14.4097387169757,22.1549638824603
0,-3.03186042224956,-2.60857207408356,12.7949634145284,11.8858073963518,9.98645700929675
1,63.5936198272128,21.4941650607235,-29.3694482702434,11.9652047716767,19.4979883272475
0,33.2444644860518,4.32864414857078,-18.5582210509881,10.8735861589618,13.5172635097667
1,7.14665327298935,23.0215758631022,7.08941233601408,14.9920443256207,21.5542894153664
1,-3.05909281953263,-11.3889648838708,-29.3762120177885,12.6559960122617,18.3736877329694
1,12.7744322281387,3.66721361244508,62.0886730521123,12.398218231118,16.3602949054827
0,5.78252336857035,-7.04007836634656,17.2547850719171,11.7489566579501,12.2118420387796
1,9.36711677699842,0.637023441695196,-44.4497661090607,10.6960413717228,16.7028878005303
1,-15.260936078026,-20.141470532872,5.89209729737843,11.5523443503523,19.6319884378333
1,19.0704886088666,3.65402230291989,56.852374171774,10.8848753778323,16.5315708815312
1,-4.90314868933607,3.69523231052388,16.6434728047502,13.5323080490756,22.299003168801
1,5.44294544379846,-6.75493995448596,-40.2452853445354,9.88961105394408,16.3409475980691
0,-0.578091754607903,4.89360002432111,41.3308341344098,10.4617891079565,12.3504040529686
0,-8.64658681275788,1.15041001867834,-14.6825490416794,10.763845037043,9.73170571783682
0,4.04930032506989,-7.41499365336033,-1.66823486204739,11.7407107618363,10.3950713482082
0,3.79254890048342,3.83417408329828,-2.71891597598988,11.6917438395471,11.0242832052308
1,19.9488778786106,-3.31329747158346,-28.8637501114638,12.0131512352966,15.5635893321104
1,0.399661509689187,25.37960386885,34.8743184048795,13.3399831109437,22.6167289552362
1,-12.2446281139862,-17.5476816605684,-17.7237794036786,12.629567009761,18.041877972614
1,-1.47208633106719,-2.93355627110452,3.48584234238342,11.9334996683306,18.2765010832329
1,8.02848082448493,-3.65796372191326,-41.2852797749272,11.9470424490737,17.7411762244214
1,-6.25496250480222,-24.2326530316961,-5.22095737609842,12.6731471509768,20.4499896831664
1,14.8142092771694,2.16571559003036,1.88771789790646,11.4949685693436,18.3525799695947
1,-2.22713417031447,45.8229260641764,22.0097613070717,11.3364867559102,18.499499768524
0,12.8546644138516,-6.45094099864355,11.8851488621218,10.6046240715374,13.2293445354609
1,-1.00098233985738,-0.00515039972855714,-7.86150279515531,14.111858373726,21.859023767765
0,3.44756675615497,-9.80083461568648,-41.0530632727976,9.39044215025304,9.94749819914503
0,5.60471561291343,-14.4109952080846,51.0320578478639,9.22579495319891,9.21999146674072
1,4.80824038880059,4.18665995979281,-13.0533665602425,11.4541779874699,17.8553338496004
0,-11.2985462957595,8.44872244108768,18.2363331388357,11.9205065347436,14.8663719348204
1,-5.61674690856819,1.15649203298624,-23.6810516456113,9.84501113052579,14.0708511542232
1,8.34346189643626,1.96037883779894,-18.7982324424652,11.0915195881641,18.8169349665261
0,-4.23927938482407,-3.34162851135329,1.99377424111686,11.6938834462276,10.9135729855846
0,-25.5521734338266,-13.3746783931302,-15.1966222579311,11.9433304492066,10.5391653503547
0,-2.95358603014995,-3.78455959321876,-0.306934646823529,11.4030675400443,9.36137297101
1,1.06940905539695,-19.4980221031001,-16.2730500937471,11.8069821814448,17.6345633410054
1,3.55231770571017,1.34544161676145,6.18347416653151,10.6895935447055,16.8324856082197
0,2.3119064200359,6.05507432483531,8.90330509710573,10.3112548163583,9.39246166284731
0,-13.4608332690909,-1.85507071650109,-17.561885995786,11.9466283124003,10.7736510151404
0,-6.52719540360651,-18.1119778480182,-7.10225307702058,10.8126697308559,17.2695539484757
1,16.8194252696045,-1.75764971520237,39.2329516831571,12.3511916051661,19.4384489659496
1,20.8739109814154,9.53302590575772,-29.4182335379081,12.5155396034423,18.9990346943503
1,4.14144578944583,4.25811409906037,-9.79403419783317,12.9095128286661,15.2765133740566
1,13.2739831342237,-3.43502364709338,-30.6336746618751,11.8523306076232,21.5771908124745
1,16.113152283204,-5.73648287537369,2.44160678370097,11.7921985435948,18.2343630323505
0,-6.09809049457645,-23.535447105221,9.47608931705309,10.2979820729846,11.3227976590866
0,-2.95954569543825,-11.1998064714916,17.5379316386944,10.7630153893222,11.2405444858835
0,-10.2390298342115,-17.9789560355941,0.487331108405771,10.4994384129437,10.4153060054923
1,7.46728570250355,-14.0433748462367,5.93985169639462,14.0674132245669,22.3827666182202
1,9.22948374076083,5.37769642569315,5.91027775436067,11.8383255780771,21.8571093966598
1,-46.9457049136641,4.51899647255105,8.9418638273875,12.267357335242,18.1871267519379
0,-18.6587905747629,2.81693998347436,2.93930614223591,8.06227282616182,6.85704921886833
0,3.09014463601862,12.7864233729804,2.9704528980884,10.0407047339429,10.9765039897833
1,-7.12569356520479,8.79979261220322,17.3327749394728,10.9766312537518,16.5359355417266
0,-2.71217778246692,-7.41491080763963,-5.79061734413584,9.5794659674557,8.23241652782447
1,-6.52769956056932,0.301947046884824,6.40138341588763,14.0808831628577,22.3501897209268
1,-12.9957089332423,68.9300608795485,-3.03222594202638,13.3229382557706,22.269515915613
0,-8.0102726717781,-3.58607377314174,13.1284361727349,8.9238331587368,11.1757522553731
1,5.97418653053459,-7.94989912042199,-1.92740827650605,12.3720984195075,19.0722294461995
1,6.46287009317726,-8.39901172925359,12.0682951680385,12.0718030371911,18.6256903192378
0,-1.50929600797344,14.1682915421219,-9.91264934439292,11.0165449346084,12.5455311024633
0,6.02552010655378,0.995541468718138,35.0794536879526,11.4945265496033,11.432590712178
0,8.10307762647992,15.2096457037546,-13.6904330481177,9.67070203798325,10.5252628215921
1,-10.1356698336788,-45.8088993972093,-5.90697026984361,11.434091690383,16.6900756540504
1,-24.569628162788,-0.794191798651921,22.8327121860909,12.1687574028129,20.3783834429706
1,7.65524039824903,-1.14588326979504,18.8944514996281,12.820745556834,23.7905351920446
1,-4.77289140360898,10.6544955198115,-10.8015591210818,11.0528657986498,16.1652334378154
0,-7.38226979419917,12.8656359719764,23.2657609015268,10.5054504728939,8.00469776618271
1,-4.53448956197241,4.30294347385848,-9.60419495095235,13.1182399154098,20.9738672689356
0,-1.97539427932112,6.11739288111776,27.3578590276286,11.2506478229939,13.1529611696792
1,-10.7456869089285,-4.63726892870347,-19.7982444923834,10.0851385435021,16.4776528822967
0,9.56726500124779,-38.7343035663783,39.4807851376818,10.8429370029386,9.33856854312456
0,18.1238617437193,-10.719689521072,11.943717134312,9.70787022374164,8.00114467206063
1,-10.2179235300749,-39.6443395429369,-11.5559411026485,15.6060374672044,22.2635416995507
1,4.19296106519607,-34.9071322007369,-21.7341635565501,12.2341440896103,19.2414758497524
0,-0.79517901052763,-11.072887540866,5.52445139244448,9.48569017392231,11.8739562485968
1,22.3632164826386,-7.78582049704815,-0.110218065156374,15.0203570432927,23.7779901382909
0,-11.2750101204403,2.30339684302651,3.61771431085125,9.05041430025207,9.24728686459795
0,-1.513954075952,-10.6210205798962,29.1595662238828,11.843227098174,11.3413544468682
0,4.16304598441678,-48.7120995841093,-9.94026627423303,10.1558140223518,7.03947338787546
1,-2.65585806989209,-1.35055560917867,-16.4472373382546,13.8050826203623,20.6524486541105
1,2.14474870350165,-0.0169032375444535,-9.59285309398796,11.2067864903136,19.517187092093
0,0.408543622374718,16.4655594680349,13.0942507531646,10.4281781237055,12.843722013257
0,-5.48249343435649,-0.0870569852168404,-2.00173297337661,8.83840642608034,8.98302649410528
0,-20.8270368025006,-6.30297977760288,-31.1920305190416,11.4975029418261,10.8448508952712
1,-0.583190389654918,-6.42637742230547,2.98355421333276,13.5426498632213,19.7421969065518
1,-4.70947794756108,-19.9849956141618,-10.7489651150544,11.9521438272731,18.8119676342868
0,-9.40953053400913,11.5978189778045,2.13957722858686,11.3606860771921,12.6209494589204
1,1.1439644022235,-10.1351991725895,-1.36700869456023,12.4424145198421,20.9310780409851
0,-2.2515626128515,34.7018283671172,0.0842012858983533,10.810350824178,10.6903182432627
1,4.07645892628015,2.06938002417503,7.84387781149164,11.4605264341642,18.7426637482046
1,14.0357464417016,7.83860744292702,-16.7596583607233,13.1488613433819,23.0547354466225
1,-9.67719084701581,28.0220041182137,-10.769737077947,12.0307347374104,20.417694491852
0,-5.80553791712595,40.8526292154642,-13.3490962698121,10.019194568098,9.31164337859193
1,13.4847981235084,-31.8229936948281,5.70318435818153,15.2455262782435,23.8967976904517
1,-2.63054038159247,-30.6899636351573,5.5679700378467,13.4795834359958,21.9273353257154
1,14.7700438471544,-31.0048418505569,-1.95822239996352,14.0512513356718,21.5304233825094
1,13.5732526482472,11.1807437515696,9.35190947217983,12.0135273705628,21.0293796563132
0,-13.2552147436934,-2.52881266506857,8.33023092858141,9.90186978671543,9.5761751955915
1,50.0694064410707,-26.612352982089,31.6993432433014,13.09843645832,19.4015157221725
0,12.8215825407782,-24.0467694437179,5.99179025701568,8.62118041557784,8.74406237520247
0,39.939856675394,9.84468735219017,-27.135283828649,10.6913991876628,10.7932286703148
0,0.0152289416709667,12.5246528026621,7.16359597671101,13.2757177022876,11.883249245362
1,62.2966047395814,-10.51273780391,-77.0705909902678,14.1944881655873,22.4899778923444
1,9.00176782265211,-13.7168190649102,-8.91930037713394,14.5793795860648,25.4989472139553
1,15.5177976224537,9.00748840164434,9.66473152621178,13.9981780241073,19.5184546761138
0,7.4291543555042,-5.52008364838267,5.40867612753244,11.0113470348223,11.3314937489485
1,3.31092721069672,17.2518365328563,5.36537632532971,13.5117783068235,19.3748845544439
1,-10.8611889157968,17.0999154745064,18.2070080676358,12.6576647650359,20.2687470657772
0,-5.41205987647262,-33.648770055166,6.99467388637734,8.90521033055344,8.34422017719393
1,-6.17569761680359,-17.9156574432302,-11.4124877920694,12.718305863106,21.841318156756
0,6.19199228979309,21.275881646282,33.8132513818446,11.0027093174445,9.30030369413827
1,-22.1386827918306,-7.25381437607474,12.3317343806544,12.4912531948928,19.380359533113
0,4.23578377898202,-4.23477398326542,12.1390998912238,8.92717470394183,8.00419933266579
1,14.7226671941488,-23.3064021929282,9.45380242016391,13.200095651413,18.9697745867878
1,-19.9976681934393,-10.4693449457664,6.07338761242969,13.4542879275012,23.3472749079762
0,-2.22207086082897,-10.6329320047798,-15.2936759608116,8.76724722873046,9.69176721518231
1,-10.8178247716447,7.11264894496458,41.0080048415548,11.0592475208767,19.7028274996507
0,-16.1519368153919,-25.2172531663423,32.7840845968864,9.87151577163747,8.23455792362424
1,21.2351080332575,-22.4519759893392,27.0637203465611,14.4188506173473,22.6331377013584
1,14.695784410083,43.093637721865,-16.9275222282639,13.0536631302868,22.4420072095064
1,12.4858048944793,4.82949860229292,-7.2174502057447,11.8378044436904,18.0029902100713
1,-10.4430745701195,5.52100478689836,38.0575703441616,12.8488717798985,19.3291471249388
0,8.20571560437251,21.9927786420913,40.4890056924407,10.4012343451849,11.0562667902627
1,-0.871078091754925,-5.67471340427701,-6.1652702091216,10.6662286533356,18.6507175657667
1,-0.365075951490521,27.535730462388,37.0899665147383,11.7240072759091,20.286443396155
1,0.420952221707704,-9.42239729833455,-13.252234391266,11.2850887100814,17.3176874377805
0,5.6298202684917,1.64616286519589,11.7670364625884,11.6400180363913,10.7573261556821
1,15.7380694181398,-20.2334708678617,1.27414922231581,12.6410239169322,19.8810559649346
0,5.0826223724073,-13.521465280678,37.945377246985,9.95616080493943,8.3689261580294
1,48.1061040421085,19.5977273742883,-4.43096637073926,12.4836407844738,19.8938485253916
0,26.6755865472009,0.83654945403565,4.02607943331989,9.95334569905809,9.91232837662231
1,-37.7562888044066,-10.9514103437596,-17.1235150409888,13.3992945533337,21.8907275026704
1,12.0404187468597,2.31808539833938,-25.2786963626284,15.0957866277245,23.7854612164271
0,12.6619910315325,8.29450550788161,-0.27056050834879,9.58752900294885,12.6440795055056
1,-17.7935865177043,-9.21828580145822,24.7425721890035,11.6413169951086,18.1074688645039
0,-38.0970103156784,-11.2561618965981,19.5442714099706,10.7505299969873,10.3013803495807
1,0.166456495630834,-4.78755779873561,0.872991282061764,13.4672213778732,16.5750761930301
0,2.96246683630503,-2.87136798434265,7.89888943141724,9.0771733562382,9.33646397973874
0,2.00324983825179,6.64432676611436,47.6397837843437,9.69908495216388,7.14085254296807
0,15.6569103391384,13.4318340502658,16.822516207898,9.63797345656195,9.78700328868908
0,-32.9709869097595,-6.60822587905103,12.3865308754663,11.5328718605532,12.0090071805138
1,3.39182775371689,4.36222395563707,11.3979766388697,12.2420463353907,19.5094321234377
0,12.2827979444824,2.7346352239849,-17.0766881297913,9.77434953003822,9.35180114521703
1,30.018314598407,-27.3797976654719,7.90732430185521,14.5375484818395,23.5013386230791
0,-6.36449384868991,-1.93686917978943,-24.1120346944387,11.4891460892438,9.40505642231267
1,3.70294898432523,-4.44164398357979,26.6543299238797,13.7218179454302,21.179671733707
1,-33.8834484354594,-10.4815644954931,48.4860699645341,13.3456832736129,22.0405683046602
1,7.83072016601847,10.8474382031025,-3.41861329874016,12.1566843904862,17.9051381378577
1,-3.95697017829582,0.295703744517417,30.2029993187405,12.3701052131209,19.0091115567524
1,-39.721577633746,-5.75558454771856,36.7805083658799,16.4147695415377,28.8970808563437
0,11.973482292177,15.5368315999737,0.157947580473886,10.3131454298909,11.0458650083517
0,-11.0596059369651,1.44182436564315,1.67625509313895,11.8303852082903,11.2267407492603
0,3.08231324542489,0.807829304277906,-3.84124337060631,7.503523094262,8.5330795994661
0,6.03617390330127,2.01184333949741,-46.3245046574015,9.10055975108765,8.51106678451306
1,-20.500787073404,6.51993203768561,2.1858789071846,13.3339274106082,22.15219884728
0,22.8331042432537,-12.101920213057,-22.0238289318505,10.9455114694574,11.3273446743586
1,-4.50942622875114,-12.0487092714124,4.82847299634125,12.4985850036096,21.391609649895
0,35.3801283333043,15.4817908954716,-0.41960748183784,10.2029171386493,9.47452942290309
1,33.3853203088536,5.10282397397767,-18.4086402785679,12.2011001349049,19.7675843487072
1,41.7766517847183,32.7564206953259,-17.8736503670103,13.9772979899573,21.1534233620021
0,4.43024209128146,-3.0951907902221,-2.17575427650314,11.4070911841243,9.79602553171683
1,0.541735754927819,-1.09295178657178,-3.57894208523624,10.9186531904988,15.5935443295655
1,7.38984766576994,7.95402649374252,-4.4165165828782,11.6652847529154,16.5853603670292
1,2.63381087358413,-6.31782051518551,37.8170182758925,12.9543071169869,19.856083703446
0,8.28052535387558,-6.52936774718604,4.89652577207632,9.4365067947797,9.16543456308184
1,-13.2329371716672,-15.9441858488433,-2.32074850072552,14.5164631031118,24.4053051647376
0,44.2017720196296,-29.4126180498046,9.19594171026345,12.8096733736029,13.1291013769394
1,5.90937476261692,-2.02824167411076,-34.6961217036608,11.7110250602077,21.4008009358447
1,44.3936331813708,3.83029223014599,-2.48852306154538,11.6581244619285,20.5930648864028
1,-2.79463898957412,-3.17353277099028,-9.60547261148846,13.356019693374,23.2406830669996
1,-16.0398268162954,-8.50655435758826,-10.3898048566797,10.9292638656884,14.355016877449
1,7.77089909876467,-39.2597033082327,14.3741665569896,13.7677427881067,21.4129858369102
0,-8.88932846229183,-8.45346470828887,-0.788956770558688,9.56537348046918,11.1699335887453
0,-14.3913315815045,1.07137330830418,-22.2007550443915,11.4434845453454,13.233261537712
0,-1.32811357551868,-5.51404003473007,3.33093388191434,9.59533648703411,9.02816296674511
1,-6.55036147143499,-1.3269636434143,8.24992098783553,12.34252247915,17.3534966079651
0,-0.107411210663309,-11.7714788267719,-18.4463518390762,9.4125180404861,9.78368922775658
1,-0.140792622016591,-10.3152892494213,-3.30785960985831,12.5798586945357,21.1920241573401
1,-0.0119705556396186,-3.36527578140013,-11.1781496451758,11.4235788129494,18.0969965190842
1,9.29738977586993,0.72001825616672,1.78425279999918,11.3407895330511,18.8304307657393
0,-12.1035522143614,-35.8297376657259,-5.03402964898664,10.8525420106827,8.08420977238276
1,-3.84132266366041,5.00113932456634,34.8216008550162,13.1185980169975,21.0470115741928
1,-13.4610772861859,7.05059657333525,6.12121093527457,12.8812843543643,18.0851940290811
0,-3.55363236925403,-2.75465946210306,-4.99936610055488,9.32135360545361,8.28925668535942
1,3.93213527072481,29.5503398859258,-3.65228662388457,11.8307897799849,19.9745252544676
0,14.6659816427291,8.93642175422917,0.957857755839405,9.15157793044823,8.33879953839218
0,4.20210744495874,-12.5861581702706,3.62711042186456,8.92916909408605,9.0230029679797
0,-12.6553555777077,5.90719481581626,10.0202838951354,11.735427299185,10.2947155537195
0,-11.0359743853121,-1.98654524792716,0.314520106285065,11.4097064009894,10.9772837981467
0,11.2848829089367,-32.9876804976836,-8.61934842574745,13.2408745375701,14.4578480271349
0,-2.44249923457226,6.29820683623067,1.81457298354184,11.5830081733292,10.9693064889529
1,4.39487711460704,31.0999277014585,7.21852347648306,13.4553013603306,17.1115149517988
1,-8.77691478213771,-5.47036122015424,7.85366648165557,12.3661630102535,19.1513144620979
1,-19.5716800211591,-26.7098212310677,67.351551869374,12.4405953073779,19.0778021802226
1,-4.10880597002044,7.6263982408384,-8.30332107165713,10.5983732456651,16.0127458879268
1,14.9197830456808,-17.8407799202674,11.6779982127684,13.6614585722753,21.1308920119188
0,6.99116081752237,-1.45216117140056,-7.54419375695295,11.494700499719,14.0571903129153
0,-15.2127417421516,-1.64413900137172,-0.521100703048401,9.72013596126067,9.18701787947406
1,-5.99894085484651,-32.7552736436888,40.5963078757722,10.74224239693,14.7163511179732
0,-2.30798762930821,5.7675161782164,28.2916046012858,10.77925678988,13.021729944124
0,-0.79164725943257,13.2582695948363,58.9049199957602,7.47256123105079,7.25730528089406
0,6.06011140227129,50.698121279096,15.5670264743292,10.9680192204246,8.94268005273934
1,22.8492586178572,9.47955243650395,2.92565733817176,12.8236636312344,21.7117575405817
1,7.99213935181314,-4.51064352088672,31.900985159948,12.7801263667507,18.8187876718816
1,-0.227190841018011,13.3839317136521,-5.98235535737786,14.169266600996,20.3618700471553
1,-14.1060146252169,17.8811825172708,24.4803590833169,13.3546864306218,22.6587795803959
0,-1.00340229003953,27.8775408838547,18.9172568217637,12.5371988551071,14.4885806802296
0,-2.65528338934326,-2.70871474638972,37.1690566329968,9.47030622075223,12.0163544223875
0,2.30388927666478,34.9136952768758,-19.337193563936,10.4212589090881,9.20952676238215
1,-7.49864518431346,-7.64144030225714,2.24959154357236,13.7297392802831,20.170395192151
1,-18.2564430786599,-6.54547840054037,4.01121628787743,12.44666043803,17.9374371539723
0,10.9177904751457,-4.79339899143269,-13.1118833541094,10.3766203521368,12.6145334898135
0,-12.1687404965191,29.1094862907606,18.4863654661319,9.98214879435949,9.42799163840854
1,-5.11924144525693,12.1808598699717,-34.5520092182274,13.7688527891858,18.3148616961186
1,-7.04482904139372,11.8316679745242,3.15361450001496,10.1634621111495,17.9778871058746
1,18.8178589718203,18.8652608998357,-2.71689847874331,11.9649698840203,21.3540757811149
0,-7.47700319001803,-7.93518846479341,2.37458811041191,12.1598013794766,11.8439141298283
0,-10.0155948213985,-5.26054745557269,45.2857971259719,9.4958358399114,9.73909693469081
0,-3.77641790191194,0.372155799174147,-3.58300122881048,9.97413738546398,9.4290754450032
1,1.70691893343189,-0.328791914720028,-29.8909929571087,11.5375430607298,16.4194591088731
0,-39.6840861541319,0.645436453527195,-0.451078370224411,11.0429008059591,12.1124107511035
0,14.1061197199418,-1.83051952109516,1.97084115259161,8.25666070574952,9.72776153506455
0,-29.6319581793687,-18.3121228371378,-5.74062054853404,9.97429156426638,9.33694618209825
0,-14.2474510493666,-0.809392169923663,12.1770675599559,8.04146761324174,10.2643213834659
0,17.9962880903149,8.75177453509995,-13.9835904279109,9.77016350472858,9.62725267465201
1,2.33891251523685,-0.283733948574226,14.195798573014,12.8522397038863,22.4246993358351
0,-12.7305399223879,-13.4610771044589,-5.28388241784614,9.94105360307602,9.79814366733282
1,-1.03902726651167,-3.40676357836758,33.9303832929719,11.8907237914353,18.5404718965704
1,79.3998892687234,25.3049571649726,-3.37039467935437,13.2927618817233,19.7506503733998
0,7.48939478592655,20.3817477541852,-6.75955111268768,9.12029343556771,9.77913761444819
0,5.01070402671114,3.06858320582739,1.38457323225108,10.6889489175066,9.14497274637265
0,9.22812145037812,-3.72014554243403,9.81872684887436,9.85113089958706,11.895231480046
1,-5.37104242852229,87.3241300048266,24.7285785126891,12.8354815002318,17.9973734006332
1,-5.46754596737867,-7.97389897437734,19.3195634622469,13.1947927625303,25.5014898549834
0,-0.939591094991447,-2.49703065535175,-6.06658100938176,11.8949398372413,9.87495446747382
0,0.528097990125552,-32.5674393545885,44.1828712522658,9.30117425742332,10.8585455344557
1,6.03370815711703,-8.84120708690905,-5.44467960318164,11.5397931947517,17.6005511615121
0,2.19734658452952,-15.1686950214534,3.15408999079588,10.9715739635798,11.0875569553671
0,7.60547054327969,27.2390383283572,-5.16342135508151,10.1004336851703,11.5131707617556
1,0.257394452658679,1.79130043597061,-15.7100685899459,12.1979899449472,20.8505581631428
1,4.8453136026335,0.00332203452899726,-6.06924561159277,12.8270060082811,20.2649038453336
1,-12.0452938692273,2.12568941119597,8.0567794423117,12.0639105899795,17.8924390252301
0,20.4434620797514,-2.79584160964765,-19.6928777120182,8.89982761638485,7.26703201286533
1,-3.68857648881908,9.00847396741823,-26.6122842197425,11.7586068489842,17.9233493021705
1,0.223040860746661,43.5935622125302,2.03065769207079,13.5955578453701,19.6815786581867
0,14.7123748646096,-2.67704489609957,-10.1525883990896,9.48095809316547,8.51061003096
0,5.57248816493556,-21.8003052582004,2.12439501451978,10.3907202457822,8.79345246456854
1,-13.1857235773801,35.9018888445089,-3.71226892456677,12.7877914894691,18.9663529164359
0,-3.94219931358577,-23.2872485691982,0.971281385963714,10.665455510566,12.8387200262474
1,8.23493114557568,2.35580531727752,-5.04017232035651,12.0662365345304,16.912277549471
1,-5.58850759986124,-33.5767562189896,-5.61632422153136,12.8814270042447,18.0460114997009
0,-2.77511297850039,3.85291079629367,25.7748306638754,8.13910157458069,6.08634816880548
0,27.1295905901849,-15.6944530746078,-2.80631776901518,11.7313416306027,13.3791374081408
0,-2.31232310695152,3.04383295758681,8.31964091310481,10.6862653809747,11.2566893075116
1,8.68046913340156,-3.82360805691091,8.03710486052834,13.3458600185414,22.8111621760421
0,-1.81152558995467,-6.14659396338144,19.6660660684906,11.1778657462654,11.5267158302587
1,-17.6728355858794,2.12794198282809,48.3856053219146,12.2858124600729,19.7266940200243
0,10.8814870766499,2.53526497148618,12.1324180893026,10.119050114648,11.3021974471142
0,7.94643705992467,-5.85311670551301,5.72491470808762,8.11829506553356,8.93229783263081
1,-14.9100991909718,-1.5762215634461,-5.64272510879912,14.0378929264279,23.2191116577646
1,34.3702889650831,-11.347582013928,23.7442441369944,13.4443643562615,21.2669258619451
1,-18.3494454146302,-22.7516114261346,0.284210470046439,13.2358816132027,18.0626676260492
0,-6.03524451553023,2.16391553984307,39.9830329989981,10.0885575865204,13.2970044601721
0,14.3568958929621,-10.5810198936114,-4.96377902337194,10.9335860674411,13.0498847928676
1,7.74998360425351,1.90822131081428,37.3138773166774,10.9660983728054,18.2488742853962
0,16.2571274130297,2.75379154387565,7.92360325390539,9.34846796815428,10.986325836971
0,-4.47530619329739,-62.0131651372606,18.5983190429018,10.8033147885895,11.5717209950144
0,-4.04397645023903,5.93296487034537,-4.3103518712426,10.8653899816151,10.371270186257
0,-1.49639220132525,20.2862970953162,4.49297465157786,8.79313422827629,9.51643012035558
1,3.81938268761369,-35.2606697494059,-19.889417646826,13.5003578462098,20.8982175048853
0,-6.95180554546918,28.3616681738458,-3.23068223082379,10.6090903517829,9.91199260163214
1,7.74624841936398,9.39896597578549,18.8982133927844,12.871052124139,18.7290556315969
0,5.08530214618056,-2.74477133978631,33.1271779320168,9.38113817187916,10.7417733305401
1,0.915290702128398,-24.6570960391879,1.05264983357009,11.8408149900286,17.5864783168568
0,1.10335717193798,-5.18332108400971,-22.7686413867774,10.0840677348304,11.7133718915546
1,-45.4584137718717,2.72608509173833,-2.65876583615913,13.3627215172521,20.9828251129403
0,18.7684323836151,16.7611439567506,9.37771051774237,10.869710675957,12.2683005389506
1,-37.6964708128415,16.4184200537938,-27.5458597036999,14.339922880769,22.1937892172964
0,-28.2103030456291,-25.6048496857995,-43.5045945495517,10.4867083893895,11.0357786630288
1,-9.46281359892664,-33.5486311255234,3.45842747304836,12.848856917538,21.2767590400966
1,10.3144569362435,-6.77836104157518,21.9973188792962,13.7499620162484,18.7825873823866
0,-0.496131391281928,-6.20537695656124,-0.948194781684565,9.31401394769536,10.3462803923671
1,-14.9505604418558,0.979984627970544,-5.12873526572388,12.309880864429,18.6008555431714
1,12.2384207857058,-9.48008466560513,-10.5127059231882,11.083870744543,17.4916521469371
0,1.14397988283667,-19.4904313714151,-12.5243800254499,9.77141957806273,9.81747277248804
0,0.667103182374453,-38.0741105976222,9.20548607204327,10.0023015326293,7.97597698119508
0,-20.6259517299976,-8.95695136835587,7.31782741191748,8.81044025457221,9.38237731497396
1,-5.00633725521447,-0.907660292271538,11.6530696431988,12.1207642810582,21.0625824232507
0,5.18687583963898,10.7459050093428,4.60241491605166,8.96643082979227,7.36173521319081
0,-5.99489219821057,-32.0811599269101,29.1725962508334,9.80791070379052,10.782014506115
1,6.09759645183785,-0.126135880027658,11.2770583147094,11.3631806252765,18.1376320562651
0,2.06520461996443,8.80438772789807,-13.0949708701855,10.4214928505053,9.68952036718153
1,-13.7438319608751,-5.4762490632091,13.47208020774,11.6006580599582,18.8010002457158
1,8.67143206183623,22.3734097972287,0.583135992120445,14.1223711603537,26.4608491411878
1,-20.2811470345433,-56.3046570686732,24.4607056170502,10.7432298870088,15.6487051381113
0,-3.03137690138003,-2.3084978470343,20.1775011763575,10.0783957470115,8.73203836272833
1,30.9742587568633,-11.8647676633101,-24.5496086693877,13.5665254216231,22.0541152284812
0,11.7944279783474,-2.72189853196925,-8.08363220932877,10.1592066244987,9.05811777050252
1,5.88223473313733,12.9952145978983,3.71598879765658,12.9260721084978,20.7128579555685
1,8.6010269079623,-39.1942769397001,-7.83680038278536,13.6580595586732,19.5841661899464
0,-5.29901665771018,1.94379198196392,-18.1843140287915,8.48768461695242,9.11126056964586
1,-30.5623919158988,-24.7335444893312,-17.5102933399505,10.6387814826725,16.7220294171048
0,-5.26311089379699,-14.2699460684764,-4.44419692385064,11.052807269084,11.9993539914364
1,8.46625001229202,-2.53182946205116,28.8300094025612,12.7204600634844,19.1814210394643
0,9.02769194452965,-10.7153586832283,-31.7395796396675,11.0820694041311,9.68313539207992
0,-22.217254770855,8.35511194981141,-16.1959759917462,9.99619065633743,10.03549606949
0,-1.2198134463879,-5.80087756297347,13.0800288089988,9.67927760981385,9.92355250741438
0,17.0075087477134,16.2513568594763,-63.4392718293283,12.6897951482528,14.29968371968
1,-7.31056028141036,12.0016341185747,9.46359004412618,11.6206273920282,20.7195627051028
0,-1.50957115540644,-3.1538685243799,30.7600132669963,10.0629364707421,12.3894968727976
0,-6.06668645716933,2.97309105041423,1.66220080018517,10.0471656485469,11.0323872230846
0,-3.03107148185373,-3.6084883541518,-30.7285855676376,8.36067277079392,7.87248720603864
0,-7.96073888491518,-6.77742419056426,6.07328758880498,11.4947442663791,10.5645113430355
0,12.2467375846828,6.15076808249452,-1.31453998305947,9.54425488629159,10.1572387812151
0,-1.03325284271647,7.24019486678542,-23.6493909206956,10.1208234117586,7.65447724447471
1,6.9726781572268,-8.96998224383562,-14.9861496434758,13.8691368039297,20.7119986168948
1,-10.2694633575443,10.2191402627723,55.273676355236,14.408441061346,22.1637546073691
0,9.01325801798532,2.43375786015178,13.1420578022399,10.237306112881,10.585603120967
0,14.1741879440214,1.05604718138412,2.72830341424348,10.1584105428872,9.83419646242209
0,15.5341177782183,1.89923727496096,1.30960539351026,9.84592641515516,10.4575924165488
1,-29.0225468659503,35.2152327068723,-30.2360422320293,14.6430649478764,23.5908121413026
1,11.4560530914446,-4.78969549276435,-19.8251078455026,13.3137295894936,18.8626430028808
0,-17.1277205845162,-38.5730671972987,-40.3182691586553,11.1563628251784,9.77036483292632
0,-7.74789974621164,10.9104032365091,8.37656896990954,9.30453734815784,8.36883958529061
0,-13.0292201170113,27.787787815853,-5.32994064232776,9.42216864376394,13.2703796868167
1,10.3819521136388,-8.13766515335457,7.79432220251139,12.398651930629,18.5780741902499
1,-0.773811515495392,-3.11822620910416,8.98928606862127,10.9598268478437,19.0951026296462
1,-12.0514682416189,2.84207101320321,15.2709694626843,12.6450843126864,18.5289985058541
1,1.27870490691474,-31.4441350122651,-10.8251964548912,14.0352749180161,21.9647172969252
0,6.5741890003078,-14.5378659201526,-8.40372648880425,10.4592131631818,11.4138290321153
0,-11.6780838316886,7.31497553889514,-13.3411260299605,9.18007148449304,10.1400719988642
0,26.044896938416,36.5904324398751,2.61454271171652,13.1868773389275,12.136455889072
0,-11.0106086196441,18.6315831093369,-2.19651103377524,9.93458433537574,10.2232947063432
0,-8.11388490782368,-18.0000316210589,6.18426575064193,9.48899768296137,11.8154729660221
0,16.3679896486395,-11.8246689511494,-10.3682965009591,10.0606162934551,12.7640957976559
0,5.34791161823213,-0.564125291050468,36.2509890765962,11.1316451375876,11.6113852024303
0,2.59922113187025,9.28089866953177,5.03939696920299,8.74655348744274,9.81435467510079
0,-2.79542909763458,6.03675883370267,8.94519525209308,9.34052802515938,9.20910491567897
0,6.58968731371621,9.31309645746391,-3.72480947616673,8.85696136086834,10.9107487121608
0,9.18330483992636,-22.3636568797142,13.7319440183998,11.4414726807748,13.8819500945427
1,-9.79139690720338,-9.08465741779274,-4.61225345264477,10.9342943187122,21.6724409814559
0,11.0937063834897,40.7023304170411,10.8199739658922,12.3948110810316,11.9328137411694
0,10.4679066825882,29.7831160188929,-12.3868904369717,10.7637573664344,11.4725605484503
0,-9.72308487251068,11.016154404015,-7.26333781231979,9.08012686027123,6.84422367825141
0,2.43039487403289,-7.72731811146934,-31.9749847394287,10.4110615842564,10.1204667773908
0,-7.20011199997079,-34.6805314479287,35.7426308819547,8.88714375550756,9.83140436815153
0,-3.40653130017729,0.457413838553292,-8.36272757721846,9.75233689536532,9.6618893129049
0,-3.55608722062244,-5.91169278845853,-15.3994346594668,10.5568365234156,11.2847889187879
1,57.1544170976564,7.92305469676429,14.9736928017955,12.5584814367078,19.2464689820863
0,10.8355847562928,-13.1592366913851,9.71391507763382,11.2391161360257,11.362972017129
0,2.0012914147897,-4.66786238877181,13.5236552787509,10.1336853848671,10.5494072587421
1,-4.0728529198156,-9.74526689522629,17.3120816210393,13.6344888445199,21.1724339580123
1,7.59734821368923,-37.207323418162,3.92224444133904,13.4136774132102,20.2367108464382
1,-5.32658015512151,-26.4723629336001,24.255187063854,12.3157739617151,15.1636574012215
1,-0.525934824667948,-7.93327032429381,5.65800192260252,10.2000135447253,16.2877369463797
1,26.1429842815479,46.5625640179729,-6.91012026301903,15.8892261773445,24.4426948269015
1,14.9255329162765,-2.4497107992039,-11.7622218759504,11.261117127952,17.5198624178865
0,8.91836931629164,-27.1978472531485,2.94086636870232,11.9972922814592,12.9930688847788
1,40.6998332446357,-16.2495670043679,-11.6017842030538,14.4005422957474,21.7531502811497
0,2.87236344019723,11.8285790851372,-11.660906604441,10.1886007853223,10.7110182527398
0,-11.3773139815776,11.7561484255445,52.8413485939895,10.0409647750347,11.6564761326062
1,-36.276710128774,6.63742762791009,-12.2647633547175,12.0090317928288,20.5777787518993
0,-22.9903145659642,6.70828589192059,-17.6079593806059,9.03389062034249,8.82092913694424
0,-3.69580254190119,-0.872018298426527,0.788882963983518,10.4132141247225,10.961560339089
0,-7.4625998158921,-42.304054657385,0.909896156423292,12.0408395184308,14.1505201883036
0,12.4925378016177,-6.52610060689308,-0.222322334031064,10.3048041641107,10.0634676125161
0,0.112754735701262,-1.20928098841647,-14.9117614607148,11.2861849982582,9.55577421866577
1,8.73310424810998,-4.9642464687629,-39.8673430940069,12.4297227188315,18.419299500006
0,9.56330206141245,8.1464614442603,-12.698508392096,11.4731371292939,12.9057354977338
1,-8.18313827687107,-7.49485979901115,-16.4642927516129,10.439628428124,16.8581797988776
0,-6.46895831414645,3.49112554213468,0.847905313657352,8.77461383488518,8.53461773717562
0,16.8594493066365,13.6576153608712,28.9480793197644,9.67700984894892,11.1395568925747
1,-13.1077454283879,14.5078973021542,-1.35060822225279,13.4007725438634,19.0043002269851
0,10.9840818668261,9.14629134673459,-34.9862959003028,11.7180406483622,13.6778941276665
0,-20.6116136877139,6.22506124213192,32.3385093084978,10.232485890876,10.5132065234397
0,6.27552337142124,5.56728557052228,-38.983353580371,12.6525458717362,14.429744988987
0,7.92669396884861,-3.9288416402728,-32.6949659645511,10.4471981590844,8.99743061226691
0,19.3851569963432,1.03940781484223,-5.04965238109788,10.7731204777733,9.89102112704962
0,4.65588994970095,-11.3340618042509,59.4691255835908,11.2778460637053,13.1145916759897
1,-8.00389752765583,1.06841680612364,32.3743989231288,14.5369606935426,18.3784561112516
0,7.60882117941369,3.86478341719312,-6.02618202581451,9.44515785885064,15.8865444677289
0,-8.2756130928468,37.8092739615455,-17.1451402614027,9.86159845903884,8.20432424382584
0,4.55090785134366,11.444791047091,-25.1194467006182,11.3896314024868,12.0828266402828
0,-0.911291268498286,13.3206514373256,-15.727794038537,9.59413553451211,10.6829471178825
0,-3.83016212271918,-2.4580366559875,-11.5181926908632,8.429963358751,11.1338986495925
1,45.0665922057434,-54.459397322965,-39.8329252129781,13.6135726392341,24.2687025780559
1,-23.3868649260951,-16.6666426776171,-14.7021526196055,14.1926189300152,23.5868173071928
1,-15.519716428794,-34.4853456728349,-17.2407104865499,10.4623009778267,17.4919557951309
1,5.95361313854109,-19.57556365463,-10.5209365284436,12.0067760351875,16.9678502823256
1,4.84455432062552,4.13336745337778,-10.601755982054,13.21894687009,22.6473254184267
1,3.85748332922594,2.05149353954158,27.10931036715,12.4210207198058,21.6745610700384
0,13.9842224465227,54.0791958483604,-25.1407809563849,10.5203714172515,9.40267482345449
1,-7.0364337799922,-22.0060716646604,-34.0568150530979,11.1252981568034,20.5561852552804
0,-7.22770217523964,-6.52649259897732,21.2025231170135,12.2328169935144,12.8549520415727
0,-0.336530585426506,-27.1949887860573,14.7966528974635,10.180292061283,14.055274194489
1,-10.8666294233282,-8.66620385035302,5.9258253196317,12.5483033458361,20.7927348211304
0,-12.1291675725409,14.6372484980237,33.1152578046716,10.0426260568883,10.2781916042789
1,-7.45458815406234,2.39360230450156,0.960446603555815,11.5354333517055,17.4745488074774
1,-9.21146736280782,4.65027328665486,-59.5350686731242,12.7235268280803,19.7432182216792
1,-1.7131433411864,6.39783724965635,-1.23388029724021,12.9018693567255,22.0438786626809
1,-5.65899922547069,-37.6180407126019,0.986882977354042,12.5679884703914,17.6608428025226
1,-8.20117550952331,4.13037143928858,10.8791163767519,12.6704792419533,18.602202463858
1,8.67021907030364,17.1635916236619,22.0589462316643,11.7359721327239,19.666479993537
1,-18.251115827829,14.3798722507703,9.02826686131665,15.1181119338956,23.0592110332709
0,0.871740890119623,38.9758210330353,11.6437708086762,10.2382715254352,6.92600105091318
0,-1.22982862685475,6.62678728350086,1.92222550017268,11.5450598669539,11.10271958544
1,-6.88042244578006,1.97490860482513,11.4928555281016,11.9252715446906,19.3431818164599
0,6.91419731769868,12.062721140536,-1.22889541297311,11.5688080379424,12.1889231057647
0,-3.4930266415962,5.88499258511242,-42.669698157733,9.33331195895489,9.11352080005497
0,1.94027301200334,-1.68605774489184,5.60671108759293,10.7294194161112,11.3644499412719
0,2.43904209982609,-40.5553548791967,-3.62175996757407,11.2345763089916,13.4054885561767
1,1.08104055482583,-7.4130768222811,13.7695389638498,9.64474072780606,14.619400050906
0,-9.46611939941242,12.0643540948449,-22.4217961296194,11.8975567670747,15.6122439588576
0,13.6592970394022,0.551738093795999,44.7442513783032,10.3191407586512,9.76342306366097
1,-12.3359190072897,16.4074148886197,-12.9779956025977,12.7377016617203,19.2324079935812
1,25.3073018813782,-11.8929177108388,-13.540648447904,12.8709969143873,18.811311021911
1,-10.0741623801012,12.8786050478564,-19.8943536615816,13.3786375951402,17.8983153725542
1,-5.61413684512226,0.0267844692251817,17.6285465257914,11.2611340001891,18.1311609704137
0,-14.0912733294621,0.00298039496251917,1.65972591301065,10.0096983138397,10.9156087729427
0,25.0430186652923,-3.92683772909414,-18.63076245722,10.4267032361079,10.3120256945089
0,-39.0090874914389,18.8646922893344,-26.9452058026404,12.9500002189434,12.436497859914
0,1.61897019921963,-15.304082353755,-41.5822823811575,11.2173198156155,8.80639144199293
1,23.5802227085944,0.487035510391976,-13.3043653300015,12.4058258027861,19.7289753470722
0,0.86300297981873,-24.6110909169328,12.3307304383475,11.448174391687,9.61370119546221
1,9.82277946173118,-8.10101453556631,-1.74233131715676,13.377190829903,20.8693242532207
0,5.41442409551526,1.11665780639251,-4.96403956713047,10.9354336078974,11.3249154244837
1,-7.27209437409531,-36.7340983817304,31.1964807568756,12.0260704379029,22.1767502124533
1,38.0949962578439,-20.0177123805222,2.35003040354145,14.3698020957142,20.5695057334128
1,4.96002124450111,16.0452068558916,-10.7729250028952,13.0614757017997,19.7163064556645
1,-4.76936853158196,6.94905435941223,-12.9200931674878,11.4024811147492,16.7358910732172
1,-10.3465400639738,34.6604390540374,19.2240930247633,12.005836734403,21.1130659510498
0,-3.15404112830774,13.6907417958363,-0.894187090263711,10.8489138280797,11.567262450638
1,-5.63303812261632,11.6127806824542,4.82297692549657,15.4165054500998,27.8175893702872
0,-16.8450104537339,3.25896928897122,-11.1195708896488,11.9670332385034,12.3662662105467
0,-33.8587724784926,16.0146082932072,-6.3616798625261,9.9601602766609,11.9339548379078
1,-6.66029431027848,1.38034275702218,2.46725656600104,11.2691191999092,19.2634902926388
0,-21.9974114550737,-12.8097912835834,-25.0578974925328,12.0156162810206,12.3429863138961
1,-3.82224976102098,-22.6114365182965,13.2307629461937,9.15460152088058,14.4328657709648
1,14.8864949846076,-33.0863399081876,-17.9116535070053,13.2665369621554,20.6223313963763
1,39.7458570604973,1.08581528345067,6.63819975145958,11.6731258912432,20.525799934085
1,-6.19443871982326,-4.69278238951924,9.34052403505458,13.1826905536776,21.3324157664304
1,-4.46846852227385,7.26317511489956,1.79097696211465,11.2981634720301,18.7503481896669
0,10.5801632372117,3.01295164656247,-24.831076442598,11.2793432568691,9.49027517859726
0,-2.03124036696545,-6.00298757058013,-4.32040861806045,9.84527646235003,10.2326075271138
1,41.5528721611247,-6.87683070386849,-50.1538528516864,12.7891386925129,20.7909696641675
1,-9.87286270801318,23.6917908972356,7.22471518259923,11.7792087999131,17.7747058475344
1,9.11380366656683,-3.68040223622578,10.6522636389711,12.9082297478798,21.0188260729067
0,-7.34942144008582,-61.8317772429488,43.577312193896,11.8367599704461,13.1128298619696
1,-45.5964065334478,-0.454111323948496,-7.29677643674953,12.26000119619,20.6136225709352
0,-8.29698384733631,-15.6684819371026,-5.19653742987969,11.9631235501164,11.0813955455614
0,0.443337810943352,-7.42255550702808,0.667887018544772,11.7297645751582,12.3323808168274
0,-5.26497024948248,-5.47606438332766,-15.0782623314707,9.4430424834275,10.4537620159257
0,12.9022923802705,-17.7324361441336,26.5925836243686,9.65940891553538,7.90970437909582
1,16.1114003952247,-3.68297214238559,1.31676494896041,13.9052281858525,24.3161911426605
1,42.5558611588681,-32.8418727819263,5.72155572026761,12.3431579071044,17.9424053508404
0,-23.1412335894077,-7.24178062301032,6.11766185372502,9.08739193307652,8.19742273042703
0,7.5112134902688,-1.45396617244447,-32.3125002926403,10.6767807512149,13.9210454836255
0,-7.818952285592,9.76924242338873,15.1089776575585,9.29311536823784,7.16435149427573
1,5.48530850631286,17.533405348348,-6.54397408538883,12.2518492191902,18.2859598182927
0,1.79474755124164,41.1844063795601,42.6987646099406,10.0572969815855,12.4154740087435
0,-13.8188523103132,7.39427811009163,12.2686280392747,11.9321715042706,10.6231567563811
1,14.3306475455448,3.3600469641846,15.0401809412708,12.8418171969121,22.8761007667058
1,36.3791623642233,40.5242994417521,-7.41030244811411,14.1641231377293,22.3377819062276
1,15.8969008941709,24.3832671536686,6.24493868624968,13.2062760728139,19.3486377379047
1,25.1536916970312,33.6196055691359,15.2318161113334,15.0818745096598,24.2128643071392
0,-8.75899464314327,-7.82801539085357,12.4568004453589,7.75321237129734,8.29882120899028
0,-13.001853493976,-6.10404115465992,-3.29734180390395,10.101703243183,12.2913331599708
1,8.06416918393951,0.182237139015022,-3.44815337070408,13.0338095494805,20.5555074154619
0,-6.4189095975485,0.505793873776681,19.602824141809,9.23820339013871,9.39364828315458
1,24.303176092823,-19.0333921337523,-14.3469757983569,12.9939423467973,19.0032038063777
1,12.3960356163719,7.80526387282034,23.556714550409,12.9266793999718,20.5913520903513
1,-3.04896074755938,-2.13545657020969,15.0892145819928,13.359603463031,21.735030326597
0,38.1923260433155,-0.818172484263014,-1.16544100975877,9.06375293085964,7.26373007717151
1,-16.3029319920912,-11.6252941879447,-5.33763305791927,12.9949404242677,19.4978404896833
1,10.90609291004,2.42779403560241,8.22058109772226,13.1091200351075,20.5426693682508
1,-0.981096511359996,-14.104861425176,-7.60445240806149,11.5737888186757,21.4298515592396
1,-8.18362108213178,4.89568388499716,6.69105579457277,12.0335431031659,19.2336469957957
1,-2.04342478683817,-2.02189984994284,1.09616623054196,11.9746198415675,17.7376754265008
1,13.7999944782401,8.22855197918057,-2.94712666864542,12.4973855392365,20.8787334061596
0,2.26478213384067,2.04323764261755,17.5464528766099,11.2206935324718,13.0609888513207
1,-18.4861811327749,-3.2337282352927,-10.1825413773383,13.469492170112,19.5136278640472
0,12.0305371705841,2.66716671771726,4.04142659845466,9.50501161821533,9.06313476256276
1,-26.3796050749876,-15.1490465971619,-60.2975645561468,13.8807412204835,21.1289584566745
1,-18.3313970253893,28.1226054550146,29.1214294549345,11.4729768114008,19.5669105726089
1,-22.7204534101257,34.3124532449063,-15.828249328671,12.362326314628,16.8306931254956
1,10.240132858788,-43.1601629430646,11.2059489340467,13.4569908729328,28.136110917577
0,3.95585634565236,-34.7547063088573,-14.3894660013759,12.3590274027645,10.5481121921993
1,-4.63013331848872,17.2710580737065,1.93646112623644,12.3204918778929,17.8043927031367
1,45.6738602359603,-36.7963827454139,8.82389579441103,11.5168124598491,16.7579674974526
1,-29.7016221871077,-2.18079620799592,12.9684705815491,15.147107521197,27.2370575619568
1,14.5014585197164,5.4560828720084,17.794681634795,13.379100178931,18.9748069874461
1,3.18334694367031,-3.28027640369632,-8.41413112804553,10.6715012002568,18.4559670500522
1,-5.07219634660574,11.2013823867668,-33.6175855814292,12.9180861739658,17.5211925632057
0,-5.79395890362055,14.1958163244047,33.9276439634239,11.2802823445851,12.0802865318757
1,19.6606239861184,20.3646273636143,-39.021228420712,11.3616011738542,19.025184227255
0,-2.25897838258903,0.983647824470733,-8.61887425930363,10.7445964692505,11.3338420536505
0,16.171948503721,-17.9289179821492,25.1207003171069,10.3460590146185,8.05446743323637
0,-2.97726338329958,24.2642750881841,8.15185793619017,9.38898110518847,11.8063295858625
0,-10.0841121171402,-21.1383995630773,15.242511201666,7.88597680958369,7.14454086246247
1,-0.184397611071704,3.76596940624123,5.42957366627221,12.2326151594259,21.8709426968571
1,-13.6152153369153,-2.51338099027225,17.200971909455,11.3080053301049,15.5870651385793
0,7.14435974067759,-68.6153964294633,11.0986785124235,9.6251974595599,11.96304970495
0,-13.5387708627416,-4.84981745113436,5.06303993284388,8.92512451205582,11.4748733230439
0,-7.06535521924385,-21.4297490343052,-0.72816670493481,10.7560186687599,8.66025572567993
1,-5.73123936355881,5.85303207366,2.09511845056296,11.6280914798099,15.5508303428319
0,2.82090049911978,25.3249855983978,37.3345572548034,10.4818909219069,13.000179149108
0,7.69324795322104,3.54535481099311,6.77370902559838,9.90379687855451,7.70443722670789
1,0.391264397670617,13.4518312506164,-9.1751838364067,12.2274297608432,19.5811907158394
0,2.53448481707927,14.2901929644075,41.7397894420733,9.08716160153745,7.72424643340938
0,-10.5206169702052,-4.49135954237937,-7.54592097870654,9.70556190595375,10.434101612771
0,-5.07653078334341,-4.55456281209077,0.332872961601312,10.538370129277,9.75552817486838
1,-9.24593329011921,-1.20871965579347,-5.34269684989943,13.9314897269782,17.7344361265789
0,-10.9459259434982,-8.57400798461445,17.4347957640718,10.3614937081628,10.5140612451592
1,-14.3962803200376,7.19452070019453,-0.0631375869595167,12.2035196065674,18.7809110242524
1,14.749052778682,2.0797915544337,-34.0659729704551,13.5333549148552,23.4437804251313
1,-2.57776695322097,-21.573997235636,-33.1861010948785,13.7084430133753,23.475194460857
0,9.54006032339714,6.92940593214376,5.18232064883961,9.88497783424161,10.9647039878052
0,6.57605531975182,8.81832329883586,62.5102043208205,9.28452752074957,8.07225551180063
1,-3.27553444486427,-40.0582095047185,19.649166044167,11.5046072784664,17.9308302736051
0,2.6293180340295,-19.198287495599,51.719738532463,9.08973700868257,12.8172783923231
1,-11.702273224212,-3.60796840446587,-11.0764737460518,12.0909464792104,19.9143736973359
0,-10.9699410442402,7.35993012087042,-5.32551671077496,12.0445130526461,12.0642880377734
0,14.38236632479,2.3941116072975,5.99047789366018,8.87465066656649,10.5324240472371
1,-12.8767171302124,16.2392307804275,-19.1481179433926,12.1529123505858,17.4488141667276
0,4.79678800575502,-11.171969919329,-6.78398584852247,11.6189177893161,11.3277305787925
1,32.5731056759994,8.48045989802033,24.050013360621,14.6399776377868,23.3896652294821
1,9.75127102766509,18.2718350273287,-32.4258670793146,14.8330165891285,22.6901983423651
1,6.39793560959062,9.42485658646758,9.06780425164795,11.9140006534086,18.7535437132378
0,13.379682508784,3.60889706292021,-2.33466105358645,9.45583288620229,9.9577135982581
0,-4.33426109210325,8.82698063696424,11.623688970875,8.46374102031565,7.91525217890559
1,-3.57513878693331,-3.0418213525819,14.7177362108119,10.4795282965215,16.356879716073
1,3.19098672527949,-10.7243856574543,15.0867171280306,12.0091868383694,19.1752585356979
1,1.17213567314062,-33.6076894990741,10.9692221209184,13.1008460413652,23.6108150058324
0,-25.8980519166097,2.07869244113656,53.2477321854652,8.2562338008545,8.04114755577851
0,-2.86081034523953,-3.20068260382398,-9.55578298654829,12.5746423223932,11.9603901791402
0,-12.2219021135067,-6.63038286226461,28.9745687628412,10.6149937285628,8.43665979587893
1,2.38277084225002,-1.83871580976184,10.0766103886908,12.3619226892872,19.0912010125181
1,35.1255865684184,-3.0451783796468,51.5237466507603,12.6345863046466,21.9560718421574
0,0.749088128642578,10.120006101463,0.616026654464718,11.3621075821535,11.4733175621785
0,13.7025595677051,-23.7941473227688,-29.2875540894815,12.2925325468807,13.3720704613493
0,-15.6081228214401,-2.74560903892299,-41.756913707669,11.2425598508086,11.0843135031699
1,-4.91585274441761,-26.788879409076,-14.6792202824505,12.9783925525783,18.0135451658254
0,5.29169788912827,-19.8632053819286,22.5131578240212,10.0454800909816,9.20772423963356
1,10.199108224975,3.45218983527885,36.561125928246,11.3198825591695,18.0004563124806
1,15.176695294758,-33.7738011335155,26.6025183505689,12.626441629242,20.1656284369297
1,5.84702719919084,-0.448805570830102,2.45379177884326,14.6731278011024,24.8474933566642
0,-5.0350295365031,-8.88270923593428,-37.3576529400483,9.78700949740636,10.7054293967357
1,-4.08765039996819,-52.5449414887006,0.097337944065685,13.1379214565365,22.0711255305669
1,-10.3635310498995,10.532762245239,2.36669299175672,11.8614482358479,18.7674956426395
0,10.8831909920497,-1.09290138062071,24.2287401944329,11.6868413575221,11.2725749617223
1,8.48448430806503,-1.66934754893428,-0.574152326460253,11.9234518330664,17.9641130346905
1,-9.79038799606911,13.3202665547183,-20.7848323652159,12.6845567185935,20.599092477804
0,15.0445939061937,4.70054916160606,-8.13234815954579,8.64345609202852,8.069957376504
0,9.66960832093078,-1.13859242046937,-0.756828154318366,10.9864411665422,10.5285576443299
0,-0.128173371785065,-1.6909499826378,5.05586645271377,13.029420015063,11.4755859730652
0,-1.57134860655238,19.7426664693493,-30.9140349018736,13.3875642499819,15.0819633776973
1,16.2775849700846,-33.8718533207874,-24.749918949682,11.8720048906509,21.2359642762201
1,8.87330055362989,3.51641778393773,19.7854569352534,14.1025180769297,22.8773200708775
0,-5.19724473151079,-19.0868263403461,-28.305180258641,10.677015488654,15.6484740999001
0,15.2888686707462,6.42660947656557,14.8149541565848,11.3255561478497,11.4356574900317
1,-13.2249227297093,-1.25800760596546,-1.50420952426397,11.7401296841545,18.138675752903
1,9.25005389863526,6.57806595633312,-7.60980090240602,11.7263260060864,21.1412411715421
1,5.00405762749458,6.4421187479275,-1.28676884580077,12.5860733347497,20.5751953773187
1,-40.6199699100919,-31.1627266586208,-2.07168177201082,13.6841545103171,20.6313476811498
1,12.4701348434544,4.26026608322442,22.4961440846754,14.1921721795466,19.451838439526
0,-9.60896558727783,-23.8448515182781,-51.566335369834,12.6473372738245,12.730258037859
0,-9.16277701386407,7.07458657484975,24.033539204481,10.9820702503242,5.4239108665398
1,-19.5546816855435,4.40594379335371,3.49253651740471,12.464022400367,19.2213074879599
1,-1.0212926999767,-16.7474955972074,-15.0882334478327,13.1144859840169,19.7121576885082
0,3.02710862767427,-32.7175230082285,9.57592568976019,10.7852475318161,12.1500375114834
1,4.91977779562531,-3.03915845262077,-33.3793348672875,13.0696386380887,22.1444736528904
0,-7.94209297862304,18.1404302120428,-24.2681092506338,9.3883138636007,9.48049106515915
1,13.2898312669248,-16.6053167878118,60.2545553858363,12.20562944669,21.5863294190798
0,0.0830456340711234,0.183578297259392,-33.301264737251,9.4527748974004,10.6429835070878
1,1.03516789018831,-12.9207104805681,-3.28362555367028,12.3064554846303,19.1307253678662
0,6.15170477452613,-23.5463450911701,-29.0210884230728,9.29510654783497,7.62229537719047
1,1.13175319505532,10.0721897294619,4.09033341227976,11.0099710534186,20.0557988444625
1,9.78927270417406,0.0004584031664426,1.1837962708925,11.3218908439384,17.6901237090324
0,-0.682030137820436,5.19681611335106,-14.3070664964634,9.92132365342942,11.1428900526622
0,3.81229329133956,-29.128993502069,2.65188840200718,9.66643391570035,10.6143540712562
1,-12.0108998988541,-25.7148503909422,14.5956144785813,13.1346347471854,21.536067717015
0,-26.9350292316699,11.2246942377492,-14.7575423299476,12.722897789765,11.1685062461891
0,5.20093775307206,-1.64570360813467,34.6953542132322,10.4715049849538,11.4007855300479
0,-33.0947463222968,13.0495024431093,32.4330260622697,11.7681538749292,11.1067429686921
0,-20.7820444417921,16.1698848480662,12.7370809657493,11.0397461920142,10.32761107881
0,4.63615620473538,-9.37502214922739,-16.252731868954,10.6982242103616,13.1639077359096
0,-0.644290450434263,-9.06386666414065,-8.43309909608051,10.8876227308358,11.2173136487668
0,-7.36356680397092,6.68787708014685,9.71317611108908,9.72618800196424,9.89658898814546
0,3.05005302391682,-27.3017317795052,-2.75795972420053,9.6233292257519,9.97686392949105
0,21.2871415568974,-7.91234197619367,7.83876837915523,10.4818968493337,11.0947267615191
1,-0.643932281552547,-7.1325176772026,-5.57700247797293,12.3256474289559,20.6246954844262
1,55.4160514172344,-24.8201256114802,-19.1334583184007,14.8432395791294,23.6305490145074
0,9.7861319341195,44.4563053229377,44.1354903236605,9.56833193245537,5.59531217870161
1,-8.18879011488203,22.6250073235179,-4.86331551629876,12.93396795986,17.4519326117031
1,-9.28914695991416,-2.08442529535792,32.5905048783527,10.2674379879371,13.8828768024027
0,-18.1888064364852,-27.4692898178764,-14.9095835510539,10.3384826623666,13.3215547423686
1,-1.7387039095859,-8.28263944474319,-7.8353918550999,11.2207455825977,14.167308937336
1,16.6099783601978,12.7823705792877,7.26765286135787,10.53138672026,14.8893455771009
0,10.4044897497398,13.9461444605446,-16.112365914263,7.87985829492729,9.74240401207366
0,10.7472876524527,-8.66605789007173,7.00903077257688,10.4631989726042,9.301408923292
1,17.3406856350076,14.9405420030998,-3.24370215071763,12.0484653085055,19.4378878435402
1,2.06475462878009,-10.9561398150841,10.1525175087601,14.4292014455912,22.0708521244927
1,-3.48369483147473,-36.542066129336,53.1554900007035,13.1100951231448,22.8945414375202
1,3.00689610361459,-29.2990964824688,-2.21660651431575,12.5357367500534,18.7794782534849
1,-16.5152351885622,3.1352684973071,40.4189623614753,12.2887881448264,19.8652724913424
1,15.0079957526649,16.8915996915339,-6.93588197376124,13.5374954645985,20.7202746168002
0,20.7385594642022,-4.80721997979062,-26.7073465934579,8.4750302391623,6.76919850065065
1,-0.474706209204782,1.290337013515,24.7084035388071,14.7176066003502,24.3270783624082
0,9.18768323585298,-3.6430485453062,-4.48049622524956,10.4533320901541,11.5040847015842
1,31.8682389711037,6.42487405828811,-1.67819722787781,13.8494937126881,20.6920861704613
0,4.40139950006346,20.9580479244744,13.0832612661726,12.2505567678759,12.271673169548
0,-9.05036830102851,0.172913939567896,41.2584419310934,9.15830850556785,8.18587608285893
0,2.95372272294114,19.3369512873421,-30.2943575384883,9.17771089594612,8.74920973232372
0,17.136517059038,13.2163172593566,3.56491017684903,10.2326227624111,10.1689660066063
0,-13.1271334104621,11.202714301711,25.4513908453414,10.5087143053238,12.8621600841302
1,10.8660722899412,-27.8064446608683,-0.270564996311125,12.8994910266163,19.0107105456354
0,35.0114575783518,16.3818887890545,-9.66166614215764,11.077240362666,10.0991093053699
0,-8.97720605095912,-3.22825078483147,-1.53425382247381,11.2503712307834,10.3768375265169
0,15.4463571120627,-3.97975958320034,5.23865735719138,10.5168665993024,9.89026776068985
0,6.04507575480711,-5.7260147382811,34.6172635006556,9.00379929293286,7.01705281862967
0,-6.99550598856814,-27.8474546410468,7.45390984239012,11.8651725455606,14.0550316286513
1,-24.4586225831953,4.49643330286314,-4.17697007592748,13.4113278149544,21.0144655596637
0,-3.60040734899996,8.39436761565791,30.9803386252244,8.39781022467778,8.70993554160728
1,12.0504379427988,-33.5614496034894,-8.54471999852709,13.3225315431444,21.3330506845926
1,3.16732663767023,0.290981089186421,46.7189178856962,12.9536534745169,21.2634286745966
1,0.400408343226178,-6.61185614826891,-29.4852696517496,13.0110619713872,21.9519595667439
0,-10.3489513310938,36.8343428073189,-19.0642275265938,11.3712492141652,10.7206400011289
0,-3.60984869765179,-1.86888089846253,18.0731364184647,10.5039619327351,13.6598952546631
0,0.164740986573943,-12.7857800596463,-22.5322144742908,10.68718851269,8.46315192542458
1,25.1603269756808,-3.00378650451152,-1.04137074059778,12.5330654019538,18.9611312280786
1,-19.7446787564829,-1.0680839815946,1.63809039238386,12.3542536520532,18.1228579275261
1,11.1981070208329,-41.1546301130195,-17.1485579710936,11.4157319379552,14.1929059161592
1,-14.5589075123589,-0.452022867424667,-10.1349958923841,13.5616651755373,20.9821088127628
1,3.24300995806332,-0.0369048669734386,-16.2691793010386,11.4407500116897,17.4231526957646
0,13.4989044579402,20.504077596741,-35.4956109500248,10.0689478681552,9.49543731331228
0,5.41009956588692,-63.662573253377,18.4392967361624,10.8933448804178,9.52940920686476
1,56.4181002202969,4.4280010653167,-32.7471363165573,13.0120950842933,18.2614855235521
0,-6.12184604409447,4.16841982702598,-3.55541233574077,10.8342855118824,11.1138367880141
1,7.10939547113713,-44.9396517810835,27.5164856084973,15.1893717029112,25.1078444009375
0,-1.0723292437448,9.06044704899225,-1.11039498068302,9.80325837820738,8.00740801825796
1,18.3478468723454,13.7051031028746,39.6741683497192,13.8322461863151,21.1076059521545
1,17.1527563384936,12.1454469876684,-3.16670552227543,10.6033854557174,16.9302338575416
1,12.286204950056,-25.5555688143016,-1.38546748278004,12.1142247456853,17.5494018551018
0,3.8244207446196,25.2194182576185,-10.4411918885455,11.4644672105995,11.0855699987747
0,4.30330065329132,16.5697597164514,20.5294352911677,9.74211643760872,12.3534799377959
1,28.3139478346453,-7.24225196510162,-2.43834257845862,12.8271161962739,20.8748968207035
0,-4.71551118351231,-2.39436742340423,-0.146231530863482,9.15558298193099,8.47283431502211
1,16.9250162673163,-13.973241801541,-26.5452327847797,11.0994579413512,16.5561302616725
1,-3.42726265981919,-29.2084430971317,5.07090972274536,13.2493849986912,20.2872732508485
0,1.23697460423562,-6.35464837830498,-5.14717452830037,11.19676647115,10.6746284540638
1,0.622139847217844,-0.0927691568398189,24.2685882816078,12.26156019979,18.4318155327995
0,-9.24433158246656,8.36265377811594,12.1812912672982,9.02955354204067,7.23777568882854
1,-8.24810069065211,-22.3768307757056,5.40380795591661,11.509836462325,18.0790857841558
1,-23.8092735711697,-10.3624733221885,-15.7956357884149,13.5493653166041,19.6405829751628
1,4.05318758925783,3.28043521299536,-6.92096678064512,10.3733610568438,16.5615790399587
0,-1.81626076146503,4.85939205489328,0.597774062930709,8.28015148613621,9.71357877306451
1,3.43578564497944,75.2788908722598,7.98981395640459,12.6288542976934,21.3627752137532
1,9.40506844804712,28.2511625503587,29.2681100530084,12.7525961140398,16.7697925567892
0,22.8835717284733,-16.0646088530004,-13.8593819449232,10.546606303798,9.00424147125841
0,18.878083896194,-8.31906282830456,1.53759774274203,10.9620988711135,10.1169830278454
1,-6.25884956407491,-27.5697037038817,-15.7413771203693,11.9423454725738,21.4285997995808
0,-2.15939757273978,39.0933249389131,9.0918599553804,11.5737583530488,12.75528615866
1,-42.362390851855,-4.03561440179501,-3.45745212181675,11.8920059780012,19.6875632026794
0,-3.42182157282958,-4.39460910133346,-10.593623986322,7.92703400181741,7.24281949736317
1,-24.5568459852967,-8.95221892792357,6.21443074948964,11.843966073129,20.0591521668524
0,-8.75498189808949,-2.14091127571991,-11.2256284667849,11.6759594692186,10.5188263839901
1,28.1878296575966,-4.765419307774,10.2625908431017,14.7950130486493,27.6932506791065
1,-15.7559962259265,18.1950080239739,0.357973047233776,13.9938106869408,21.6898893787321
0,-1.93556270040311,10.9814404032597,-0.122378769739799,10.6046900707013,10.2689817168699
1,-6.57111312279947,-14.888705363135,12.8528153480448,13.1957843643313,19.9541854830892
0,-5.59660889736912,4.78252789462978,7.97156352165419,11.2142308893968,12.0210014461427
0,18.2581319225656,5.6117841931527,-31.9780946661573,9.38335635091677,11.1318905498337
1,2.87125583962486,-9.26725951216918,12.9924887738706,14.6308228839524,22.6241856489463
1,7.82217489488682,22.9862062789042,-8.29055045578685,12.3033471574804,20.9150796927954
0,-11.5635443573446,8.88338170007541,-12.6803219430775,10.3291628530202,10.0884171988314
0,-11.8227770252666,32.7777226465911,-1.42752393784252,12.3154914170705,12.0609795399098
0,8.69877808745383,-20.3415713658994,-2.08428743480627,10.612843441385,11.0243773760073
0,16.5079474487882,6.88360565960151,-11.4746222587781,8.83837028652734,8.44950256256303
0,17.4980734008964,17.0584014479505,7.54705029799397,10.8900976304936,8.95317434190723
1,6.77930011326261,15.9874860846299,-35.8688391257833,12.0843691851152,24.2099903341932
0,-2.11881209342142,-18.6114039516402,19.5918250706914,9.31749353597256,7.16810642523998
1,-9.95079244332416,-4.10712778841387,7.36212950670269,12.6461572197912,20.1629711993793
0,-0.290737376479529,-2.31768204326084,-1.26387271790231,11.0203721573763,7.42162732136902
0,-21.8286399403632,-1.22910313397448,-33.8226452071212,11.0585715389919,11.2674538351369
0,-4.06529859650758,11.0095426186458,1.91041051525152,9.22016106986463,7.98104142729652
0,-12.1373602048409,12.4466674078467,-1.97904937304998,9.24704938182864,8.4494055815864
0,1.83192769382116,-7.52710959120378,10.3298874490239,11.979035173002,13.083537546723
1,2.25809157555164,-10.8240795490829,8.8151894829395,15.1137520949572,25.9938743814706
1,-6.99873811179737,8.74745337044246,-19.2502295315268,11.964932175076,19.7408260366368
0,0.444390019862887,-1.30483333683025,4.91276679945652,9.05073381591462,10.0843363975182
1,-3.76856424878632,-6.27204623212392,-8.573774994843,11.1707977026505,18.0588171061655
1,10.4598805864413,13.0221719987047,-49.4966019946618,14.1042246587588,22.2182392365035
1,-7.61747311804311,-43.3113506491957,-10.4366380074953,11.413164347743,15.2596471854572
1,16.3473882783203,4.74461636865888,46.4689701953039,12.3599395505735,17.4096236439063
0,-13.1299406795277,0.766018373858981,-14.3717589673005,11.6287770803086,12.9053068140112
0,-10.4523600345967,8.56433663546993,12.9674559106294,10.9077807301686,7.74719139151782
1,-4.92285027621809,35.1978483593446,-3.55702885202284,11.8750037173831,18.7111094571871
0,2.15089535996013,45.2471235964149,5.32776252505538,9.49707205340353,9.49438340553989
1,-18.4619239415896,36.9642268457946,35.6326638269675,14.3047181144759,24.0949645369039
1,41.5976785989061,-6.00265703986997,-6.87977311480267,12.2552140116527,20.4971509778314
0,3.18037288298234,15.3960005994139,-9.77389829463437,10.4251429865372,8.13680541183724
1,6.5868734257107,-13.8139348782494,17.5412466397099,11.5114548980841,19.3406783147425
1,-1.86259891455247,28.1987838158797,0.524455636284359,11.7697804339343,19.3479842080934
1,-21.7095308493152,-2.8745035762324,21.0697995210365,12.3934235801018,19.5317794727647
0,-1.0858200840833,2.15968425157217,11.4652433969937,11.64266794442,11.8084099179495
0,-32.9101402381637,8.87797688796088,-9.79600757157545,10.1989064968895,11.0717829963855
0,-6.21087455524703,-25.3264787060346,21.2833275844619,10.9935052315748,14.1067295296576
0,34.7157935297391,-13.3678102160618,6.98088423465958,10.435515432551,9.88333637175803
1,-8.30801158883892,1.47627641225654,8.54337878013694,11.7331655265583,17.2335263977382
0,1.33363051021531,18.5677779952963,29.5370570631958,10.6447802367976,10.6951229071426
0,4.6259858838637,-15.9774771399201,-30.9167176746316,9.7108602713012,8.79060498504504
1,-0.765224838005553,-11.9472528987436,23.3012798816764,10.6958725749085,14.5142501486897
0,26.0405194580368,19.3498685624576,9.02156504824357,10.070713754091,12.0941508861846
0,-12.716053018353,-0.346724157773532,9.97020370661566,11.1485505622021,11.3593408406802
1,9.21869352978088,3.69939170676247,17.6629240184767,12.0635036362584,19.1758638667068
0,-1.26814188145996,20.8089854319841,0.353425360343871,11.1967464477349,13.4063441027371
0,3.68287001722718,-40.4103833771127,-14.6247879009993,10.0748228178502,11.6043958111552
0,-3.3654938592771,6.96794616274108,-4.41890123453052,10.1599630663348,9.76916360437125
0,-7.73113090191688,-10.913017358077,-5.33931826307068,9.81646989146456,8.91189920626319
1,-9.60650225596547,-4.50051124202099,9.06592822887104,10.2784180742669,15.4823870095954
0,-3.27039658004662,7.90032620237736,-12.2921978416463,10.0420879151726,10.4313535460762
0,4.40090103466907,-1.8027833538492,3.03155934042576,9.28061810836275,7.55792674254688
1,-4.99955591729401,-17.7559004203959,0.193891634832272,13.8451356460684,26.357077070685
0,-10.0890656187689,36.5772289648586,47.2366471959187,11.5587991183447,13.7190977522876
0,-41.9970935583831,-11.0551495183852,2.00194461922675,10.6300928029964,12.4303327131956
1,-0.360581138621749,-12.7621340682255,17.6522090294623,12.7097738265153,20.7352558194034
0,-5.18065287272456,35.0032143250209,6.39909415609223,13.0689106328538,13.7106474871145
1,10.381289328406,-18.0079223712813,12.4708170549564,14.2385899648763,21.0550026695727
1,31.1633608508376,8.03813635731155,-11.8179292681775,12.0675866341964,17.9975018516619
1,13.3510914416987,-7.37401364929558,-18.5972615373079,11.7500402243251,19.4411822626147
0,7.15444037705164,16.4039825373835,-32.25109238469,9.15469319975975,9.88193261264137
0,0.886493814280549,-5.85700879730966,-22.9405420653393,10.7779953776623,9.79973428116578
1,-3.44841593920786,-10.0164159284686,5.27104409878643,11.7682756053674,19.256991337359
0,11.3384170434013,6.96620573762552,-2.52249521724818,10.1952332634957,10.2501694992915
0,15.0108146047187,19.4455525339741,9.20175281328556,9.99361619337228,8.1250738008808
0,-40.0914100410232,2.70513985478499,11.0189492700192,11.2291099657809,13.201328321626
0,-8.15524430133829,-10.2918354545257,10.3901722548235,9.67279535088808,9.25708823481211
1,-8.80952313604683,9.07351092072416,-2.6628608713039,12.6954650093321,20.4581500547114
1,13.7125921300094,1.21738117687014,-14.1134136224351,13.0039305054297,21.4448175533011
1,11.4473086080579,-42.3523075317327,0.303098802974353,13.2127470543793,20.668653842091
1,-6.28736334637936,22.8269795292952,-32.0771151093841,13.0342874571275,19.0709943886569
0,0.471643794128677,23.3750276637331,5.30451027817783,12.221533189688,13.2078923956956
0,-51.4534479838516,-14.309943119277,-2.99689100354596,10.1469041478826,8.40903834808023
0,-20.9286334226377,4.03366486910532,-20.7480570278143,11.0187249692541,10.7747105309066
0,10.6999694768389,-20.2991499327297,-35.9391628470101,10.5100890506879,10.7924815727472
1,-7.40457672847677,12.5124463325144,-10.9557950235801,12.8728696195765,25.0246443354043
1,-1.45074056360941,2.92755805097344,21.6403574152762,11.3656621951606,17.4408877147205
0,2.63603824685502,-12.9303613796325,-8.91452174542447,10.6873253003483,13.5425863777403
1,36.3222951645159,-28.8399123474933,-34.1883493763716,13.3531844888672,21.4865001709259
0,2.76654961947645,-21.3256030954338,33.1232225288011,11.2300081118444,13.3188385959199
0,14.5986058660221,-17.7748356765646,-13.442957205042,10.880974432341,12.2745091439457
0,10.0901592429411,6.35535819206822,18.2643511906928,9.97205225250973,13.5090828029417
0,-15.5876931787245,-17.9705464549782,2.13814379152843,11.2157090897473,10.8741927563459
1,-11.4568497045601,6.41445291883759,-21.4526334752388,12.545943657362,18.3163493537803
1,-14.1862453908576,36.4869870665554,6.9705777339756,11.3595984009952,21.5728676353957
0,3.94644472903391,11.068745695932,22.6478986586213,9.77491441338147,10.2323057361556
1,-13.3990519156186,2.41906750762296,3.87247595875314,14.0371614599419,22.1599672856897
1,48.419764174852,17.8488102236728,-17.6319966025522,13.9308326943403,24.133823121612
0,-0.116882877873174,-2.72178708080532,11.8775332646052,9.47809468394338,6.99436133218558
1,-8.21366782326512,7.58568787520142,-6.80518642319505,13.0025075724616,21.2766600190037
0,3.97088290445356,-28.2556771393045,18.3175638249899,10.4339839812943,10.281942381244
1,-23.0839837913742,-13.1738670253711,-17.0535126381419,12.0441739231697,20.3936458589968
0,-16.7138957445802,7.72018755026861,-14.3572505173579,10.7052847382735,10.7170515799128
0,-12.5190683003111,-0.98889300498164,7.15956564550927,10.1407982447808,10.4606416254352
0,21.3316337728874,-30.5799059720521,-7.53948632314629,10.9264615434532,10.9498246980789
0,-8.87637576142382,-4.30397305495395,6.76819160242511,10.2279939151383,10.9221719762799
0,-5.45627613387649,-22.637416711981,-21.4858864652036,9.76995064985502,8.27194451971915
1,-9.23966044206401,4.88401065957491,26.9165470808389,13.8034056762285,21.687526270016
1,2.80082656896154,10.7690630739231,3.96836463291519,11.1548735329897,18.3094809537455
1,9.96492915605611,8.55984753579515,-7.04386096582467,13.3079654252591,20.1790458126381
0,14.1841279250545,6.30603840107221,0.411753768749845,9.70581780667098,9.3492553089517
1,-2.89469457062996,-5.67498641574811,6.48438153809321,12.3556500575419,19.0404950344851
1,1.05907170709715,14.5336551681151,-0.249154489314539,14.4452360343708,23.2554443164913
1,-4.66055781703614,-6.03781918489146,-17.7339233706906,12.0790340646713,18.7071122763511
1,-38.1704737138232,10.9411412037478,-28.3630762914471,11.2954064905201,18.4001495468684
0,6.53329765040142,16.7430377786422,-9.03417857535138,10.8040118106074,12.1403367518102
0,-0.0369709367007599,7.17338810121653,-1.36025690690903,8.27413858414749,8.81922833240786
0,4.69613848353198,0.591939218063075,-33.9370357241803,9.60409856003409,11.6236819468662
1,-7.35683342442541,-69.3991203111872,1.8711370030551,11.7540310877502,22.9558796457551
1,-19.3334809400432,17.614064040577,-9.31715301807079,12.7003155074155,20.404295129265
0,12.2501887103483,-43.3079485380488,-0.160604159628605,12.1674638261375,9.60118248863067
0,-8.21752437101944,13.8894538201962,4.18799607235621,9.63519310926909,10.0030887054202
0,-1.49830245233097,7.78765086964273,14.7859833004903,9.78029958737255,11.6725777938966
1,1.21345276845804,-9.21724516161161,24.7171018276433,12.0192054453525,17.6390354467793
1,1.23089073225365,-2.32787576270271,-3.6264114523006,12.5687505891346,17.7222199365645
1,10.6732044162936,22.3510978429066,8.05773190509098,12.6330499743151,20.945989639304
0,-13.7795612050444,-35.9790429547471,-10.2203436908697,14.3488878954942,14.5467839994653
0,-10.2701846612573,5.45457328862751,10.5063594968253,9.65489988526954,8.74221040157556
1,12.6355281183559,-4.24932592474772,-3.32509147144208,10.8331131462694,18.7903813618592
1,-1.56650331831826,-25.6631861011612,26.6526529518983,13.3601571609846,18.8999343758754
1,-55.8896803757073,-10.3900383667145,-3.54736930532942,13.292687276621,22.32996994225
0,-17.5690262398864,-8.66642482274914,1.11667359279989,8.06609314812204,7.64756741551616
0,22.8465501916987,45.772241908949,3.9619115361424,12.7178233937338,11.6286930484407
1,9.75810680026608,28.281171797051,4.14208761627819,11.4262994757266,14.4876407909884
1,-3.09771147590531,-7.69468510377633,-5.42691817116972,14.155817178218,20.9209762414003
0,-12.0080125902725,-10.5097507140267,-29.8097018265118,9.40185947406274,7.19677382001524
1,3.53173893874723,-6.98343256681765,-12.1107198070315,8.58255487640552,11.896048457869
1,6.04060580436273,14.3048129658748,-16.2688290246029,11.3231509188778,17.3410279472093
1,34.6429787728753,-6.33810989262758,-9.63938496172649,12.0241595391598,20.6195131533325
0,-0.37142192981641,2.33907504680844,3.46639295716125,11.9247843836823,9.07243700378288
1,-51.8804648956991,5.86385589410443,16.404476510996,11.559148847058,17.4303806996328
0,8.07684347612383,6.61038771808428,13.2265176362795,12.8933787169953,12.5672837138169
0,-10.6989783306386,1.87445276474986,7.59602663676635,9.88375931987614,10.4122889818094
0,-0.784254245263628,2.1452241236727,-10.3412983594799,11.6571874106806,12.5066015193666
1,-13.5041221404766,-36.3252482565095,-19.1552270651573,15.8023729308859,24.763390460174
0,3.6360031439606,-2.42329548675733,-14.5731069617283,9.1288067853571,9.62389845695097
1,-0.429666395408122,-21.4949579252608,-31.6138030523012,11.5278183624309,19.9168649791786
1,-3.87917511839754,-6.6444644385766,28.5094334123814,10.9570546113653,16.9482287584856
0,-44.1862630420242,6.2644633061406,0.732612002522979,9.21066315541038,8.51955812855763
1,-4.39624733076979,-9.18582960011655,10.3774954164799,10.1753602276546,18.0048834117555
0,8.1744408859184,22.1424642346886,-19.6925263167797,10.2322344457512,9.87229734700795
1,18.7968081646679,2.70444853230366,-27.5469462369112,12.2100080450676,19.7779953549781
0,7.51953474135462,-2.4295734540561,18.511130197908,10.3148197843797,8.89602213503352
1,-1.78087281142024,26.7162549295426,-19.1821137996808,12.7509832652879,18.9441795604045
0,4.57990332638953,-13.0958773148462,21.7439998301635,8.58022867962522,8.02303602669063
0,-10.6689459664635,-2.20394320267751,5.15640765671698,11.5430814974432,12.8248134827497
1,9.2247351330362,2.89928361275495,14.1056711214649,11.4083173173762,20.7856350416673
1,11.6647412818009,-6.00052340039563,7.73482868953305,11.3883712199032,18.2272793366712
1,-2.87171845851479,27.928910650267,11.7405345948612,13.565852847486,17.2344258516176
0,11.8090446095419,-14.1308748889722,16.0259237809589,10.3858519167679,9.74929942317348
1,15.5140715694241,-8.29238821130638,-15.5106763350431,11.4559354548425,16.6840310053517
0,9.55628578804165,-5.89804345247082,-8.7325730121814,11.106503818309,9.97348454964823
1,1.16213918767881,-2.95984314979298,28.6402971153406,12.57090447357,20.0189383705814
1,11.5219246848357,-24.0497195613348,8.69923218216908,11.8907263960654,18.3816180995789
0,5.64769048244236,-9.10689468295354,-42.271968336058,10.8904665038259,8.18572524640359
0,-16.0787094907173,7.44955615441359,-1.12127185482678,9.76048027259838,10.1481264283523
0,3.65722085685653,7.8949095331431,14.4193465697204,11.0660108336873,8.67714194949257
0,6.47935926797875,2.50877127494928,-41.2481237247032,10.162891017974,8.8502009160354
1,9.64423335737488,-4.09709319519359,15.0666162037968,11.200499581498,17.0169098686473
0,0.5291994849522,45.0522225247831,9.57728185765723,10.8831354975173,7.40241154433153
1,21.2608392670123,-1.57162083726347,20.8816739514502,12.4758594975512,20.6735859824657
1,-2.27349242138408,3.28925260844119,-34.9233865476776,10.1346652501005,17.6134681188907
0,8.96405950843883,-1.9298663981412,13.8411657050753,10.1275328319322,11.6348636274862
0,-10.4335939863303,-14.4912015137126,11.0936222431948,9.94170327713601,11.6445531985179
1,4.81000953483117,13.0502577304421,-26.0542613458677,10.3494220316802,16.7847235427415
0,-1.1506547468707,13.232118360413,-29.8465893058193,11.4870090708783,6.19132326578658
0,-4.63118976180077,-6.88208569334131,-0.927369413802667,11.1695087893654,11.7841604450729
1,2.7875657664377,0.355623604429899,15.5995039870768,13.0644663261195,21.7316032129465
0,-5.97424791289621,-4.06307123782636,-7.99116760906023,10.8793536451355,13.6003750026755
1,-20.7019651035168,-7.25448675242784,9.88796172753063,13.4974616833753,22.4508280865578
0,-13.0804242945592,16.9887611318275,33.157232036415,9.58488155985217,11.2797556225184
0,-14.3879285648257,57.0047241824598,18.7320315472755,9.75293053194761,11.1930606997112
0,9.54824460025071,9.19593423064671,-2.90115042651312,13.0073960499746,14.7759920984196
0,12.6237359580719,-11.7540494925657,23.2703203429395,10.4691179667474,10.2455306474324
0,-4.42767591215879,-53.4687256423099,-10.6118937867269,11.0010370784808,13.0981599063423
1,2.13504268891562,-25.5192020666437,-2.07485036866318,12.7956313634909,20.1121957983533
0,14.8234305899262,-9.35889819709024,-7.09417860114911,9.2820534126691,14.1382575090185
0,-4.3524855441663,-12.2090357870511,12.716013591312,10.5218474847484,10.0082133400774
1,11.5726329017651,-28.5574225935562,9.74324031037562,13.6511772608464,19.7548234431765
1,4.71231420664314,48.284803200095,-33.2754119578942,13.0997540626354,23.6199342673924
0,-14.3784179441521,-33.8223373870542,10.9460948363736,9.78995165457411,7.61002187183006
0,6.65353277959575,-11.9824527188663,-10.3074101273852,8.73368701230452,8.60638278488749
0,4.36812414521834,9.42010188711771,9.66022123019299,8.28059196779665,9.11719590100034
0,-2.06490493167272,-16.0983212015168,-12.9096898525292,11.1553681752196,11.7208004835678
0,-3.89678893869915,4.31471550319707,-6.58218748599887,9.76410936085549,9.22492645715266
1,0.370486849702912,-7.43571416247877,-17.3170406186658,11.3393609996263,16.9626913384951
0,7.18798197012073,8.28220667255892,-29.454056849931,8.27833806139022,8.36701338911552
0,10.9110334663869,9.43142866671354,-8.56193686978357,10.9528517756845,8.99524165016238
0,-14.6970219668652,19.2337989613769,-4.59130214346424,9.98612725911881,9.43776502208873
1,20.1444450318671,-9.75262703493646,-10.0450361755773,13.6240785316271,21.2862153507788
0,2.37952051145849,28.9222175791696,14.6122804305955,9.35885498390876,9.67778797163404
1,-5.45456010794609,16.3749402582586,16.3231054937376,14.5312959686467,22.0803870365096
1,10.1733839168131,-4.15730009997606,-12.1175442456186,12.3916543874779,19.2997975763734
0,-6.4751745610233,-21.1401451417396,-4.47521387557427,12.1638514281086,10.6181435553097
0,-3.35454432412667,-9.36465601606847,-8.0746530602934,10.0653049431143,7.39905709974522
0,-2.65593383274606,-1.42618081273006,-4.47111503051084,12.6285822303044,13.5136235829517
1,-4.7064186422126,15.1853596908262,-15.762273938105,13.9027090979911,20.9426853966488
1,27.9364637433215,-1.19661075487579,-46.0144385766131,13.3332930100419,23.0405753427694
0,18.9966836344156,-24.311438345514,33.4523124360465,10.142114517186,10.1186832683662
1,3.06211925678843,0.0872591813502166,-49.8140204288531,13.6845283112014,20.4231988460195
0,-9.69955110819935,-28.0473773428466,-6.42744064435489,8.69596098611771,12.9482562709752
0,7.47801595545169,38.8968058797425,12.1519148684687,11.429087704961,11.6542033502337
0,-3.81212890540911,-55.3989766016193,16.1801770870718,9.75483426274324,9.78052067619706
1,33.4762952089347,20.860965425018,-17.4189191234697,12.0812072970104,21.9390646969967
0,5.7844496970192,-9.87771781430614,-6.5268623912449,8.71661166878079,11.1176496840868
1,-6.36093351977848,42.0212812103519,19.3284477019122,14.5564567204537,20.6808831325057
0,34.1797500637837,-2.71014474511124,0.217155515300138,9.23810175127617,10.4226000911987
1,44.6617751669225,-36.1590279839272,-30.869293965315,12.7263068235896,20.4340474480248
1,-1.60650607720538,-17.4372698254584,-30.2356684430282,13.6258122626452,24.0126657936202
0,6.66742959377078,-1.99680041003761,-5.34845809964865,11.4619503454541,9.45813584757356
1,3.87751893107688,-2.59892885123134,-4.06214803426039,12.2153356728274,17.4432698864108
0,-13.6614803605259,-13.6560830656124,-6.082830416217,9.66719245167303,11.0067611155931
1,10.9899526536649,-6.34906369323124,-31.4505703027692,11.015856777276,17.2237565931898
0,17.343795936587,-16.8880548648212,30.6512339683206,12.6396840392694,10.8785523340772
1,7.73275323704983,38.0277890561136,-8.15974243875467,10.8963007112797,20.9427336580657
0,-8.74957616961188,-1.00868896083375,-6.64173342166018,10.9649353037684,11.8362432921325
0,-8.56050120544973,-4.39202537430094,-16.2881544116138,10.8256297732567,11.3542743634471
1,-40.0465327907903,44.8984128661377,-27.9770568671934,13.6832733047553,24.2581040973399
1,-2.32758263252333,-24.6155089911977,-28.0339744442409,14.1878900741339,20.699924960514
0,-15.5911857288351,2.60745210227933,16.5932204841302,9.26256578933083,10.3953702146865
0,-8.49184433290444,-6.22063582530328,26.3974425873276,8.8938336658292,10.8161204502452
0,-8.87320865491605,-4.25929531364893,-9.85472214900186,10.3447580233335,11.4603742917985
1,-41.0711908129528,-13.0726291480561,-6.01156397011816,13.653217313107,19.4449660588173
1,4.1827954586725,5.72027960599399,-29.0079087744641,12.4339771498746,20.1372351726784
0,7.61193145215218,16.3787435657786,-27.9121215810351,9.79350483180846,10.8402002057198
0,8.72496848800912,-11.8919854713874,-4.60489680557518,10.049244317382,11.6828865647647
1,-2.63286867767586,-10.3456143324612,-1.67934908647313,13.0036593524502,20.0240779904437
0,5.27958839225832,8.51376711931436,11.955858287252,10.3847927635104,8.84406869868036
1,-12.4984692654761,1.14902742210044,-12.5584053589385,11.7304264993991,19.1810599503257
1,-6.08056029487222,38.73709173083,-13.9691022938215,12.7994939322618,24.3602115730934
0,3.32121450330055,-4.55267933119299,-30.0142926194761,10.0919681393833,10.2683746169177
1,27.1233185813435,-27.6857900572281,7.06321033227495,12.6641893657739,19.8028066023213
1,7.92015122062453,-6.12761504832703,40.518026626755,11.5237726996991,17.711894391087
1,11.7219761038251,-8.05419937732952,-27.0982244088204,11.9225451630473,18.9030364863272
0,5.3167212387596,-7.60934998184686,18.0211336630005,11.0413915942866,9.97382506742817
1,1.81990024065855,0.809323200043841,-1.05540062097102,13.7744765729637,22.3695036002044
1,6.17168566786324,6.14768158074766,15.0013149138014,10.8623263981969,15.5218659107869
1,-6.73421247817205,27.8988170383201,-16.6253516202343,12.2869670797415,14.3442984130495
0,-4.13664104040617,-1.33615195152532,1.43003406923371,9.65288164474694,13.2871683671227
0,7.72360207278272,-1.69965507717599,-11.2166086632752,10.302143394049,10.2779566196704
0,2.6105580661221,1.17566627409689,35.8261402918655,9.87049485900564,8.58995206359831
1,1.37557985103861,-29.5518105269416,37.1071157397326,13.3327620369451,20.5724687261026
1,15.1806543124722,8.63417375798211,11.2835306005256,13.7817344135743,22.1929035916195
1,7.1384867659608,-39.8318006728058,20.1993524110351,13.3021591250434,21.5709432323768
1,-2.93057056874985,7.29004897240671,-53.8780944597709,14.4482234321015,24.5459657405721
0,17.4907733996831,25.134768141778,0.473929558251506,10.4369323316138,14.2935930062386
0,-19.04638504303,17.5221916998004,-17.8892776406549,10.2132887951857,11.0221275512463
1,2.85564886834504,-5.07241551501521,-61.3152592525643,11.2663351965634,15.226855444578
0,13.3044760391421,18.7532234646997,7.27435119608063,8.13140927568101,7.35834801346882
0,-4.28681578598589,8.76193360745424,4.00346268637124,11.1777112275008,8.47984802885987
0,-4.64428236452053,5.79474382629518,-17.4981538590172,8.75441580559452,7.71670433748292
1,4.61304857060236,-4.93450873407758,12.4138689417463,14.9559859019309,23.562303424275
1,-49.6206778324735,16.1152494410994,39.6450107756857,12.9674731616193,21.6510118617835
0,9.81857861783481,10.0071545882284,-6.00815376288255,9.91215899025067,5.99500694816562
0,1.39425000319313,-35.020501203129,-8.94852425057056,13.1788961882165,9.11694422700065
0,20.6296967361257,19.8584729816833,-1.31203819965679,12.0983251939503,11.8762001290798
0,-0.367322558852446,-3.43869988132589,-15.2958451754398,10.8868637912231,10.7618819312841
0,10.946057918148,-8.6484335772159,4.4029867517317,11.1135755523114,10.4400511126971
0,-10.3380108056715,-14.7849813808376,11.3055006453985,10.4351417858357,10.8060070767408
1,23.8707451270259,1.57317003401683,12.3204965726283,13.2882547294225,21.8377661659481
0,3.05222701079546,-9.07636590700317,-0.711685180765604,9.40835920273573,9.20953084300653
1,-2.37220290472418,-1.48503107341302,38.0002378439191,11.7922972447894,17.8432770545535
0,0.918752115857404,3.38777650490772,13.7807317901101,8.01993194899577,8.40829227066542
1,15.2377438561423,-6.90997145353194,-8.5282607147483,13.3424865565231,21.6288296668193
1,15.4387815497125,22.2181368905295,9.00467614247804,13.3780046495691,24.4209948723214
1,13.8815615027395,13.7795000416895,-16.5345642121936,10.2600789824171,18.3990735297735
1,4.17893815554378,32.5664878576003,17.3509396653992,14.1594912000403,19.6801180703251
0,1.28669622257286,24.075779349046,0.884805699435227,9.95599631503596,9.96838312584581
0,-2.59455020205537,-11.9305615435887,6.29052578823925,11.3991780175292,11.3401182566619
0,1.15370831778571,5.14211757730872,-25.7969442762313,11.1970253970473,11.7670664636046
0,-9.71411467646904,16.236398971081,-4.27066890785376,11.0569057592717,9.53514162918166
1,23.948046983867,-6.45330070157637,9.07025617599722,14.7876896771224,20.3906958757936
0,5.62698459972566,-3.1870443753115,3.51782016690067,10.9937214126848,12.0522449639179
1,15.5588640363741,-6.92524128447049,-4.20729971143368,12.7121759315883,20.1976292744456
0,18.4176668394345,13.5800376692412,-3.30826054961398,10.2452309743166,8.6703363225648
1,-10.2013395507907,-1.09276772850058,1.15671137087386,11.5723553504118,18.1034543933106
0,-0.322573928607584,-4.46739073620095,24.0133866945487,9.56285568821407,12.4092038886205
1,-15.7034631437424,-26.318201436902,-13.4110460138983,13.9976091872797,19.0981252891958
1,-3.683487202334,14.4235581232347,-61.276257487592,14.5634897849334,24.9705439663062
0,-1.30283325918084,16.8837748829285,1.41757124801233,11.2571606422072,10.8552859498485
0,2.30014893985512,-38.4192897900383,37.4788727214878,9.24734902378207,7.18774364404095
1,15.9619368496653,5.7885027260481,-9.42132097758639,11.4083073535327,17.3386294157601
0,15.3099204691146,-2.56020124245468,-3.42391281559504,10.1853703526164,8.88628181509883
1,14.2685866696548,-13.8788850915196,27.6948939412921,13.926869972182,22.4685066499819
0,3.35573823534666,6.63370798618428,-15.5318637351473,10.8846374412006,8.85359143471567
1,14.1276883762748,-61.7784800324907,4.31533581944942,11.6188346220226,18.3003971684447
0,-8.2932325633993,0.278491715274827,-3.6403622407992,10.9741901172468,12.2775471106594
0,9.59589976857782,-13.7201651132175,1.0492176622347,10.5082659859083,11.6632430868384
0,-5.2614879091874,30.634820131623,-6.18538981760182,10.6751051300536,13.2553874937574
0,0.174455894423296,6.61759240208718,19.5949659973651,10.0279863696173,7.99227852102807
1,1.70143938387148,-8.44006981283806,20.4939839117836,10.4036264147072,16.6541552954853
0,12.2038366938986,18.1211857933686,-4.52914441533137,9.97048769688678,8.74060508106778
1,10.0203039842191,-10.5722440934551,-36.4500191842501,13.8018960751873,20.3535093473052
0,-7.9902756187454,55.8611623627909,35.0597816937223,11.3730199392649,6.75120708482298
0,36.7976033289084,7.60404125107223,3.14196390388941,11.4984865988762,9.16548285090241
1,4.19298362670157,-1.24404010167075,-10.067348617644,10.203861534301,16.4402287418674
1,17.1448734302958,10.2774260972217,-24.9321203860244,11.3731212085018,19.6885461964758
1,11.5723652332237,4.03718167381041,-2.76285090409244,12.1828649312577,18.0710816737325
0,11.2409690971118,6.42484974339945,-45.7065447643775,10.1620500455249,11.3565312034398
0,-0.0420034456136993,-18.8958370543419,40.1803887243764,11.7190968736429,11.3946385084409
0,2.32689322767535,-8.64702398555477,-48.6863801533388,10.4505629649134,8.69322961097868
0,-13.2264348020519,-5.60340111951463,-16.2269095743964,10.4136732387315,9.8112054205914
1,-2.15236439015254,4.51096356494409,21.5854192802945,9.84557395008714,15.8321597449836
0,-9.96895856710678,9.04762288884544,-14.4956743986776,8.07424188178365,8.62972360948908
0,-21.0993965405601,26.2024775474847,9.28997867305175,10.5141901688521,11.1796529878241
1,-0.575312127234981,-17.8753223950056,16.1937069242518,12.6689752686413,20.4250816051332
0,-12.0070799251829,18.3638740677851,-0.480780087247765,10.405727824911,10.733718618265
0,-2.89275929617759,0.30393732162558,3.69707363479407,9.0077522164588,6.28534108838841
1,-20.7814792775953,6.42208258838078,45.9357153860422,13.9105950658692,22.3682879273765
1,53.2718005231589,-12.3626273465506,-4.75967360083881,12.3595484382321,21.1015689586411
0,-13.0014786237122,-0.502413972778887,3.33486979911851,11.2444714715057,10.8943734138352
1,28.4462917056253,8.8713368419479,13.3410165731753,13.328452558741,21.0619622064057
0,-12.0279850486703,-10.146292701817,-24.4756474171632,10.0837787934589,11.4006865399609
0,11.5710853229192,-2.60726457554792,3.0760549987018,10.7654486124276,13.8177014902694
1,-9.75122733402562,11.7080570155624,1.39764289144675,12.5683942782805,21.6336046517245
0,3.95739992734256,-7.66296367558516,40.9957906312797,10.8044196931555,12.1154525455276
1,-32.714371619436,-19.7851904478044,-40.5909704748167,12.8564421516137,17.7242321323061
1,-3.0157596375,0.772281308389129,-41.8102597930664,10.7936140562468,16.0794515433196
1,-0.900422103577918,14.000665584181,10.5989791507762,12.9657051322315,20.5374595973293
0,0.712131401350868,17.3767309080783,44.5711786110811,11.2281842174308,13.0037819574945
0,0.411033060563568,-24.3276192259786,-0.582340178451224,10.7919631196004,9.1473096724846
1,-21.2179685364276,-15.3091310686513,-2.78419119144262,13.6357404374657,18.9755306605708
1,-2.17583633491072,11.7626549200489,14.1580369965769,12.661788400302,21.0072137937926
0,3.60547965007218,-5.7306108607837,-5.10202683559875,9.56079470418585,8.48313872229216
1,-14.091692360271,0.22799789439508,25.7477983294087,14.953123186187,22.7441828064805
1,-1.12050426380768,7.02088518632829,-5.00584006554632,10.8648094874415,18.7588859218739
1,-10.7477855948903,14.3637977022344,8.66678653635091,12.1342895833973,18.0131360162006
0,-17.0390438876748,-7.75602020668108,-39.5815677649079,9.68776482792978,9.07995324148772
0,-6.21508232992235,1.91092292577725,-5.74597914433444,9.06255565411383,7.96696693559536
1,-8.39240754294893,-1.79340777896484,-30.9969654924074,11.5543510292014,15.9625662393917
0,7.36297619272379,7.23770704001944,40.8951157452905,11.0125412850821,9.72157957523152
1,2.31085619557011,43.6299400074038,-1.06367720670952,12.894947113259,18.8277606940057
0,16.2706480099579,-29.0388453680192,-1.74188601196436,12.0944342578614,12.4048980928834
1,10.3537306924845,2.92566427728556,-7.20041069814075,10.2865555485082,16.0861612184566
0,-0.633179663572746,-0.817258495871946,3.77901826251272,9.31271149133931,8.38121647851433
0,4.68747402366771,17.4712184000344,-10.0874971821142,8.69263656531009,6.89831957079792
0,-8.46683083930391,-16.4505767505151,-20.574764236864,12.4233183391228,9.46023383486492
0,-6.18877283404962,-7.39390050832123,-12.0140302573395,9.85638929255063,10.8715659952205
1,24.3466115309522,-14.2305623738275,0.246314557950148,12.9978194201503,19.2732252135915
0,6.82140116116947,48.9210349004317,6.66352099626733,10.5326082836144,5.75118562111457
0,-3.27838544338021,47.8860395797263,4.46561244514676,9.88933910292452,8.48581168861867
0,7.68812008625163,30.9662239498614,-28.864701845152,11.5378091733269,14.371385499381
1,6.34883419778643,3.90339040989619,1.61872375573615,12.5132443604904,20.6942373982676
1,-10.8198265249094,7.29807125785556,3.35036235546934,11.6177570221082,19.9074852313606
1,-9.82157879735432,-0.901932750536871,-32.7746438635009,13.4533426090033,16.529488179088
0,6.26196386198153,41.770950826262,1.80003772098424,9.83679363583989,11.4101879303225
1,13.1592872190718,2.5771013191319,30.4433533295387,14.4577164985759,19.6781495505553
0,11.7027169392666,15.2132801843816,4.51592747120241,10.3923205688938,7.43783547611936
0,-2.40279657386864,41.8824616602014,-7.65188528151439,9.81120490336011,9.92282115523257
0,-0.488374077660242,9.36939635845807,-16.8936334510452,11.3506503253538,12.5203281621914
1,31.9047545548657,-7.79270764665239,1.63142283306507,12.3494846168425,18.9898063271877
0,5.39888463311409,16.0918973730448,-44.4135537849943,12.1064958997066,13.0228442552665
0,8.66858195564129,20.2544574046262,12.8327636150091,10.1298782685217,13.0203476591224
0,0.541859313844017,38.5882460389554,-44.214707480289,10.3859226634794,10.4074142262411
1,-4.45012544545141,20.4251755817495,-16.4862662691761,14.4419737952004,22.0145633645223
1,1.96447449667602,-5.86854405408739,44.1689122915377,10.3367584047897,15.8979853305683
0,9.60361443157883,-4.08120156453471,7.41850490640538,10.6648038728081,9.60221689112542
0,11.5112996042095,-12.1962995040361,-10.9167327949624,9.80097085776929,8.34451755522915
0,-8.01861532454251,2.25116706201225,-3.66793256465847,11.0865511035125,7.07639281286316
1,-0.969365663742582,-29.6117994744598,-13.7600608048966,12.6618264875309,23.6401976002886
0,-6.47639428975188,-29.6153269615751,8.40756350895279,9.27112774486788,8.33737126678766
1,-3.51763451572892,-3.37558278720967,26.4007566520128,12.5975162989982,19.265983136925
0,-15.3974660761694,18.8818917215122,28.4312339905495,9.68125377451521,12.1328339356852
0,-7.44671054215537,23.7582454323546,-0.787655047558137,10.2757949357354,12.8831592352167
0,7.593008043829,13.0000354072992,21.1611133070523,10.8017265291055,9.41433990002303
1,-13.8302609851268,12.4947428229,-7.3878001970963,12.7250924557267,19.2123714949221
1,15.1501367117406,12.5357383270455,8.01361155748889,12.7589580076348,19.5742689956773
1,-2.90060843277102,-7.82959820443989,-40.2806350102266,11.6142602852667,17.3281831891265
1,-1.22397603859476,17.6666069553743,-48.2579855788867,12.9371275315908,21.1814878326891
1,50.7874463784797,12.8493172476598,20.3879595605797,12.8834090376968,17.8138687298894
0,-18.9160192094961,-3.84189167987158,-8.7008881203291,10.4026926030163,10.9789093744215
0,-13.2130708847685,-13.7680789827358,-9.95667756910051,13.3677585517057,12.7422797555493
0,-17.0581616408158,13.9997488943772,4.83836780880328,8.67145121928493,6.3662520352543
0,-27.7204450110244,19.3469874806454,-3.44872999444689,10.5834654601495,11.6808642335908
0,1.30123584088582,13.4805146716723,-18.3586200244462,9.84560311885966,10.4435707099994
0,23.9727952717269,26.2075803019388,-3.26610370929525,8.90839036468717,8.51059786994157
1,29.6525048954305,8.63436178058652,-16.1362804925841,13.2314501382195,22.6430297743835
0,8.78730715424165,3.16885241044826,-8.70907378233542,9.78124580377352,9.64424668125063
1,-16.3983905661359,35.3963373181785,1.37605416991378,14.6790207088062,23.5067469912639
1,-15.9189454262267,24.2676013124524,-15.4839652500901,12.9614502303762,19.6556486175715
0,11.1349048926866,-2.39293685540105,-2.7154772592532,10.9877173369631,14.055372587281
1,-11.8571501233639,11.5343621543877,2.12428825797294,13.4609128649354,21.9575867418756
1,2.28101875669473,25.1477177825575,-1.2981073358417,12.1232044036126,17.3691356216085
1,-10.3756060448742,-5.72004011249215,-18.5718637552222,12.4794211417814,17.7796658952001
0,-1.1909140409408,2.15608438684374,6.46750591204866,10.8709366637904,10.614389100046
0,8.93496262312556,-2.78391238813037,0.919582434778542,11.4739022944318,13.9111683322359
0,18.2270014179936,1.74890681184578,-9.64661385993196,10.9593698567583,14.68422860159
1,6.92270900949791,2.4288001702571,-31.7402601768286,11.1059912644391,16.3800795434256
1,0.499811551850013,-5.06966466667012,1.35081827641178,11.5261363916933,17.546332428051
0,-26.1030473594079,-35.1574680836664,-23.5004612221423,10.625963415738,10.6792325679523
0,-1.85230065905908,8.44354420924143,-11.6194848404542,11.1960554371419,11.2972071009016
1,16.6121384284005,-3.31802738989433,-16.0990175929998,11.29967283428,17.0986840674878
1,17.330798881185,0.844320462327405,-24.7730306483608,12.2344714392029,21.0900141821849
1,-11.9286951875271,18.3896593517999,-12.2197340287998,14.6848318952288,22.0912313495459
0,-28.0756784747265,-2.06474592971857,7.74364355058145,10.0158273671662,10.1715006045929
0,-8.0069498009423,5.57366861128252,15.1987441211273,8.2134051964983,7.98893136589724
0,7.85187093330617,5.52559190728549,4.21368433095299,10.6976814763946,11.7767405001296
0,-2.35729520416133,-9.23841174371447,-21.9010258670046,10.8669615398868,10.6495775619642
1,-2.35501004291481,-6.7983808758145,24.8663546740654,10.68216889161,16.510749861367
1,4.11235000854856,-11.5395243582851,-4.56311970856019,12.9581970853411,21.8138235532999
0,7.97142159608639,9.66497288054782,-4.57167932228761,9.59234827095652,8.83876508407633
0,17.6206799824121,3.35489422734581,0.372179474342732,10.3966257090043,10.8904256918019
0,-1.66543762552375,-11.0475307970926,16.7606870684204,10.5822292866929,9.15131706522643
1,-12.6743646169166,62.7242353599246,-41.6566239791761,13.7353542663606,20.9270208895946
0,-14.7442097233799,-9.88083497736266,-22.0767225269269,11.8155192587692,14.1499740339612
0,-3.95414706959312,22.2034408982461,-2.98608584202833,10.6008324422463,9.69351884115654
0,-1.69490506967422,4.03254751711479,7.83699069298619,9.60364032778128,12.3990485045237
1,11.6387980133884,4.88084593423719,-21.6402196090074,12.9705227556116,19.3967621241744
0,34.0570486328366,11.6188203013964,-7.79938507616156,9.92586838959675,8.67817646998761
0,-4.15123354068059,-9.54926216847365,-7.8999868154173,7.93962397365952,8.5551623340895
1,32.4964473306887,9.69811101387046,-19.0913477492708,14.8079494311614,24.0875585374974
1,19.3783693366835,-16.4176342933221,-40.912691638526,15.4618304042615,21.2284345551732
0,12.2449967933136,-1.03762017392823,2.82875458809676,9.80997825605937,9.2406525452466
1,-27.1261174426083,-13.0313714693399,-24.626483455801,12.2288123840312,20.3178011058218
1,-5.91984523718139,4.86777560314378,-6.73549435731419,12.7443905550025,18.5227454669064
0,2.26408689428676,-42.0598163534147,-72.3744288837412,10.3144831429041,10.3316870547314
1,-37.698435504431,5.72158295968817,15.728588799229,11.9974589461503,16.0505459862428
0,7.62921117818345,9.56346962838491,-1.434791581588,10.1136521806475,10.9474309512829
1,25.2362268398037,-11.4016583651099,3.74724456927722,11.6985344102977,19.6253067622483
0,-23.363352200473,5.41585139933034,13.6945955589056,9.69893583603122,11.677171635312
1,14.3530791782181,-1.40476404426863,-10.0605807879187,10.0098650589314,16.9514690755067
1,-11.6143123332729,-0.438137161153695,20.1837002267992,13.4355870416698,21.1251285476163
0,2.13932847117824,-3.63209932537996,-19.6693017701856,11.4389534008094,10.1861222510709
1,-8.69763591838403,6.44443432199424,20.8421926522662,11.0534384124243,16.5728606490464
1,11.6922407179133,2.47052259009633,49.3026988105413,11.326044725589,18.9238372717253
0,-17.0740735669595,0.609308993678041,-11.7753852930953,9.14755076065451,9.35376897580077
0,25.6756949609171,6.16422058397599,-8.9648449508525,9.91045407141874,12.074691699015
0,4.0161261659159,-3.1323714544085,14.3925539252018,10.5987571865785,10.7727930784483
0,-4.6647790857781,5.63684977351744,29.0322800254701,9.09260829415166,7.39943798359589
0,23.439984395391,-1.35536759775034,-31.7449520217244,11.73971823174,12.9727703545566
0,7.14356009819742,21.7713484865836,2.02402922910153,11.8794652558298,10.7227548642701
1,3.24676576575722,-17.1542957662492,1.13213914866246,11.2972953628529,19.5105301006675
1,-1.27466067293417,29.2445719967563,5.37947103774222,12.0134991142135,17.3453608555825
0,0.474807609298237,-0.739677201788187,-17.1964710332099,10.0725159728222,12.0228960328156
1,-37.0983921742886,-0.12662631383959,1.0683720148552,11.6914351722961,16.7248154824742
1,-3.83969575366932,0.845989688451746,-26.824892186414,13.1504906319812,19.7229822933465
1,11.086221891835,-7.7149421350444,-4.08150230523854,10.8286346734763,17.8854276087452
0,38.9159187327465,-20.7947444773263,-23.3567491523037,11.4573582346369,9.78266908442937
1,-7.69017405322393,-14.1164390029464,-24.5040731263874,12.3906376914423,22.6068474345771
0,-5.35643553368307,-50.941369511172,0.62501201937431,7.3158903556461,7.81731745030343
1,11.2781139341335,-15.4476906886933,47.3532418666206,12.1350177518335,19.0029906765226
0,1.96804601260101,21.0531922654112,-4.88579777686608,10.2074781971798,11.3586720047591
0,-79.609842901831,5.48043577862836,10.8355214691603,11.0982995475492,12.1587851183021
1,14.6887597145573,4.78002408612553,-40.2741866692228,14.6170530370073,20.8899689090336
0,-9.51613086694238,-1.08843763858774,55.0304582188824,9.2442949590739,9.11265916510817
1,15.4207270617893,3.71507008699486,0.119123075469285,14.583848483657,23.6354890283985
0,13.1582484720144,-34.3295929436921,-64.6691111805009,9.38336025648971,14.0349231673656
0,-8.41756483703575,-2.6078798862211,-6.38529455475125,8.53192980764645,7.75012719474413
1,15.3468859177423,8.82242455587694,-21.4565219151435,12.8512606058978,19.5184939063191
1,14.4724611647313,35.9148470165943,-35.3325483578251,12.9801977397311,18.4278848807925
0,4.45609795561451,3.54275532613949,1.40083268648604,8.59199924657774,10.054955017951
1,21.62438744993,-35.0949161434892,35.511881815171,13.2174083987627,21.4015110743745
1,-3.51649297389135,-17.0375145473859,53.1535027934636,11.279971336431,19.6891021202562
1,-6.69302544895276,13.2998732465016,-3.55139909778097,13.0490361236047,19.7526480755694
0,-2.87437053810174,-1.37494518288168,1.94044572264759,11.3597915197788,12.4231188302299
1,9.02421338890704,8.07324314102863,3.77854011215377,13.6453704713255,20.2639962327284
1,7.9052555248463,3.21008986207347,15.4991558756184,14.0898223423523,24.5857613889888
1,-17.021537069411,-5.41243551675669,-39.7133742390661,13.9203986702278,22.4296624075195
0,3.5039366623166,13.0452544617858,21.111045713137,11.3887785436103,11.1122344291633
0,1.44401414729015,2.96811574970272,-18.6439389903831,11.265134343005,8.9262237027192
1,-1.49984877274941,-4.55900708944729,-15.4309547855629,10.2175509751111,17.8568525345726
0,-0.079753569705683,11.058477585079,-5.66380740961747,7.67538467255489,9.70014274902949
0,-6.20413221885314,-10.7211899917849,24.9832668148198,12.9055345429054,13.9014781887177
0,22.1706903613482,-4.16526286515795,7.23762245542869,11.0373165225111,11.2744130786177
0,-11.769690302318,2.2690038632479,-10.6333784091628,10.2659174464055,11.4705156445662
0,-18.3289171832638,24.7841451082146,-26.5651009805536,11.2790283383639,18.1239418391797
0,-5.90149013693206,-17.3252820440045,5.43862473173209,11.2172393930051,13.3215948540491
1,44.8847735744792,13.0197418142399,0.309376331858084,12.7138053945884,20.9930646928318
0,-2.02350996143237,-2.45227018528618,2.25820012930223,10.5184263028461,10.8262847635485
0,-6.7156433425558,-7.9544947466233,6.57280352045031,10.1352765667191,11.0701350305366
0,-8.39075085267448,-4.13912622985633,-3.24614175147672,10.982232180531,11.4701909954711
1,-3.21353318551502,30.9116536805718,22.8688291158412,14.230133484594,23.2625512680526
1,29.0963182483922,-1.31881925881723,-25.9428878268481,13.2452807321258,16.3548282012576
1,14.7879154967637,-10.0669239703032,-22.6386443063897,11.7139065870733,21.0311873834238
1,1.9514704945886,13.1922073940805,-24.5921710232511,12.011842374339,20.0913936352241
0,-6.35672620078222,-20.0258905641837,5.87103486252734,10.7846322978942,11.1577102061597
1,2.15723686392131,2.64638811428489,24.9034910698384,12.5061138321648,20.610726204224
1,25.8376557168859,-7.20696677922763,-15.9963327010979,13.7789320228534,21.138781031905
1,-5.5463929934127,-60.9774084412224,-2.28300222761956,13.1123446844247,17.2641953796936
0,5.58831118284778,-18.3526391587955,1.2045784875268,10.4287900376494,8.38786027168184
1,12.7727322208233,4.62876682701916,-22.1229326917941,12.3476266481978,20.0197243130355
1,6.12648659088773,3.52271318914808,26.3324958426144,12.1755797214899,19.8229872399402
1,-2.6270880742746,-9.76995827592676,15.7862668678021,13.6723704275338,22.344123782455
1,9.61756403832347,5.22076368382838,19.931576031735,10.0288462296517,17.6872794933339
0,2.94277479913515,-8.00260965963062,6.32030010589507,11.56146311342,7.32978750453886
0,-11.1844507939322,4.79144438100742,4.68879327187677,11.1059827645906,10.734060454484
1,-39.2449777995989,-57.2880780116091,-10.0729914688926,13.1143226148207,20.8610920117647
1,-2.48504713231292,3.66540530889725,17.5978658161413,12.2333488809586,18.6613039960591
1,33.0421979372303,5.28315336331789,-18.3031106048885,12.9181524560333,18.9529109296501
0,-40.0044872480244,-15.0641665113632,1.56277837131565,9.23204701789083,9.45094313683769
1,-4.17709155320097,-1.88464192752595,-26.8332107050891,14.6993105890056,22.602972599091
1,58.0979769727322,-17.8458710055288,-53.5682705955731,14.9129527853962,22.3033819059769
1,-35.6927176489098,-1.03751471627765,-6.81553647953813,13.2053505332786,22.7129174747053
0,-16.4732320600958,8.43529972382182,-0.193867044764512,11.4938586939128,9.90278103064247
0,3.53571418204783,-3.26384562115056,-1.70289534586803,10.4234850798487,9.03222640571398
1,-5.02301672479506,-2.7212867951116,-29.8280279899258,13.518051532529,24.5361042996785
1,-35.0558897944776,0.596032376738426,20.0014785777333,13.9206481823603,16.4171931794382
1,-60.8191067579722,-22.8511615599254,18.3287336277814,12.3724053367069,19.4119009722398
0,-2.31548441733988,5.55462547763438,4.4855271310649,9.45389964208963,9.5371055211604
0,5.64380270543908,-13.8387433809591,5.69952994643568,10.4020067744589,11.8745768376663
0,-2.94176560320796,2.99006604231938,-11.7134077065558,8.7119054078013,9.71252015335446
0,-14.8685593205782,-10.8803634537967,-3.91498234433999,11.057603320575,13.2887810762527
0,-2.34806150083439,-9.46962939554431,3.60130764565482,10.2982918509115,9.19006259444271
0,7.10343127477935,-3.5896356007873,4.92766161197829,11.1914181631316,8.21598482396088
0,11.4982882169989,-22.3236535629833,7.84399427120669,11.4068935341353,9.9059872587544
0,-23.2483884279491,-47.4016912003937,25.9011752188496,11.9581663638648,15.7630840013136
1,1.00389027265326,7.14441608216927,-20.2307900675208,13.7806426439477,22.8241269209788
1,-20.2995634345182,-15.5351334435507,51.4860406731391,12.3398519335861,18.7287332231596
1,-10.1228913199139,-4.89867536566021,-43.8287035820882,12.7440376835775,21.8685253315006
1,-19.661452656177,-12.3795822771544,-4.30245853760333,12.4083989563526,18.6085059956466
0,-3.58460659283412,-0.774353968186713,0.20392147617601,10.6003461769828,8.33089972196727
1,-33.1693178178391,-6.62672502583945,1.78695191205808,11.8728474557739,22.1014432151214
0,16.3685679838357,50.3900183367364,-26.6350981375684,9.45710723873623,5.67696241637979
0,11.0338209414423,-10.3668076489454,-0.086229389132965,9.84367211282216,10.2902740672367
1,-1.69687892503915,-27.8460974732338,-6.68331398574263,11.9426552912045,18.9563591684086
0,1.19727943022703,-61.7945038022656,-41.661278871274,10.6281505313742,16.6951701116302
1,-9.80220158097623,13.3085791975785,-9.35245403331297,12.9645581874477,20.2729049220798
0,3.85444417210976,9.98207698617755,-26.0553098493684,10.129090942144,10.5099364817704
0,-9.66197460575992,1.33167844613125,10.5408478673878,11.2119791849396,11.298116795511
0,-12.4433935145521,1.51312247196107,-50.9857001848078,11.9592268108364,10.997612094103
1,-17.2989542602679,2.72892722149661,-5.46012217879565,11.9644841712367,19.521389816137
0,2.89599730538851,9.81836635114147,-22.012326294869,12.5504936710108,11.1410648409034
0,-5.49555834521882,22.1788540707098,5.54489581540966,12.2865763820325,14.0023631750307
0,-0.503538353544273,7.3478282568593,-1.91918256860678,10.5065985807837,10.7408970254144
0,-16.165466834851,47.5805925987469,53.8008610387388,10.8739282447101,13.656617233734
1,1.38659977544074,-0.320502893400922,0.149452468008328,13.7758536712514,18.9692426422788
1,-22.1725097762766,-3.9825391169998,-18.6878239162709,11.9890788170219,20.7079105728306
0,14.7098885525394,-9.04330180634544,7.57992670566121,8.68960090756613,8.51701766331795
1,-9.87037343068156,-7.65613998623016,-29.4297807779357,12.6540570083964,22.1582773627991
1,25.3040930768063,7.66474508750309,-31.1305631861351,12.7610804455286,21.4695024454462
0,-1.33340354401699,3.30838387132217,-9.24320334185331,10.2260411950741,9.32088559444761
0,-8.62855571154109,12.277869488691,10.9121847160108,12.3003309851772,10.6362513428196
0,5.25468543339104,-4.3252540483606,-17.1139886175097,10.6292157254075,10.0249808401126
1,-0.404960186287233,2.71329450038471,-1.00873549999587,13.0688744987094,20.0305906308155
0,18.5055199513562,-24.2163745633216,-25.4263708589171,11.4961822055533,7.85614740629629
1,20.7425005712937,-9.57590163359015,14.4067269094974,9.51951939848848,13.4395461072348
1,-5.326029464408,-8.6136370928631,-17.1556123931801,12.8154757071489,18.2460967851471
0,-5.91813822417033,-9.15257041340368,-7.88029550467369,10.8080515995905,11.5134086319748
0,12.8263662015519,-0.732749894260689,-7.41203532438564,7.82448556223411,7.72538638540506
0,7.71013205348494,2.04535498807369,-4.65411685853822,8.75823437737294,9.75091571269405
0,4.52281733296818,1.20534768106069,-6.55223476007224,10.7641965567892,6.442669587219
1,-32.0306303778279,12.5039983198326,-15.1687906796287,12.839312299993,23.2000964639715
0,1.12794325122177,-1.81936885748471,18.1534035812249,10.6526820192578,9.5145983832485
1,9.41886714756558,6.09341219748011,-1.74430405880363,11.0822707962561,17.3569050733075
1,6.68408831802586,-8.90583328194506,-15.1971758585465,11.5126439510653,19.339644362412
1,-8.615487344823,1.04717557568144,-16.2421472683773,11.466231403357,15.3576164991497
0,-9.09169989800766,-6.39109017270671,54.6888717159235,10.2149861313804,11.4789293125164
1,-2.618477962117,9.56566240215222,-0.531381399631209,13.000570300701,23.8668849147637
0,-1.17159591905863,13.9301774050848,6.15247624522446,9.64321228862473,9.7229715474625
1,12.7068754620495,2.75383882995781,-19.511197120745,11.7043311574051,17.8973097272134
1,-2.10189608979908,-37.5950242546631,15.6009449973917,14.2394177707775,19.0825992168788
1,4.1935091761089,31.0797257536284,-52.9032659350243,13.0057048798936,19.580615999122
1,17.7895544871749,-21.6974659411821,-17.7841755287918,11.9121188458917,15.2357559938647
1,2.70036838748236,6.32386771896634,33.5668397668714,12.6778773818684,22.7167344858504
1,-8.12484163822706,9.90974817600632,10.1991736826232,13.2088416842668,22.2513981940265
0,-0.759314081033493,-14.4124031291322,8.15311408202828,9.61432450736172,10.3705418693499
1,-19.9691385092607,-22.0997735736968,11.9787117525515,13.6250553067802,19.8093336382885
1,6.22414274725108,11.4175306588902,-28.368459559639,11.8557839736342,17.944600578569
1,22.0253194270857,-9.78629245208598,-24.0536869754351,13.7350390395692,20.727625034122
0,-12.7971750107309,6.79441971890706,5.36086757351115,9.76595186403594,9.58317239983577
1,-61.3128047020991,31.3582710080994,19.7333766655142,12.939220840678,18.4333742621085
1,-42.5666717646603,-21.9716846909567,-26.004771530171,12.5636409259104,17.4283666440351
0,-2.26327851946013,8.10150157878414,17.8797242003942,9.63275756905335,7.65061983652306
0,3.49137150883872,4.10929515733031,17.4966096738259,9.94334616924379,9.31083944963718
1,-6.06398333898746,-36.64278373448,-1.73009485202074,12.6103254771472,20.5799135319561
1,-25.479960893214,11.1261566807874,18.5221565002652,11.7046945183599,19.4900270189562
1,1.71110847479178,9.87182650123095,9.26063808316188,11.4720838770193,17.4595573538326
0,-44.3065039555527,-2.34242366296686,-42.7972245201983,10.2439210652024,10.784359803232
0,4.77454575467089,-0.126965327854613,2.46774680883142,7.80393598040732,8.32649916528102
1,-11.8627550886193,3.61781297975617,-34.7699782750494,11.0689204881795,16.1582701301574
1,-6.57724528118587,6.693408859668,8.341890981096,12.401416971527,19.8070786405603
1,6.84938764045297,13.1110228268484,15.1348501171828,11.9511631710319,15.3748069352457
1,-2.10616455478504,-2.03202855365143,-3.92143234131744,12.9889367231446,20.5877806802489
0,-26.7441535241882,-3.95791313392448,-24.6926306204482,9.10563419015929,9.31372822355477
1,6.58509559418964,-8.66332276604984,11.9668586793689,12.2665961032465,19.1191444647489
1,38.3749299414391,7.81422331090694,18.2120207505869,14.3847071162017,23.2865463724479
0,1.57189353618899,7.42323571130791,45.9005439943653,9.31437817498114,8.35181302635992
1,-5.29509716011868,-12.1874008533284,-32.248726892676,10.8957883885963,18.7500447975913
0,-10.5779290494549,5.11815624247178,-48.8806782844108,10.3436806400584,11.6558877141609
1,-1.28177782373412,9.51115238351982,66.5044300992604,12.8145345111589,22.2472214211324
0,17.1329138100855,-26.3788446584542,42.9638943482776,11.3069911349911,10.0105037231703
0,5.37408250025646,13.1985550025688,3.29443135225004,9.85096220568487,9.71390270500119
0,-23.98239518942,20.0620644669477,-10.9342322741421,10.3232792959302,7.89777963326715
1,-9.73097798048486,-10.8631737760799,12.8457198377046,12.6671363005522,22.9079711753138
0,19.4987211769614,20.4003229821179,-19.6346075142927,10.3830806713957,10.1987169535141
0,24.0265751944542,33.4712674221792,4.52541021927804,9.82191710353997,12.4820466585675
0,17.0295161735872,-21.6078482067695,-14.0356846807313,9.42123876996962,10.992601605908
0,5.60205651883518,20.520929953239,-48.4627223604308,10.7590624627381,11.8941833100425
1,41.8056628916524,-56.8466314014321,49.7235421142897,15.0050032855841,17.0127185193391
1,34.0674754759863,-40.852465080626,-5.38999186602312,12.1738056026606,21.3971449360313
0,-7.83279899254083,17.5464431639247,33.4849147664115,9.43251855540024,8.64783478339609
1,13.9315221327601,-6.36688048093023,-41.7997165655314,10.9752219810028,19.4260579872573
1,9.45121919027233,1.35636086490602,41.3531108682109,11.7083825789089,16.461827849561
1,13.0119448450911,-19.5826615003219,-15.435387418607,12.7886922981506,20.6452355587274
0,9.71236715466466,22.3523305585976,43.4605948311546,10.8072228166534,10.9224986055999
1,68.6491286233178,-0.819690422305391,29.5600908130766,13.0246002811208,20.2627463260716
1,0.926828861992596,-20.0876829198403,-23.0706362353503,12.489144472334,17.8410414270999
0,16.9223731434607,1.21317201475369,-3.37372682524281,10.9843947651888,9.38766096640858
0,-18.6941714096067,-6.15401975502204,-2.14725486085679,13.4113088160934,12.7428232197733
0,-6.06866606507935,7.34504637119918,5.88162116157802,9.60824002384012,9.91204162002128
0,0.123664134939517,-2.90056748519061,-18.5175996487373,9.21709026354146,8.85761608626757
1,12.609504946716,-27.7637656509948,-19.9862216063011,12.3043688983557,19.4345151046008
1,9.01336073642732,-25.0455348686193,22.8059566200175,11.9448506755621,17.5062979523344
0,-7.6477786993559,2.6205464895987,-32.4388955500623,10.4275491622062,7.25218505333748
1,6.54040965133886,2.65201050424661,7.78945977554069,12.56360085778,19.5163152171399
1,1.83881029959167,26.9171020238768,-6.72945011715374,12.409002574133,21.8188114841833
1,6.70119807727326,-3.13675255810687,2.02086087028729,12.9435836413019,20.2394975550437
1,-7.77162168865158,-2.8493179630173,8.04412756322104,12.3673181088062,22.5133033362931
0,7.98236769924735,-24.2429947376303,-37.8368041477703,10.5441189512008,10.9842801784999
0,0.590328337915122,-0.556161150706675,1.60493484469392,10.3705791379336,10.1439345409808
1,-19.1560580443361,-19.767064919631,-27.8440068615877,14.4700672940211,24.7519007126824
0,-10.9231900513993,15.0071565408283,-6.09723902021005,9.83896002204944,10.6499790780785
1,3.19174445121692,-22.3078445001643,8.26689374863432,14.3321980151987,22.4529915581791
0,-5.81410586821991,17.3339919282916,-33.7933647722887,10.5898035368052,10.8275860129698
0,17.5413915188846,-6.20573339185996,4.08775885975036,9.19096240757755,7.37457658045071
1,-5.92744284273604,-8.2056162077676,-9.9424137561069,11.8360607457245,18.8091634509955
1,5.10312966143702,9.14484200203331,-38.3098817620428,11.7084301264265,19.2605444947195
0,6.44430405148861,-14.9603500319057,-15.6001891388571,12.6018622414968,12.4863879742121
0,-6.98258368149073,-13.5520370209874,-15.3605818435265,11.6530097488732,9.56230893468445
1,7.70618156069101,3.56834816835346,20.1810653245012,12.9677789745988,18.4911335485414
0,-10.5997890005382,2.80216553880102,-13.9829342301875,11.5986048086594,5.46263873460789
0,4.78573700314798,-4.14079996541002,48.2176093792162,10.1932019447896,11.5176683600679
0,-21.8909311399981,43.0051761658269,2.45616712877022,11.4299086456269,14.5807850418569
0,-8.88086214593563,-6.42482541247299,44.488810953689,10.8170253982694,5.28291594373966
0,-1.2629111059928,26.4853795819431,8.93609689980888,10.3712464852193,11.4200672343137
1,7.67175360819754,-9.28301645455842,0.737651922880775,13.1903076095025,19.8840134007959
1,0.280913280799123,-11.6650065285838,-15.9861310265825,12.9967499377462,21.4441629438866
0,-0.0286669103204735,-9.74004152760882,27.7236239869203,10.4222884760048,11.5768705713951
0,-11.6141319144977,-25.3213849527513,-11.6165301725465,12.3101223599011,10.8124553052312
1,14.5410671911394,-35.6198277049635,32.3303761983837,13.7479023155818,21.5117864598411
1,24.7699034645752,3.06040872242379,17.1536868365642,13.5370120209303,21.1444210064157
0,1.68547683502578,-3.97336915725247,19.052511740561,9.68300138267602,11.1646900798462
1,-3.74969351091549,-2.55433299841807,13.9861579134418,12.653597983872,18.5391345449265
0,7.14700557599014,8.02968085679309,7.10342453642287,10.0963994281834,8.14779966006603
0,14.77733496536,5.64625964868563,-9.82168105631038,11.1477927285479,10.5533847245338
0,3.97589885278608,0.89030064600399,21.641341362182,10.8737367184583,12.0644883289488
0,-1.28394025646095,1.47177512342476,43.5681317873426,9.53652305047582,8.87353062119194
1,-2.81990904942665,-6.20078582417397,18.0501416542634,13.0844393660445,19.5555237999305
1,-8.15967614334814,-37.0733622783939,50.3129603205576,9.87491904312024,15.4532033744935
0,51.7194876620984,54.9813161156119,-15.9506786319554,11.2766423054952,11.400438777359
1,-6.46400483465279,10.8097964027894,-25.8477879760251,12.285893003635,19.1145965619695
0,-2.91730191592786,-9.04411301092419,-6.88521919364537,10.7089469378317,9.80963934178776
1,2.31716201858715,-8.19934001551676,-4.2649227447471,12.517786903736,20.1746991749124
1,39.8788596046443,14.8894900265021,56.3505581333321,13.6564962405733,20.5877140962813
1,11.7579776357928,13.430873941132,8.29345490365844,13.884770940282,21.2294120569594
1,-5.22816296558856,3.46679545647656,17.5400613551256,13.9877411780976,22.4578013759895
0,-21.0564390763567,-17.4639272557576,9.69355555259954,12.8223348203072,14.6773889459625
1,23.8450384763236,-7.7006150871362,10.2974066799551,12.8815458510674,18.0517973792344
0,7.91143071502797,-0.404690637290396,6.67804939503941,10.287238809789,10.058675423949
1,55.2743443823124,14.6172720802786,-27.5761906354732,13.865326976476,20.6724389804804
0,-23.1193945181078,-12.2595745098814,7.91808384469493,10.2289200257983,9.98214790637805
0,-5.54104394299383,-8.46356311746069,20.862014138335,11.0441304920731,15.0787725609996
1,10.5829792294485,7.01833548843982,2.75207449450168,13.7474331413017,22.7880124933765
1,15.846929593078,-8.85915280966549,-5.22023031975262,10.7490241590542,15.455558985838
0,-5.7091219576102,-16.624713570341,6.19687219298405,10.0937232331964,9.58532863676697
1,1.42339183799046,-0.0653783599691582,-22.0894913365527,13.2044653662769,16.3332910287969
0,8.0988552032029,8.3275738099557,13.9890347882033,11.0326313139492,8.65011557020736
0,10.3005198635759,-13.7079945698185,33.5095683330683,11.1134071154666,12.0368994659298
0,-14.8807386398237,-10.0942217108887,-5.77109122852918,9.52338332701687,9.05598066691543
1,11.7612925150921,3.14258070107697,34.1402337140188,13.2742915637934,22.5506043257415
1,2.61418908071013,-8.70990830518902,38.545418704823,14.1541295175558,21.0565462903163
0,-4.13604365091457,2.49761424952472,-14.342703085327,11.2289162177757,11.8681574920999
1,-1.44894513563033,0.278531805427685,12.9665462932592,11.1345284727279,18.5979611569879
1,7.58439825138178,15.9982146108367,-16.7893503412166,12.3485524430298,20.1101035694898
0,-3.53200017045228,-7.29337053177747,-23.6068254036637,10.6752624792654,11.6886803391906
1,-0.631138158400402,12.758936050852,18.0444802705984,11.9107572845178,19.7231243700993
0,-8.15927586377351,9.94951558640101,10.9757806282197,8.69475658400051,5.91480367592948
1,-9.19006796951941,-0.294948960754758,5.64547005269392,11.4452937371993,17.8613502231297
1,45.1783846892153,16.1025267117345,13.3531670360122,14.5284335970045,27.2378920179105
1,2.78901576091208,-24.8255468189639,-5.82787701461716,12.2964117348609,16.0467103629365
0,-1.24975035591863,11.5923319929138,-27.3528045079794,8.8928036141944,9.36453405497138
1,-2.57930372907858,3.32564558993277,32.7084196316149,12.8918656985861,22.0029832318354
1,8.43436188243598,14.7392246695489,-24.2010181754326,13.4178960470534,19.5320636614076
1,-4.74472267563142,-34.6196242837853,38.2321500822775,11.2199474157284,16.9510527038298
1,28.5425422248227,-12.1266807069007,-25.3153571801181,13.2450316716108,20.5409298230321
1,-6.34005661953693,35.6662490280144,10.705594068436,12.1499403453773,19.9420911806419
1,-36.0298047248992,9.62415638300064,33.0569983041798,12.7918394769756,20.1437974247682
1,-5.09435897231342,5.08195423354959,-41.1744788798168,11.3186758316838,17.3618353021758
1,24.3232524812038,17.3591224347021,-5.24860319384683,14.592994878444,20.4662055439507
1,18.6817421060575,5.97441152912065,20.3678315094707,12.3832409650088,17.994957300896
0,4.1135713945494,4.46963276030613,-1.15389687523385,9.59775091127091,8.46636686876061
0,-1.41309744573694,10.8444731111608,5.11764173272937,10.7221399361655,10.5154989539684
1,8.18267252719459,-31.7385157848532,11.8731488078786,11.5038077328735,19.4314610530501
1,29.2312791510837,33.1120116101632,-3.94359310324317,14.0366687165318,22.7405479269934
0,11.7511519044257,47.0539182751037,-6.70244923457989,9.21547428839858,8.94860348043332
0,2.50726931709295,-9.87981164398926,-24.2752914036235,10.2541957321171,11.0650345305155
0,10.6595357759701,1.17524659798099,-18.4669731606427,12.1970068098161,13.3614299444351
1,-14.7103971017261,-34.5691530644339,-14.6057243839688,12.4845357012548,14.7646721324082
0,17.1267388462771,25.8264332452905,-26.0309762866368,9.5418961005881,9.06930864474079
0,4.65390302916036,7.7112316586257,-10.6425068334412,12.0779940436677,10.0972934839641
1,-5.88495535190052,29.9992741193477,-16.4270000533889,14.2132070379517,22.7731782353017
1,-0.706582779173477,0.52979184396914,33.1680635799665,10.9899578793284,20.9503822953643
1,28.2746327618707,-30.0856488150104,8.59519163224764,13.3715665174964,22.9826852427036
0,-1.24942427153364,1.35023307178654,-21.4314028063787,9.66428507922384,11.0501750220741
0,-16.3332756496053,-20.7530698401655,-1.32373352466842,9.27175741687637,11.0424180397181
0,0.988173975451133,-7.42699234338105,5.60600811316209,9.14242966720578,8.86900488098525
1,1.3007308789599,11.2854997044769,3.15864339385701,12.2584738872513,17.1125555591811
0,-22.4731376022798,-71.3079030116921,-26.4160835758188,12.9603045725601,11.8192570092699
0,-5.50499395404451,-6.33819228834165,-20.1674001490722,7.53567737813196,9.88977465435873
0,-3.2144350569121,12.373306983374,10.9483182910012,11.0705499218451,11.4672933560133
1,13.0356694718735,-11.203718452611,-16.6560493274038,11.3484469218973,19.1691629766705
1,-8.12596899471408,3.63483552988258,39.7762448149897,12.7320993614762,19.2078061915722
1,-4.17652220540131,10.1535126211144,-14.1323168861799,11.44694177405,18.1966758454999
0,-5.18353638618633,-15.6493507192961,-2.59214045781491,10.5513929230479,11.8786147740159
0,-8.85011278325287,-12.6898523225494,-10.1141467060972,10.5378892363509,10.2689613366619
1,-7.23173944553838,26.0452754997924,28.6628543529866,12.893200057273,20.8882661688591
0,14.7523188833795,28.071988289986,-42.5444797108579,10.0884786159413,13.8925021314812
0,76.7468011975886,16.1666062625375,-7.99152721137049,11.1634093397189,13.1245021416252
0,28.018760896777,20.7644141078839,25.8884711433524,12.8188788360351,13.6035395380457
1,-0.285665270105459,-5.72553466004435,12.5775035197761,12.2828713206322,18.1253102041914
1,-8.36707792370738,3.79268800113115,-25.4514229722332,12.9633000754655,20.4070388685982
0,-9.68721859027069,-63.4329547590545,4.93589654035956,10.6614217859628,6.33699960986431
0,-39.251490252611,7.96655666317523,-11.1097685385159,11.994538983043,11.3153077019183
0,11.7819117484302,27.2904373909579,4.00731907112581,9.59461497108339,7.3125322532518
1,4.2434599804222,8.95881604438368,-17.63014856174,11.8802939190816,18.8739136513255
0,-25.4896913091206,0.642112779277365,-3.74792400429699,10.6930842823019,9.86929286388691
1,14.2484431852207,21.5283762196305,0.0684754065247572,12.1497900053899,20.0415752982507
0,-1.90159478015011,-32.8820343133754,9.38610105571727,10.9112163436082,14.5723619038574
1,3.15495988327479,-16.4542438476722,-15.6432532204324,11.1732345063118,16.93665930131
0,-3.22831273573057,11.4120497228379,10.0576196974452,12.7131348216296,12.4003327172627
0,-2.17570125053426,23.3357365372218,14.4169969805937,9.86942171203113,10.3957163043823
0,-23.1014967234186,9.74991850912285,-31.8501911340131,11.4591030237866,10.9416786653717
0,4.01579982091073,10.5239484311412,4.03710475581252,9.03136751596815,8.61157928075673
1,-9.93614549112396,33.3143892871264,-53.1569265203001,13.8867518619858,20.9574036826257
0,-12.4762008088877,5.75153566007237,-2.50819576378044,9.94639794181388,9.68276337133646
1,-37.378426750968,34.4999658219264,0.752035074494319,13.9925369251202,22.3997961574913
0,-47.1190823503422,7.21857086264046,-18.2058600328777,11.5461833776924,12.8333849694834
1,-17.2113154951129,-13.4819405060965,-14.9872539415806,12.9739116722379,19.4409790421296
0,-5.36836581875871,17.7690137978633,-0.0633892952398514,10.0442181819628,12.6859505788754
1,7.9208225540614,-10.4724013409997,10.7655579241001,12.5321824699558,19.192296996746
0,-20.001169068957,44.2087400304509,-0.39141044002089,11.7399951571825,11.8420802764231
0,45.0918055194835,16.1634900894036,-4.42119065715822,10.5090357577384,11.4807206800519
1,34.9767039278138,-32.78337849898,33.8071981130217,14.3322407074646,21.066267554217
1,-8.1931669056837,16.5018694023052,6.50835291920645,14.1736661401469,23.0636676377854
0,-14.4246303988174,10.8385154064259,1.43629307877764,9.35952117171336,8.32743049204096
1,-15.002458225732,-12.414262879127,31.6027073289774,11.559400821926,16.8557177956209
1,-9.28776497230131,10.4465808391266,-50.5000337227639,12.0093596622815,21.4380783024315
0,22.6361318711235,2.68016754353901,13.9038253594394,11.4952025498459,12.5818975594173
0,9.27217721293375,16.9452107461737,3.63677732489136,10.006814094229,9.18414211756607
0,14.8407392305949,-5.88989993608635,-15.3845956133066,11.6745606242066,11.0289652000226
1,8.19631214601835,-60.4130519514957,16.7590367551513,10.4400731961356,14.7411022198212
1,0.513958750464579,-20.7615305596297,25.5408950761144,12.7393909592139,22.2109721466727
0,-8.27084590339479,8.23376177729791,4.88525944204969,8.79937004644931,10.8123074607257
1,8.07603314431171,-9.22995879490524,13.1356817163748,11.8096908130462,17.9342997417899
1,5.28450387327889,-9.94405859444134,6.42131688106296,13.1245828358785,21.7478569632852
0,-5.026169550175,-3.90633080335108,8.0146279779385,10.2088434059348,11.0317494184676
0,-10.1217528367222,5.76267855614117,-5.13772999106446,8.265626791225,6.91169254538027
0,1.34029739904952,-22.0346515572777,13.385616885036,10.6498977886095,11.271515866412
0,24.2919581877427,-6.88455951249262,0.666153578271691,9.70704653329791,10.5132218842487
0,-4.26358630802218,-3.08581423302956,-29.6508115837271,11.0541103536372,10.8714947777883
0,16.1349026299484,-3.66928018433499,18.1897826586688,10.924200392078,10.1838036576536
0,-12.1237198030809,0.722466780931089,-4.99889199109901,10.7896489137514,12.1401031323814
0,-10.1118430617771,-15.0510567977999,62.2951020156614,9.5484950682622,8.93478854265134
0,-4.31344128550172,6.22583221143649,51.6994449480571,9.76547811528381,11.3820904722666
1,-25.3836491600187,16.377943423242,-8.51581724266416,15.2876876272709,23.8252864898227
1,0.323699695182476,-0.83681159743355,-6.3525362758761,11.5500832568002,18.1424840396654
0,4.08145474580431,7.75321678437104,-1.99227315211165,9.7497210532867,9.39302279248449
1,-0.791018822415362,31.6787337936122,3.39697538443547,10.3373471220564,14.6057465513092
1,6.61535880424379,15.8601028653535,10.4105988669976,11.9470656577823,17.8818398923382
1,8.70138971694171,14.7313349272139,31.5090602359652,12.5997512881186,17.3251383332634
0,3.11086490341399,-19.0799310668809,-0.494338863169716,11.1933312614469,11.8394312762674
0,-0.627942989036801,0.265512864401918,44.2255859693583,9.94078195499698,9.49298389599712
0,-0.233391608245035,-6.65850868795685,-19.309432890669,9.69022683997034,8.61227760076096
0,-2.58708315292403,-6.23835112403013,11.0841789283456,9.5471375391134,8.94532780683497
0,2.3246517902847,5.11977823682851,-1.27388445963349,11.0426507868831,10.9433445807584
1,31.161214927739,8.69407422546361,-34.1157040978456,14.4771276132075,23.6464271651526
0,-1.05066173597556,-4.60245202245939,21.6480442181652,9.11622452859516,10.3896769993991
1,-1.90500347600079,-42.686963016202,4.47876076742483,13.5627655661108,23.7580583704535
0,-4.31576627950987,13.0399457597493,4.83786527101368,8.36708944243309,9.34606282482289
1,-22.2954160999606,32.4567310943403,-15.6287018060736,12.5675790693754,22.1647909595604
1,-6.24684737963636,32.6642678506174,14.2107040124678,12.6406042438645,22.4554319535395
0,-10.4723627810413,1.88499437406363,26.0168183137362,10.4547916205203,10.7378727909044
0,2.6077960284691,-23.8874882079976,-12.5227681596947,10.3627390522988,7.94819621257254
0,-9.94777939715233,-9.77982354242067,-50.4303687839323,11.5067435220582,14.9909321974495
0,-9.54729979550655,-1.21950715826371,1.3157964182955,9.8534082728163,8.47829243335016
1,18.5989534137639,-8.77904514829785,1.4355426250166,12.1255582143661,19.6868544555238
0,0.201223364796433,10.9220007968844,-10.8557422378903,8.81094241198699,10.6369832733848
1,26.0962437600748,-32.1972798261282,7.49819452668021,11.0733363352745,24.2484562113251
1,23.3008065929088,-5.25764912406314,-23.2175363244657,11.0974936294516,17.115324132984
0,1.01581433886968,-10.835234764894,2.14118775459324,10.3289381592848,8.76349744218768
0,9.82019792585755,7.63069217180469,-6.86920298474931,10.689661132041,11.0081499674618
1,11.0448823867546,21.6948259712316,27.5286694040597,11.8538012601266,18.5658006563495
0,-6.44526555406669,-2.53978998882778,1.52264777628479,10.9736047936197,9.57537271591539
1,14.3167414566714,14.1760870704997,1.49496959529076,12.5620720441997,21.8051630063319
1,-24.3202579001886,-18.6549790943876,30.5571553966681,13.3924455107918,21.4639290746742
0,-5.37234020060052,1.61201463961775,27.8964340741986,10.4902223898878,9.35680458699221
1,43.7779476995959,2.75445751316319,6.94609815536943,12.7082804649464,20.9972026859106
1,-26.0468256289939,-2.69410962919122,10.4955543726628,10.4077244961057,18.513006931056
1,2.40464078128154,-2.2969247131942,-18.9599058068306,12.3147021399177,18.991605447541
1,18.5012293947857,22.0824837639509,-10.4147879815967,12.0244378730383,20.1964444395814
1,-13.0623775619576,-6.91739021316462,-26.1511062111893,12.4259952118202,20.8488832922542
1,-5.0473658250641,4.41309138394127,15.4774095700521,12.9461140724113,19.3347929973046
0,-1.02539615807345,-0.108246125116441,15.184875598215,11.026998541902,14.4267239633332
0,-17.6017827231441,-9.77693521264613,69.0831812212024,12.2576074871667,14.0771716300708
1,-16.6600394007713,-6.82147640827893,23.0427949909445,12.5437431500771,20.310513085791
1,-9.91740650767373,-22.1016545846272,9.3852592829405,13.8085888321206,23.7060554104223
0,18.4716916034824,-0.864003682554434,24.5774649852258,11.1742398135179,10.205392190501
0,-10.9663450297461,-10.1893561663865,-7.73234080225825,10.3845332010144,11.9166350889558
1,2.08649086611929,2.70713417916289,20.7146922214247,11.8305268524165,20.1485772824204
1,10.8471060447344,24.9077064433523,-2.09741315775762,13.6005295741591,23.2566281239706
1,16.9510400964768,-3.03952551276752,-6.81907439664716,10.5278168088533,17.0906760286107
1,-0.351057123426111,41.5013994691164,13.7006004751744,12.1759638228389,20.3950440399289
1,-32.6316954704315,4.21188177949344,19.329922480343,12.0451863574743,17.7076573041342
1,7.92718402399569,10.7475723487987,9.40378948806654,13.3809612503579,21.4638652548236
0,29.5949324181732,1.17097168152113,-12.941229567244,10.3703882943843,8.83400287633863
0,2.40947206374644,19.704867949026,-13.8428747542769,10.0951826799374,10.8573604377429
0,-47.0042741762016,10.3268574419507,3.93814699362506,9.94062284455532,8.86888211516593
1,-2.54973957533384,-12.7063812658033,-7.20055840347067,10.4557831477946,17.3539561965747
0,1.09483647047712,1.77826559177714,6.94731167957863,7.80468130673309,5.91497893464978
0,-0.690250525306986,11.6998315799349,-2.5906181137868,8.96643730816013,4.52835527516566
1,-0.0244118665992412,4.29676914829238,15.0367427942399,13.0664728280625,20.1650058108205
0,10.128045431955,-11.546855350862,-1.97495110318982,8.75795166436139,9.72198720892556
0,-48.1509998071848,7.15692778350577,16.0230229163366,11.0982835904164,12.2250795690402
1,5.41284785597056,-7.96173522709788,3.97289884061793,12.6092356331135,20.2515419617115
1,45.9760669113651,6.92428291839691,-19.3428675184689,11.2815432485979,18.0990001667848
1,-15.9494717216142,-9.21667312523467,3.82525253891639,13.9617985129019,22.4527573068666
1,-11.3423669793336,-24.8464638046456,-4.81299711699659,14.4855300559502,21.2982120896414
1,7.42334991889424,-1.46374442173674,3.36245935767896,10.8574850544382,16.6642520726011
0,0.91883456640654,13.2730444265989,5.15698659572353,10.3407783459367,9.91720339457129
0,4.64305921142198,-12.8113809274327,-37.7445792602518,7.03325492280734,8.59367723040479
0,13.0448397142359,3.33854069456328,20.3481730373935,11.6022097951823,13.295556104443
0,0.416607135876389,9.03106442304146,31.976955326691,11.1095081193949,10.3847566385182
0,3.38848401557566,-16.513587974791,37.895610277132,9.37190267847306,8.95675990694515
0,13.0688673072249,-0.337991003138987,8.94449905474479,9.9547939747236,10.0687763762562
1,3.04140962472763,-13.395799243043,6.61541807552155,10.5514304894976,15.8222415735023
0,3.82504040553078,-4.68837582486577,21.3221107592986,10.4593050847799,11.3998123553024
0,11.4730445068125,4.40823456509921,2.6151354029932,9.23134374567659,8.02260444990183
1,-9.63103531668926,-9.09884037036296,24.177045250337,13.4668102903813,20.5588567231901
0,6.30755046722102,-18.8825902194262,5.99716920976132,8.72858509343589,9.00712631214821
0,-9.55578684637816,-17.002466166352,38.5260836594668,11.3320553286973,11.8575253528618
1,-16.6567161436092,39.2336553615842,-33.9420775803054,13.233038856655,20.041925818198
0,-3.72781060679709,-13.6232346491226,3.64221217511003,10.3538099626856,10.4990731760292
0,-5.28700037185676,-6.48711155295212,3.08529406074027,9.76860350718944,11.3187542417959
1,4.02492380490366,14.4794892459261,-25.9913734289658,14.5405580032402,23.7981678015598
1,-7.27320442999692,-1.79373714777414,-8.43432007023056,12.5256597996425,17.8815800386248
1,-2.48903329980316,-7.73642395418688,32.3952295111447,10.8734582556193,17.6942267901833
0,4.86497326780948,5.60560719745094,-6.66622401533647,8.89819867785765,10.3802285371309
0,7.70504849268091,16.5354351185716,2.8360698490119,9.69777412818245,9.928708737409
0,12.3790861240435,1.69220835275024,24.9077336027175,10.2565700989489,9.70136663107946
0,-12.7270781766381,-3.81182010298918,-5.28891782753002,10.0109937006739,9.91326669290747
0,-0.85801589074358,16.8847507205878,-6.55686352435816,10.2100241184752,11.7540881474424
0,6.83428688935999,-15.0456759831526,1.25883872090214,12.3562554085183,11.5268283534272
1,-0.0383226956016227,15.9607738238601,17.389643492511,13.0114902209725,20.5526619728633
1,28.411257289114,-1.68947209484449,4.90340201665928,13.3913321878584,19.9534693954034
1,-21.8329777001748,-8.83164132972135,-5.59387183171586,12.1589161209836,20.1865807162338
0,-3.34256342608123,-11.3972208172808,19.1052182118239,10.2008175726693,8.74356905927175
1,-13.1869612016171,15.6564959845658,8.92102442745075,13.7171816154239,20.5715009422124
1,-4.02927110617938,-8.67472331022361,5.40937183594995,12.6530017563082,23.1496067454381
1,-3.24837770509964,14.6040552642465,39.9513288238925,13.5722103828295,23.7825230789311
0,-0.408043065113326,-10.6409738654563,8.03807724993304,11.2744987739163,14.9801746500733
0,-10.1445353670102,-0.78697085954502,40.433944074901,10.706814994563,12.8170373161899
1,-1.48672485132418,18.7264805521146,11.5926664640435,15.0852436326547,23.5487868422776
0,-14.4300160192626,3.45076306420731,0.0203191185444542,8.90452500207686,7.80168288593824
1,3.4853059836958,0.975644835270241,-3.90513620297196,12.5942308988669,20.8614160256973
0,2.49249107566683,12.158611264503,-14.7625944984968,10.3214897170109,11.7044973717841
1,-29.5088711822807,5.08046919973831,-22.427169057486,12.468264897487,20.2951978335466
1,-3.23507252915155,-5.61201367017555,48.6238120170915,12.5599234718769,20.2552966376593
0,9.72783312289894,-3.33722489674113,22.2678244209396,11.2050303959568,12.4474920192993
1,31.616644776453,12.3681975003291,-7.80690426322103,13.8675269153457,19.9022710300271
1,-10.6178090354699,37.1063525869926,8.61670408765442,12.9936402043938,22.0813393065446
1,5.88028050473755,4.52887031920396,-31.7837121354185,12.7847186814948,20.6593288504559
1,-7.73265063859925,0.456927948318012,14.9526224407151,13.8797354401394,20.8219992050796
1,-11.0955882856052,1.1636426380358,-3.42418668899613,13.3984219936889,21.7955128200402
0,-12.6793583726067,13.4136417937136,-17.9767949674276,8.64393457668346,9.52363938371112
1,11.9918048075459,-4.60434729934978,-35.2792354362585,12.2240646831885,20.6568143836674
0,11.1415190572237,7.22252929047788,-13.3154476692409,9.79282521627755,8.7233779075608
0,18.8681626493486,9.92437717493486,1.3581424741542,11.7524472624158,10.6947768903892
0,12.455256609428,-4.58405890429881,-6.81006052790068,9.95425650333491,10.1759859702096
1,25.588121878235,-7.99052570572523,10.4550760785235,13.0132034301522,19.5814521943221
0,-3.6215928671469,30.7108257065277,17.336593228457,9.43400650525766,6.86784693187175
0,-13.3533721446001,10.6029267899616,32.7810012677897,9.2853427121769,6.5092344553174
1,5.12143126647428,38.9441174656329,3.27514964034708,11.8355858241711,18.9485152009572
0,4.86149076242501,21.264518940624,12.2614766818847,10.0081995933924,13.3554031937308
0,10.8364702598924,-6.86631062285277,2.74279364964357,10.4356429616026,10.1295375523902
0,-12.4045763918333,-5.69240436220105,-16.4938335369358,9.64957030701954,6.89241764642331
1,-1.53221849781517,-12.9326480434593,37.7219893386696,11.0352773445938,18.8667771207666
0,-12.60716227768,6.70707137589376,34.3403498007105,10.781111362314,10.4707984981573
0,-18.2756333798991,28.2997802827752,-9.08080482287382,10.2206098252972,11.0935609720921
1,-8.37415242142066,18.2695531535423,-0.954059344580753,13.6869650646886,19.5692702538338
1,-10.7957344113111,-39.1078880723168,-34.5836279402483,13.8734794475951,19.5620478133351
0,23.1858930056554,-11.9640706962993,-0.537540122835612,10.7560548156816,10.5041610175567
1,-20.5254163476131,-4.85045498254771,12.7143275022361,13.0504020406466,20.0705504657254
1,-4.03063158184176,5.51901313715832,-18.774977876497,11.7061586950733,17.6916567557095
0,1.06784344064561,25.4974948909555,-8.06524062963464,9.78443319995579,12.5803475287491
1,-17.7820609435927,-1.64281717987528,-46.4560217225873,12.6812030816208,18.1944490402273
0,-9.3276312494599,10.0553046772296,35.527103671945,9.83769825367058,12.8264354600698
1,-10.919258980745,35.9092438485242,-32.7463183884461,13.3780181712714,21.3453180962544
0,-1.71081270385165,-2.06164492154395,16.4322091937583,9.62558294817931,9.84273070653722
1,-9.8003701387436,22.6442710077061,-27.2911485994608,14.4196530899636,22.1908615488072
1,4.5280686849379,2.1594345843575,0.146167314519371,10.9113783513844,17.172774531066
0,10.4868280275822,-6.33172470936878,-15.6417872484954,10.2526241439025,9.65351918479912
1,-3.68984417899665,21.6368759170491,23.0758754039788,12.3887712061523,18.5318119485583
0,-11.3656100150533,3.32179726435286,-21.4460319942071,9.72896501333297,7.87597961942789
1,5.98592863735575,5.13251375828027,8.04758706862874,11.109781943211,18.1932211484196
1,11.3293812144446,-50.537415465597,35.9367717924452,12.3512635887854,24.7690903808501
0,-29.1947186356502,-14.6819639046544,-5.53475845655625,12.3886236341898,13.4329013591772
1,13.9606342571705,0.687693511505954,-11.1235893911914,14.291299964856,23.9080125668514
1,-4.95317847542165,17.2421368308721,-30.0197905961446,12.5029005038871,17.3868251238813
1,3.41131752754395,-7.34264973069046,12.1186125211218,11.006909686339,18.7279901898566
1,17.5868239950124,3.31720855148963,7.177701163348,14.0200998427136,21.6251156638123
0,-0.76858741304705,16.9254281801199,6.93932876660059,10.7280189239485,7.39037292111699
1,3.94276226260278,11.0490801814606,-2.78822019651137,11.7520535674617,20.6019040569209
1,0.228369499609788,4.87847614064721,40.4181926009402,12.1195417952633,18.3992100663158
1,20.4964961969232,38.511164324302,29.2528970055135,15.2550230656945,27.8060097920535
1,15.7715400484966,-28.7568767942659,23.5177935944724,12.0969332089814,20.1978195768959
0,9.14279858958699,-6.19431111479006,-11.0377989020191,10.4987677220336,11.5537405579484
0,-2.60038889325604,12.5078153031568,28.4513332064022,11.0975431538904,10.8383879256783
1,-16.4218809756667,10.8855139760223,31.6706503051867,13.4656317067091,26.6056750840983
1,-1.20820941521757,37.152470481853,25.5754776740483,12.0599367918522,18.5365015064569
1,2.61860674082333,-5.93206995042132,7.25233663421092,10.5356883259582,16.1579091168832
0,-1.95397198472414,-0.455742794277358,-5.92849709605165,10.6539932557413,10.2373520675457
1,44.7480649680705,-6.6802357464799,-29.4425237367181,12.7071101831902,18.4229912675595
0,4.36029551003446,-49.6271138580351,42.8096547534905,10.2354524233824,12.9947515046823
1,8.69695382975558,1.88004215101845,14.0736330106971,11.1496201834664,14.4364835504799
1,6.26169740420096,5.06163617018541,-17.0408053840447,13.2623879051322,21.9914351477463
0,-4.0625321100468,-5.56969184947962,3.3041015237774,8.6051634345896,8.21109255615899
0,-10.4969441130175,-24.4568857073009,-1.48612077590193,11.0121789140049,5.99495446973109
1,2.30457644626364,-5.235032757062,8.90570426809375,10.6438295872955,17.100723548256
0,-3.8209493331793,-78.4792990668259,-7.44040484319076,10.0896822670329,11.0857302185407
1,-28.9252819056743,16.3184705638331,52.7021259163351,14.2058542660135,19.4383091604086
1,7.25294232219458,13.3821759664267,9.97084221692571,11.0768929400059,18.3799164354661
1,30.5107321513966,-0.192315507705069,-9.92833855412565,13.4047506498024,20.2806167224355
0,2.82200027556224,-13.0790018514889,4.3257795841935,10.2100604485506,9.31428305161557
0,-17.2858086847795,-13.7000356691559,-10.8458660325568,10.7590604096094,9.86014717352105
1,17.5577545258609,-0.911019274169033,22.2113170755136,12.7458490705421,22.168056574389
1,-15.7604100699821,-9.31716670561077,-5.7111759728913,11.3737011494233,19.2015758197395
1,4.57465566715097,19.2678623346485,-44.0571723439694,12.3359345628779,14.9101313152635
0,-10.6072069777886,-12.6870314414212,-27.1297789316979,10.7795977982188,12.1805332406241
1,13.023156562257,15.483055575885,23.1018085988877,11.9958889359536,15.9275470285263
1,-10.2188886213165,-54.7493255972877,15.2245199714124,12.6571189848245,20.1962572302626
0,-3.7662955358004,-17.2823657214202,-11.5909655580386,12.5573956892422,14.8785708182968
0,5.80499608735427,-6.93560476003868,9.60267063451778,10.7338203160079,9.79166018390179
0,-6.36851644671186,-11.1654144165785,-9.78789504421615,9.8086286094625,12.6660673612613
1,-11.1737772245624,6.3982538516818,44.9944201528999,14.2276178970076,23.453081885699
1,16.4356402957173,-12.6810728881236,12.5591776542835,12.3905578610209,17.1688735756882
0,5.54418331500872,43.8954189390279,-11.0190620942083,9.52166271855303,8.50966843299063
0,-3.78651602588251,-37.3526479753131,43.7022710379604,10.392609998476,12.7593144751992
1,-1.82708933373625,-6.85485781829457,44.4426618704001,11.3776016628591,18.3637030686996
0,-6.16911326527698,-5.48985196017758,18.5862007638276,9.3421628226396,7.3025042529001
1,-5.72326632867568,6.22133037486776,-27.29475301988,11.9568207403893,16.6456104065841
0,3.10752006080663,3.51273274989823,46.0251322118114,9.88439032672658,10.3818702682605
1,18.553130274526,6.18915593535257,-0.955725333756423,11.7897566696793,20.8798937277695
0,-6.12642019488689,-5.11338330358643,2.8035105454434,10.2685674112155,8.2194121154568
0,2.96665559428025,6.12148218336324,34.9289629477291,10.2928763826828,7.45692607385864
0,8.75901630677241,3.20285912127419,4.44714801536164,9.66298559983629,11.5330501509328
1,11.0787978731203,-27.4278419459598,5.12178406410687,15.618532460797,25.4100460144706
1,11.5308351147825,42.1036356127359,-1.45424052442823,12.7734801178892,20.1715099101604
0,-2.21124705523022,-15.4746108403078,10.7302364518792,10.2212989563457,12.4494326173246
1,17.0742001674564,28.640499436059,18.9272809831392,13.0476150944447,18.7545749222915
0,-4.34710444793673,4.30657826961262,10.3349547977624,10.8494333862113,11.5112904420322
0,-4.28399721355639,-15.0927841425438,23.2897059974844,9.65107959724783,12.0115198110668
1,2.62221415879546,1.46596058229149,3.26686401410577,11.4943361570478,15.7103570211415
0,13.0063197237842,-3.44716854441482,7.9623441207692,9.21457406073148,10.1250832136811
0,7.66869241173597,25.5915705922384,-13.2956756220051,12.0866299227216,12.8855303532258
0,-8.43898918625258,0.271097939973156,-2.03864446434453,9.78966769098967,9.99342665121858
1,45.5887210690381,-23.4053444865964,-6.85832042186068,14.0360826025287,22.7643605604894
1,-1.48573968492798,-11.7445545834268,56.2106006279633,10.3017662159204,17.0448011419804
1,-12.4241110904365,-3.73885019499232,-2.42829921917223,13.0234659381053,21.846367738695
1,19.3040863812058,1.97671089846126,-30.5470311703594,11.7133971621069,18.4839477086186
1,-18.1478675402474,1.9170450571276,8.29937181811017,13.6353073708281,17.8888093956475
0,-6.53551451786805,-26.2836868278735,-6.91159954891798,11.122841533335,11.3359599016902
1,-15.482591541521,-5.67050666631955,-7.78791458663169,14.1916098415543,21.2945804841315
1,1.86881162689672,44.6566735992443,4.28519349980469,14.3686040096992,22.3788651258666
1,-27.9536349418597,10.7681561192649,-1.94894735311309,13.1543894425391,23.7701101652277
0,-11.364386960709,36.7131144119904,45.8839710094311,10.6959477721731,9.27399611994083
1,8.45279388377666,18.8821182515281,8.36469364884124,13.3904321194746,21.7750148183021
1,10.0908111539203,18.9113220746134,-0.74439652018712,10.7715359046703,19.1417801432856
0,8.74552726890218,-14.4412782571618,56.1288478846566,11.6225385668362,11.8678621934385
0,0.985941662068007,-4.48791200871036,-6.23253085502337,12.4592453808446,10.5058736078371
0,-7.08201108741383,-5.84130860810567,26.1575246964331,9.99177969836994,10.8197188098133
0,7.32874436604796,0.62972460530932,34.4169228308388,12.2219741652859,9.91232043814537
1,40.0480562848084,-10.8458681744005,-17.0067973511322,12.7001175709434,19.1538925948985
1,-8.33660017538114,-6.2896399413443,37.178973302602,10.7007204421788,17.0992705655946
0,2.51704983280895,4.49600935616555,17.8132332304455,9.50684018064962,6.25805230381974
1,-9.32246663821512,-2.45191491081157,38.8701187169044,11.4279239852932,18.0392993896603
1,-8.82769251545853,2.81992935386091,-17.5986764903559,12.6097421715785,19.7340273494394
0,-8.72311213840328,10.0834083582803,-13.8197822152127,9.87006523818467,11.7045114424983
0,-5.91495514350517,-14.0939232600093,30.1377116173123,10.2921294588361,10.7685481322987
1,4.87910132195079,3.68672356513667,1.47077886831632,10.532159267281,15.2224804151147
0,-2.84094825898772,26.7426170382358,3.73660809652816,9.20145801965837,7.62084291559975
0,9.5367420245981,-8.89366182851083,-48.3244124528534,9.32205337446866,8.98971033652953
0,0.689992040133249,30.0114348294432,-1.6745811894875,10.7050548123215,10.2325364866332
0,19.5520158474702,24.5417049739188,10.8624285129793,12.0320893537282,9.04538400954048
1,-6.81479676468155,-3.95041040588434,36.7652065799532,11.9119095697836,19.0640423704656
1,-11.5405948256883,7.83438716397913,35.8940232689497,14.0669813587452,24.7536406027372
0,3.57740700388864,-1.78931192066204,18.6438981874994,10.1362399642985,9.46744482043457
0,-6.16833000160336,8.30022319519142,-19.768124117313,11.1144376394766,11.5275416839691
0,2.73055883099304,-4.28218197126021,10.1616167092477,10.2356751789493,10.5215774791571
1,29.0695486751616,-10.6099074141885,8.82755409178171,12.7008069701491,18.8647069108221
1,-2.32106683263228,-19.9646055404211,11.4956230513313,12.0170356125683,16.3066994292253
0,-6.01030673187796,-24.743387225188,-7.50271508478533,11.3225170574056,10.5350027831225
0,17.1168447284971,36.3385594498251,-15.1556794103124,10.6299926257179,11.826115017047
0,2.09151931324476,-4.91751206931848,-27.0255758456097,10.5234525695107,12.4051872995236
0,-2.36672525938589,-11.0006691556116,-5.98557201269954,9.50130909280824,10.7754635898375
0,5.57453397658481,2.93375207467494,7.35487830535788,10.6560883082629,10.9917473627305
1,7.75881768667983,-3.52147871270245,20.2321314987354,12.4895042288373,17.8064116295053
1,-13.0612208294063,-5.67891486800719,-37.3375342330754,12.5309666456231,18.5770710967825
0,1.74895057731318,-19.7978448318704,-15.1411145735587,10.4852608549168,12.6151228954336
1,18.5419266907445,-25.1904130211693,28.2108107443342,12.379368969696,23.2452096116963
0,7.15893757326722,-7.15612594717837,-8.82000137383573,9.266005474012,10.3668988183212
1,-2.8210984475295,-15.6326908608578,22.2673443922446,12.0997417030978,20.8275619582432
1,-24.642222887972,12.7594508066113,28.0404839113151,12.8624724083899,20.1410535686172
0,-11.4496215412559,10.693771665733,-35.7682702139656,12.2670712424609,13.7220311733107
0,9.66471895281009,16.5712320789672,-36.2726042193721,10.1177795974335,12.2467648381381
1,-4.26337982216192,7.55934451893343,7.06286001384566,12.5116089897659,23.0054995455949
1,9.54856627782022,-27.9971079248123,-23.8306849974431,11.786398893395,18.7483408148701
1,2.29749969190385,0.878036876520734,-43.0060468079561,13.6078830347513,21.3549605915454
1,-7.53051204418169,-21.8211932549217,-33.5721403741424,15.0403080671648,22.8412038706309
0,-8.9392444569586,2.48049983816251,-13.5567591944749,8.13832011153777,8.4657957240511
0,2.69651001446668,-0.59465786140786,-0.309382203787573,11.9168329726401,12.1507721934182
1,2.43152256436703,-6.9472775854662,-23.915816464088,13.0274020555852,20.1218881239171
0,-6.04987686738292,-15.3764859493013,2.40644988208557,11.3154727553612,10.4168594597484
1,3.48151091857303,-3.80107437233914,14.541251089035,11.563007314614,20.4817056595271
1,11.3425872899778,-4.8085010991667,-31.4651129401658,13.0807760976105,19.4923666496151
0,-0.0842813864291835,-6.42568723559939,-1.41127193702957,11.9973764623485,13.9927596969196
0,2.73123001295056,15.3538581144824,-6.61321625354275,11.13365142078,12.5572537816722
0,4.77103636495633,5.15420847075877,8.42953852149113,10.1348017423026,11.0491593331527
0,2.5546899284802,10.5469806095878,2.5852001244972,9.56398004726109,8.87131666582913
1,1.83555109046596,-10.4521784756327,22.3313324782436,12.9557101574897,21.8312155069435
1,-45.8111656994784,4.45889766249813,24.3934069444643,12.5053092176515,20.8920399279564
1,0.184338295650374,-7.62526938457965,0.563227422984949,14.1819023596284,21.644321627066
1,2.08650540677798,-2.31875207614774,8.34899751456861,13.7083092866896,21.5495999227754
0,-6.99149437193528,22.0202103825163,19.9910769283885,9.12172597696048,11.0040367181819
1,-3.34565917224048,-36.1878276750272,20.5408623557398,13.2983402898173,21.1383952858931
0,12.3728204233657,-4.93977109815916,-2.87127408281779,11.5808368471153,10.4392038883466
1,37.4478182369828,-2.96193770818053,23.9740810299481,14.0554725368907,21.7209089455939
0,1.17376336503296,-4.98086673897081,-20.0804714132937,10.3743983397664,9.10810882396549
1,3.4214040968131,-28.9533810994477,4.37347720808221,13.4124279591362,18.8893089906055
0,-2.62613306584514,-6.28963520128294,-54.049205976982,11.2774827155343,10.3616405431279
1,-5.49522888371037,2.77731343082911,3.78784597562797,12.4530253946245,21.3309115221533
1,-2.94995210244499,0.508229510767112,-4.26959293427117,12.5090472368114,18.8326840510771
1,-7.19816212914907,24.9284462167203,43.48493326221,13.6187333457282,21.5933903480591
1,47.1261468679536,46.7436475380155,4.14606394013408,13.2068796097515,21.1684002890076
0,-1.62750510684548,2.67350556798546,-1.52981978804097,9.06709446488012,5.48582417175895
0,-13.9815329171355,25.3234764678321,-17.2892482401074,10.4354198114853,11.9422216212372
1,-5.48287783639959,1.86098449001846,2.29691707829902,11.3565004287546,19.338439917381
0,2.4761149142611,-36.4065234109394,12.1589046943914,11.0582197218237,12.1773114725051
0,2.10308274782629,-33.9540604218449,5.02303470084254,8.07946079628947,10.5199256584399
1,5.88356657913963,4.5951817419857,8.8287118006089,10.9494039837208,17.3608432498104
1,0.115012533816217,15.2920071232001,28.6613345872678,12.0589700262698,16.6507385800028
1,-6.46305816625347,-6.8987818399575,-11.9107848215028,13.3108768901358,19.5020059398696
1,14.8515264298678,2.46852942118972,-24.5809601911217,10.1159874684852,14.1922852656437
1,9.85947128841051,-1.47097241409016,-56.7702607088557,12.5379968427129,20.6709122882371
0,5.80701291160191,-1.13987356054757,-0.892936691865033,10.21157036094,12.423112764086
1,11.0035665073763,-4.87493327701207,-1.3241523030676,11.5312004423445,18.2532817912108
1,9.72360467921553,0.200392791828717,11.8519520930562,12.1962285563687,18.7611040199314
0,-21.1196691732092,-6.19872427419406,-26.5067922820266,11.2524338200427,11.7627390224886
0,-17.1244080349303,1.33001235625604,-11.0269008737801,8.89488651824917,9.10999737821122
0,-0.710155282430017,-2.310388977251,11.4007909442356,10.826375349939,12.666254520797
0,-42.4416177276201,-4.04221614409145,26.4688142500187,10.7710605688236,10.3127335074554
1,-0.935810990425996,-32.6267920606337,3.84899673784961,12.7215247047825,17.2197613130826
1,10.7528041663615,-20.7565156149654,35.9511432012393,12.4499560120548,21.3816316333809
1,-8.40057260711372,-2.68468363710484,-5.27174136136648,10.1832898226775,16.9026732704502
1,1.38276538182171,-11.0546268577767,57.3464360426659,12.3253392121383,18.4827568680765
1,5.7879697358125,-25.5926157202018,-19.5219336105455,13.1138393823077,19.3369708973258
1,-7.28396065287584,19.2317682405275,48.2359748628501,12.1775800641319,20.1622110238203
1,-2.02275655835873,-31.0227271999189,30.3151771025657,12.8303160493625,20.5569144307564
1,-5.35224496889115,4.58485358854014,11.1257426237033,11.2758195636861,18.4376955398136
0,-8.12149326779147,8.1946250021319,-3.77100230300131,10.8591699302857,9.9204460149739
0,14.074302362449,-6.1968317297411,1.43570819741533,11.3289333486578,9.57178977028831
0,-8.81486566601798,33.6969772316753,-5.92477259524712,9.7426758248006,12.5675530947584
1,15.0330758501362,6.80818272705976,11.1329176061304,12.0233649577813,19.2666030091212
1,27.8352976435058,-32.6688020475313,-10.3092940758789,13.8142667091066,22.1138537291301
0,-7.05131271227747,27.2271751215667,36.9564376020476,9.28187510993213,9.8502106598832
1,6.44945068642754,2.56588246753133,16.0186955608859,12.3495104864194,19.7834774147619
1,-11.8584407742943,-57.8992801268034,-1.41877686736941,15.0643729614156,19.3022339785815
1,-8.12980088731339,0.122381788761262,9.74930452612422,12.3952071164166,18.5476804913196
1,8.63399279578245,2.53990012768652,-13.971232145372,11.9204739566696,19.3876941485334
0,-2.16472956176768,-12.7293579320986,-8.52878273953229,9.8382461535221,9.81230811156114
1,7.24871018553854,12.3789885458753,16.7555566956985,10.464465931099,16.9728272925498
1,-8.14799833297134,13.3680623866497,-0.340071406095341,11.0493387085873,16.3826865541671
1,-49.1569089926918,-0.158841913683348,-14.5322265049604,13.705904753435,18.2117367195188
0,-12.9609360113802,-4.29817713578104,62.1556918282638,11.8673261945111,13.1511578017578
1,-8.26802981896872,-39.6617539613285,30.7433316348528,12.5643959173848,14.791134011863
0,-18.81978004278,-20.1037064137215,14.1983050511869,10.5727703823811,11.5762920198522
1,2.51950544070754,-3.5780476750483,-7.94375910219324,11.9071028849156,17.8719165183235
1,33.9653046772298,-0.814819291789737,-14.6708196055426,12.6100408951313,18.7809477520966
0,-1.23458289569144,1.44173977597168,-12.4400648636372,9.33247430720619,9.96856967674785
0,22.8997486728027,-1.41651990040556,11.6732994507485,9.7437206279884,10.4225775437392
1,20.9229188472383,26.7332659819864,22.5802827998993,11.7053946898295,20.7477620622661
1,-3.38471838692171,5.42254950638132,28.3545585385334,11.8780502132079,19.7491461425507
0,-5.53237146695355,-23.6798615892124,12.438209555634,13.1313406940646,12.9489887411914
0,-6.32778475033736,3.2179232080708,-20.6308913559172,8.839041676703,9.17550887438099
1,-14.7863434528219,-6.80477677999141,-48.003284702476,13.0245585550911,20.6558648462694
0,-13.1024184499547,20.3206507241634,17.516601270713,9.40350391698543,11.6282330286407
1,31.5963083692294,-9.55614143635236,10.2503413939426,12.762717846604,18.815241102831
1,-9.16840607194272,7.59078460581755,-1.07530670224431,13.1299566019011,20.3771825322175
1,1.84885703803886,9.44118012967439,13.3447492992359,10.6994867422095,16.254300529776
1,65.5760192409763,43.1060784778597,-3.13367131759727,13.5254888515044,21.8542632019575
0,-7.35894779034713,44.5321512427637,4.15848972815062,10.2938203834326,10.7379326163982
1,-4.76334294828493,3.54673785740101,-4.70048242292226,10.2696752678193,19.5301976865586
0,11.058305174329,-28.2221226604598,-6.06616352645719,12.5719552595138,10.2784740853367
1,-0.337360667437007,5.80905501309454,12.2656493667148,12.9476842247623,20.0284425464342
0,3.44543129741528,-9.79542367020436,18.166432955775,10.690112458136,15.3533819635788
0,-5.81258767069807,7.08001357170745,0.307312841786945,10.7160728627561,9.02231000579716
1,-24.1316709452312,0.330274558817711,-10.8331378826911,11.8317320179368,17.9238886803193
1,8.87314460424852,1.77169278078759,-15.7489185014295,13.2270452113717,19.0139600251051
1,6.52322209861583,-10.6294517864886,-0.107680372902678,13.1238297192377,17.9282294894359
0,-5.06551966109349,17.1769092028337,-10.2808635295525,10.44710304872,9.8220075461354
0,4.21962931782951,0.785949794787611,-16.6608791616436,9.46388187147586,9.45547925466155
0,-3.0725482345912,8.14061158063432,1.05657597641185,9.12309019209291,10.4060251263404
0,2.69785716608143,-8.78319935494082,-10.0670202312159,8.71117805664196,7.16787768901233
1,5.75985286451757,-5.62485955961988,-16.3737327169995,10.4261170027162,17.5141985905276
1,3.67534739758211,0.377589410218675,16.3356451154703,13.0012167789279,21.405070515744
1,17.2455086656911,40.8801273529072,18.9736906086675,15.4504668050707,26.9281697748622
0,5.9577310076727,2.4519100963459,14.0595634457518,11.0477092462001,10.0410846956984
1,-10.4490040641298,4.43506561456017,-7.61034731377969,11.2516066007131,15.0703403275744
0,-6.79163321692661,-2.56683769838905,5.28693218411924,10.1268492618885,12.2104479305345
1,0.330335817519868,-6.75460449766472,-29.5055869873538,10.4717073362898,16.3298193759042
0,12.2737469486944,-33.0295734980913,7.54978934359993,10.6286543734903,14.6499119560549
0,2.3446690850509,-3.32056405455799,20.8947394174006,9.68960283171066,8.45004671057357
1,-3.20644778056727,13.5206064331894,20.968609376961,11.8450719598226,20.3766058737079
1,2.97416479611131,23.760998635851,26.2233304430341,13.7292713225912,24.9996393967095
1,-16.8264681901758,-2.03773383503124,12.5068741809889,12.3396293445158,20.2234803161088
1,11.1652984329468,-12.6014000914846,-0.250039067907608,12.5362621008057,16.737546318727
0,2.75665204742835,6.22358193027183,30.6068187895682,10.3549755460782,11.1458654433086
0,-14.3948677592732,4.34926004267242,-41.4679615098523,12.7580188063885,15.4149220987305
0,-22.5464912105061,-5.41860275493925,-6.9326000260393,11.8597531891728,11.8469977774343
0,-9.08353298928096,-0.879169951938668,15.0239204262901,9.37634042744351,10.921573681527
1,20.5093894006067,-0.192707043298671,-24.0265181465218,11.0328668025043,18.3882003255087
1,-12.1219035926731,14.8954428274822,13.5907650719541,12.9949026931267,18.9636835030395
1,0.600032432402908,-11.2903629791509,-16.4302331021242,11.7044648213118,17.9520075784451
0,-5.5796364935329,-6.9360036731003,-22.7501896657079,10.3327401519958,9.29968451779555
1,-56.3921621161247,0.942234570574296,18.7537710854093,14.1662787506438,24.0023101947957
0,10.5438870727264,-6.05022751588932,-5.20428378689932,9.68759064431313,10.4301765340636
1,-1.62326564501046,32.114916099244,16.2472777420663,12.3273383711878,18.429669931925
1,5.39544751516481,-35.8855640867825,-10.8793977912321,11.980361061511,20.2060076228378
0,4.92236512270247,1.51894167851015,15.1016488631688,10.1030353951888,11.8988482759311
0,-15.6077058309994,7.4456339268908,3.10908764346148,9.85832997293289,7.63746720456657
0,-6.98768701240293,3.4084355584084,0.0767947315723133,10.7944730026459,10.3134471183652
0,8.56661444601908,-11.8684773423712,-22.7208115193516,11.6888652161256,11.5400566947303
0,-5.10646324131138,23.1183818272679,-11.6108285143808,9.86730585562931,13.6143093856702
0,8.68694849796954,37.6612875660427,19.8302555819077,12.3464761013722,13.6999846850668
0,-0.445531707308053,8.05878804480442,-2.4709675770104,10.1431270660362,10.0932980495785
1,12.2942725368379,11.8834509419678,-11.8255314454116,11.3556749991094,18.7838099831453
0,1.06968363934488,-1.40325115969833,32.757994159756,9.74401026146118,11.7598192716126
0,-8.43445801548793,18.9198688411511,25.8076018361943,12.286131804481,10.7472219579819
0,-8.33289702231015,-5.59202429575948,17.6430734727783,9.98923764209908,8.09131049292297
1,-9.78474761407415,-22.725241570817,41.8545620016778,11.1248258359831,17.5499129707439
1,-8.72134791394404,14.7502514162736,-34.9672540958622,11.2659263220511,17.3640941779284
0,-24.6708102231632,-4.33188118071226,-14.2504951800514,9.51195280596285,9.82925685901376
0,18.6875089785611,-9.1102373609821,13.7014890336032,10.9229538067607,14.1524250038872
1,-26.5300061989391,5.44951194146492,7.0155159424874,13.6420563372376,22.8440406264856
0,-13.2016069549015,50.7126522553062,1.4691812074764,10.1313130330667,7.49692826577924
0,1.10672486701171,14.1704967095033,-9.9524797568296,11.8133916783836,12.7778122395247
1,3.67697997267915,-17.8015363158621,1.93489410145421,12.0517497937804,18.3324959061339
1,-3.33408742587915,-5.60509300995641,-8.14924061665798,10.1429333376981,17.8526050821115
0,-10.9394362520067,-12.6993832744253,31.524994560627,9.40064393305172,10.314727831322
0,-31.5332811754116,-22.7149377468034,1.5742788679054,9.17353284350633,10.3398031061343
0,-9.5934477511151,5.84056877434204,-0.541849119121496,8.30156287106983,7.93101668356956
1,-27.0181901215727,14.057663546182,37.9608459497153,13.4676837051402,24.6797567281201
1,28.5269560533774,-7.32603317967944,-16.284185545665,11.6307018229989,14.7784129998549
1,12.5926623081331,-9.56877948205254,24.87724277223,12.3752980607588,16.8216020746431
1,12.875878773682,0.759332680656631,-6.52649040410369,12.8862037498344,19.9425533126362
0,11.2755840511814,-1.5181600368543,15.3060709509987,10.5949570482811,10.8493333355017
1,-23.7427392868596,6.45695811480114,-0.99103883320247,12.0606986870405,18.5625165149102
0,34.8784249428355,-17.8073321732904,-13.7289467039553,11.214366719882,9.92700382927962
1,-0.0250564037369649,18.5254537506749,-5.55414242870128,11.1447619858469,17.310792918696
0,10.4814428943196,-14.6761619860538,19.521414397892,10.8206227192203,12.1238082721294
0,17.6438092201752,-3.49476921825545,-10.3996860469337,9.799373847177,8.93260273330961
1,-53.6906661221189,-22.7098959978659,-2.71954490624081,14.0603027852017,21.8776139376691
0,6.11591257617108,-2.1142604789536,-5.18137146863438,10.6804417809997,11.3101330717454
1,-0.904939742760412,-13.7428035846191,24.7005950716382,13.0371909042273,21.0522049066131
1,23.6958056096488,18.7174906401948,6.97175736498979,15.2406136400262,25.405944558296
0,-12.3554395778287,-8.0269634366538,9.44073872370211,10.8674810837695,12.0323232613579
0,2.87262661683481,-22.7010984619729,8.74937714947832,11.5764931295803,11.3683151267181
1,6.53918956508228,-1.23810910581161,1.12414203392502,13.1511633935809,21.5593899599207
1,10.1319983247933,-33.2311408999865,41.0902135916892,12.9659789507319,21.8929825488899
0,-6.1229064300357,-6.98261742333921,-1.13076603038889,10.8394873216605,7.99710856045261
1,-1.2866012156327,18.3095183447711,11.653864324736,12.0651421494425,21.0014841083438
0,8.30579950393878,6.03859231934805,16.2279947012502,10.2032661430655,10.695241674333
1,-17.4945376619083,49.5328115654257,-36.8047350144332,12.0014533472057,17.049386015555
1,2.11990930117368,-12.0538635647642,-15.1776433321529,12.9977188236042,24.0814997544476
1,2.20346173194769,-1.97391183129933,32.8590066608706,12.2127812152361,17.0974173072146
1,16.4653892637857,-3.86458434577,-0.114530464696169,14.6062863880224,24.7333090903738
0,-2.26184175650068,-1.9726423516167,2.97165512237784,8.38359835147175,7.4092906123786
0,-0.815457921187265,33.9908235719973,6.89707013937053,12.4035115796257,11.9062698611982
0,-11.8575819331232,-13.1274337327962,-5.42694038569061,9.63198942431988,9.94781725002589
1,7.20415076181063,-0.387269304233247,-63.3583933629069,11.9704266430453,20.1823223283275
0,21.3332923736424,4.4195176498465,-11.7243617415976,10.0518840756862,8.8387933905295
0,0.799232976261493,10.1817284651184,0.718077637925858,10.22256139758,10.0457377409972
1,0.469108995840113,-7.34531259022388,4.87046147770468,14.668848759335,23.7737731854766
1,-13.2966373906509,-18.9420936655162,-26.6530650518582,12.344178821997,23.0432320182136
1,23.6913434518529,-8.78138110745664,-4.72918438013149,14.5205845188239,21.1502102480964
0,-1.76386005962488,0.565910403785566,8.79396145389992,11.6873457614828,10.6451558358844
1,-9.27645870476971,-2.70193554361464,8.37009345495954,12.9720037296071,19.5091882432234
1,-39.7453147206958,-10.3572528030803,24.2926113824778,11.334779782465,15.7920442450714
1,-11.9376805911881,8.72547483651037,-13.1938441022569,10.6029969543025,16.433456153951
1,20.8422524563167,-9.73408302497395,-18.0499638691847,11.7763828430938,18.8729655950956
1,9.17544653521471,23.0803543929422,36.0772173707877,14.0621166514466,17.1114306275214
1,-41.693751368994,-26.4525735338197,-5.5431884476489,12.0439105694284,19.703682776722
0,4.87908426191344,-37.5831396121204,3.39174668661694,10.8235244740627,9.77605072427913
1,7.61388336905728,-9.6035919188827,23.4853175142221,15.5415292113002,24.7072544587148
1,34.9287015424523,2.48421342231774,3.7578524981383,12.7099766384126,19.9193957867116
0,6.67716227077467,11.7898094604477,17.5632609653831,8.24893172406881,10.4300271537228
0,-14.3309773916581,-6.42474085912323,44.8912815003827,9.55634694239058,10.908778227769
0,3.59459682097051,-30.4502463310587,-11.6926866615544,10.7404751378527,9.11988294213575
1,-5.81164901929355,-6.20344827822402,-2.7937452863231,12.9295217481112,20.5923218193188
0,7.37752450949265,-23.9656293733753,-2.8976071139345,10.4997318613294,12.2609782109155
0,-7.74050077307379,3.96192800683682,-31.2857141397724,10.8672148687654,10.0427475354071
1,-10.402636736664,-9.81068769869211,7.87011981550547,11.4759403808462,18.0291215042137
1,28.9927442557886,4.8434501767101,35.581960108502,14.1632266210797,17.7575470478786
0,1.12677242096256,2.6171261348717,11.3733522653052,9.36042633980466,11.2642094109237
1,35.8584692119238,16.7182158650742,5.64961676334006,14.8483054333719,24.4702962278186
1,17.1559188986944,0.102921012433362,-10.0079874902871,11.8655023269145,16.1951786891105
1,-21.5680125521238,6.21026212486401,9.90795415448904,13.0142117857248,21.2718450207446
0,-6.13032142997315,4.46719286598769,-13.7289869360588,10.2570030092681,14.0714998770867
0,17.8028248450618,-12.5905162771353,-0.979329527191755,12.7667331296998,11.0878712137934
1,1.24273839400611,2.03231928687416,8.3641065638591,11.3411580174822,18.2109217915421
0,4.90564707000541,2.954249555678,0.26571636844113,9.35905969556314,10.2870213954054
1,-4.59390505039517,-8.88504966318631,0.20401987587764,12.8082606586609,21.8961122823598
0,-11.677316672798,-1.98964367853274,34.9168801502335,10.6014212972931,9.09924792230594
1,0.835956687043529,15.2704908631239,-10.1679936184663,12.6745275670631,20.339434968945
0,13.1881662928172,16.1061885162704,-16.5307749294457,10.3304154998217,9.95457899694079
0,2.6449975566905,-10.4091469372768,21.286577081315,10.7261500426172,9.56665276138964
1,-13.4678432287146,-5.03696337829636,-5.71741913986874,12.5771730881829,18.8457891033964
1,-3.94036912543525,-3.53117682075348,-15.0757424113168,12.1320209067727,19.5507843491705
1,-14.5745310577297,2.56852359564265,69.7638774228574,11.2665057677226,18.6399279685493
0,-38.2905840718914,-6.29639935933501,-4.0471642361118,10.0165500645084,9.85763035141191
1,-9.44471716238825,-19.3662678078577,-27.4988289834928,11.8131139407222,19.6851669292329
0,-6.20184809602323,-17.2909338232182,-17.6107622405079,11.0289317499448,11.1499872953872
0,-1.09636880010222,-18.6829415532931,-7.64599436449138,11.5273449790413,10.6362128977795
0,24.366925411508,2.33535596184999,-9.28777785232324,9.93355222501183,10.1140836926356
0,-0.448125023333038,44.1611954247432,-3.1788835293584,10.2844115746077,11.7573603917625
1,-1.3256308471801,8.38052176979092,-43.5527880680753,13.4338056931661,19.9473105253954
1,0.388761813907848,1.10132636954484,19.0124474945706,12.393854430988,19.7905404060941
1,-41.5757580515038,-6.78517846200298,30.1622235031571,13.914328835232,21.034176602546
1,-0.0483654084826131,-11.1600121081849,-4.6497778031342,12.2589158535996,18.7634883627213
1,4.2244045584098,-8.199479167097,16.4436311404055,10.6625009034508,13.8207062019212
1,0.642099198897707,-3.15110618802949,7.9108527705422,12.0817796508164,15.680758919113
1,3.71493892739887,-4.22896120240949,36.9383409030993,10.1454987104803,17.6400394967402
1,4.03518920248418,19.4357303437696,34.4070215722601,11.3603412973117,18.5001307928297
0,18.6178529317492,-1.41985018527071,1.52245665592467,9.12110981612789,8.01290094003575
0,0.136443794763728,-0.434480162800876,-83.7520058769304,11.4035887782527,11.9324471943932
0,-24.3408537214094,-4.09297800107949,-1.12601954624118,9.43276925511741,8.50293331512094
0,-17.3588809921553,32.1485445622897,-11.5768749658991,10.3146164974647,12.1421355271225
0,5.37001669252869,4.64106886806806,-6.85664983235929,8.45647363334517,7.82298256695599
1,-8.40640123614988,-7.09454554184392,8.94553975364503,11.8710496338933,18.8487119072127
1,-0.0397678831887098,-1.80066985657829,-7.97849864231017,12.2086113404671,20.0106215507641
1,-27.0290970403558,-6.37866377532955,29.8392113739665,14.1562567538748,22.8522349605309
1,23.9395765471622,0.318994027717209,18.3292724406233,11.2038382251632,18.4023643645168
1,-9.68001443975483,9.30494695787634,-4.66558810233167,12.1219896096802,17.5974697230802
1,-15.0736979701926,2.94271776202937,16.9094392200315,12.589317516639,20.2052106299202
0,-4.70794412367577,68.7875494447802,13.6535450321156,11.3761774277989,7.76365752125216
1,8.78206893552992,17.0392871562568,-9.32270316038178,13.2024978668561,22.1174055185963
1,-22.613913017009,18.564763787568,-3.30318823274075,13.5678383088742,17.4005376338004
0,-9.4546903663191,36.2554555171611,-11.1140289982657,10.7161852523406,11.1886813119396
0,19.2069046065354,-25.0663895597859,11.9291126526958,10.6837714622834,11.7234913196485
0,-4.29263007095297,18.9440089375009,39.4119381412459,11.0864168246687,14.761148265592
0,8.79735370907817,34.439036234783,11.3148849895708,9.85284609745185,5.72405973100318
1,-2.82472862052682,7.73132835251865,1.84673719309329,10.3005289359933,16.8239505213009
1,16.7970052908781,-22.1036880036738,-70.5795514056641,13.3924117031215,19.581027264029
1,-10.6290233913179,-10.1447087328273,-8.65642854372599,12.1775356611487,17.356290409151
0,-9.88381410202024,1.70436498031952,-37.3370944230656,9.54617061625713,9.02000132417888
1,-3.8667785720367,-6.19322145668915,34.4450570399481,11.2708673048257,16.5132891100113
0,-9.4353205429481,1.23634052366996,18.2465519019266,10.574203465983,9.8177955628571
1,-5.43448165948568,20.5083818007056,32.7623062382846,12.4423106510855,22.3690970456224
0,-2.18449794213495,-1.1397603283299,-2.9324473858639,8.88726165759362,7.66725984961148
1,14.3932555027185,-13.915361836725,-34.2134180720111,11.3211903122938,16.4990951548974
0,-5.60819168940685,-7.55063283983182,13.8358154331259,10.7101227937385,11.797282900057
0,37.1214889558339,-3.56580522120202,17.8228289518825,10.3322430632296,9.10699900277839
1,1.1481066182939,6.05423795887761,-18.9707212568502,12.6300346311577,19.6191199580831
1,13.4340276944557,15.3627392886446,34.446249619136,11.5755940820989,16.1393822998222
0,2.51408555764411,1.69896923453449,-3.81089061445666,9.10188191376801,8.24099096098854
1,-17.9731016041853,-14.3852014632993,1.81222314191323,11.1415739104266,16.8788365433176
1,-0.473226985160532,-0.0452803518770288,20.4952488091826,11.9914779538209,16.3745714195451
0,0.17298553369333,8.45352819208736,9.93695672584964,8.91267609987775,9.79828797379937
0,5.87806090326776,10.7419541303086,8.43483511430501,8.57425611218031,11.9039261791944
0,-4.80106754146922,-10.6976587267001,8.66563150908573,9.68116244009525,8.91312044650672
0,-8.21978790773258,12.658545650644,73.1258541144925,10.4300142936738,11.0385842645707
0,-7.83309851521051,3.14166860692464,13.2642825898864,9.48405326197281,10.5665869157795
0,3.05684127216931,6.52555710779427,3.58665441015292,11.410509481159,10.7139064093037
1,8.98829104735039,9.86917363639973,-14.960549901418,12.7513356282786,21.0233750043118
1,8.19361607118825,4.36521669984992,24.0396997818741,12.6399624540441,17.7805848668566
0,2.53235481739023,-7.00580512951264,11.8747541464325,10.0249921522246,11.7148649067787
1,2.16641244724884,2.69806815171934,10.4615798439088,13.2608789094557,20.2326714045002
0,-1.18770786255963,0.993511150530075,6.51856178842438,9.76226897575116,8.99220972306909
1,-2.14788472980227,-8.52324031332648,17.2831481464357,12.5075816151806,18.6098217242739
0,-14.1346311883808,58.9369898750641,41.3707295505145,10.7701344110991,10.923987921736
1,-2.88743934641562,11.4914226925877,-15.4538128778905,14.4870197214452,22.5326642361216
0,-4.79268416613068,19.793272997231,-8.183101254386,8.66992174483938,6.36098565791445
1,10.8805590371869,-2.61491469636089,5.14801383359434,10.778725684998,17.5376252298808
1,-12.0028920125966,-5.44096762867564,1.5107036679233,10.8507010954864,17.7915978676182
0,-14.3808356145963,-2.37669718745303,-12.3349197635836,9.17776886218746,11.903054814208
0,2.51782814736044,0.637711163887421,0.58700282195729,10.5094475480075,10.7592686925979
1,1.57075218900386,8.36483830260136,3.25424296696452,11.6386081524953,19.63593715625
0,13.8276444156169,1.75819929814338,1.811085244555,7.4526582909531,6.31798396645591
0,-4.72090694729487,9.39557444315911,-49.7495803754686,10.8516015890082,9.36290290521488
1,8.05478662569513,-7.01546209034454,-36.5528912590558,11.522192501379,17.8309360983424
0,2.36917571182177,5.72080909814806,22.0295739142688,9.91856068362132,10.7302714754616
1,-9.30459566309707,-15.9388713346252,28.0868961476825,13.2336717649587,21.1249582572756
1,-9.2252604218697,-27.701930509638,11.8675378385581,13.3275998144112,19.0801078070187
1,-9.38002647468462,10.3617221216547,3.74408530062896,11.1303231803538,17.4177891897154
0,9.06014475402788,7.25159450718069,14.7574378530092,9.36354752414015,7.84498728241603
1,3.04930846491361,-15.6712744767214,-0.302388150603217,12.1148228596485,21.2782957726888
0,1.43161901939789,18.7520727503611,29.9788545378731,10.6783182108608,11.4779936196684
1,3.44527622465707,13.0921408157398,41.3718839511114,12.8917772263975,19.0133850192719
0,8.65721908437541,1.57905285281371,28.8216248048495,8.74544742556795,9.67579880871843
1,-5.67484968563999,15.6121252837448,-11.1568813919797,13.408118010002,20.8931680487203
1,20.934889962628,-0.868212400041036,53.093301554695,14.2983212792018,22.9452002488185
0,3.52787385341938,5.93170757344598,-1.87649001231353,8.54985259459479,9.09824733833264
0,-10.6638936598755,-1.32779794281904,-55.5029949540403,10.8629494575352,12.0891570373177
0,-3.58924493955586,-1.0929960664128,1.03270055229497,10.5723813565772,7.99836700078132
1,9.03375132085723,7.27801944451133,-38.8026264563283,11.8124635785785,16.6272013199006
1,2.89807376022347,14.5559452521772,-31.3888137355699,12.2951294078171,18.1061389201384
1,4.56225232423876,-19.6016285524062,-3.34244069877562,10.584009565513,17.5428160579802
1,9.3597714840889,-3.85458058867368,0.197046604053001,11.3935997306648,18.8913305033047
0,-17.790982785322,18.3830790235977,-5.38371748397913,11.2718674942877,12.0317478921844
1,-8.91741400219798,-19.3578654714767,-27.9520280733406,13.2071168743193,22.2416835659183
0,-6.33384791555586,14.4535946481421,-11.7284904045162,13.4036705984574,12.9146927070287
0,-1.67824454763313,-46.29733764232,-1.89960658523359,11.1640629395005,8.32331013705639
1,6.27194134067384,16.5959860226766,6.88275791438042,13.3732667626057,21.8838209418664
1,-9.4414904530801,6.05082998438423,-6.54355957749202,12.7543628511542,20.7270283678307
0,0.953166678488669,-11.5197326861947,7.8206215053436,8.97423841705823,11.2240983416698
1,12.8384555346715,0.864449877570943,17.9146104785824,13.0516804540017,19.9499037685616
0,-6.26694676536457,1.33077367226262,-1.11980020360193,9.43899806788476,8.67217310360123
0,5.84171331215185,-23.7579657848785,5.87045385024451,9.58403721689193,8.98344589603343
1,5.03039538381434,37.3538499562589,-8.83564158453074,13.127997519264,16.2433699232929
0,-17.463496325072,-10.4898303696391,-18.1061085401198,11.0787597651078,8.49998158333707
1,-8.28263474084853,24.8541402320195,-60.2432447451735,11.514210520824,23.5469563353968
1,27.4536770303268,1.94204825173723,-7.46514802660161,12.0438364213853,19.1133191590223
0,-10.5217666305934,-5.50542507994951,-55.5475842413301,11.8836413013705,9.43570162912436
1,-6.30501777921674,-9.5546021385886,-17.6298732984446,9.45900175698156,14.5738922629195
1,3.99941057607687,7.68816878791663,-11.6068562385371,11.1301922884612,17.6947828175531
0,10.9697136310911,-27.1092621249588,-1.75656927142155,9.32806695476984,4.84502970674336
1,5.72938229402533,-11.6757849716421,7.6111757771473,11.9498560900678,21.3385868353396
1,-1.42407626176997,-3.98771298317882,-10.6145709878905,14.0302169900132,18.7687564194321
1,-8.76413412347952,-3.43803972014595,23.8266190792907,10.9719201661786,17.8216835739558
0,0.0224397629279158,7.84585176539502,9.68006740734972,9.61932408303123,10.7042865167789
1,-12.705495165936,-31.8725661576766,20.4519256079263,15.1906823380323,23.6677538886598
1,3.13352552533827,7.4944341673198,-4.84179848560727,11.0029855935055,16.9155516573185
0,21.6596486097749,0.296685199383726,-14.3690358120121,10.3253909556253,11.45591510563
0,-2.0594332935272,-9.82584100261887,5.94804861238572,10.2828789016997,8.90427593645647
1,-13.9088735348979,-5.19485922253637,17.2607984583696,11.1305459327772,17.1728425044085
1,14.1515461280743,42.0591657211303,-16.2887509432582,12.755883635805,20.3279498829726
0,-9.20478543551828,3.72200200067677,7.56079361040213,10.9502912270308,9.5777625914351
0,14.5297367929859,-0.0677353385131374,2.13831446570568,12.2135579006304,13.3160668481533
1,11.3165830978553,-15.9878790906138,22.1071039781944,11.5617613553555,17.8513717689127
1,-17.6790407493043,6.36970073312542,8.4839597142402,13.3969277680497,22.0620399892147
1,7.60235567283549,22.8641115722509,15.1779699746563,13.4383212423012,23.3993603069635
0,-1.46633883745824,7.44204869237047,-19.3399952830889,10.489709886599,8.0478118079486
1,-5.930230349384,0.325080628299126,-50.0880560372789,13.8994025353655,21.8572326940178
0,7.37397197928362,15.4055378147296,50.1233275437673,8.56760676445387,10.1225818722125
1,19.611478110818,-38.4062582217897,8.46151641267523,13.5981119709457,22.8194259778629
1,-27.6886590437416,-7.49429251179706,-12.1375437840839,13.17008849151,20.2909696283548
0,-5.58976636634525,3.34245746047929,-3.87301267402564,11.0918509070312,11.0346818740928
1,18.9464772646715,2.92460438687286,6.29588981475459,11.4696180895377,17.8479107211835
1,-12.9393357849054,-3.75925381609106,7.84914907593372,11.1943953618061,18.1026138580053
1,-1.22215184255646,5.857441742714,-9.67030215079694,9.70457811756228,17.9949110499879
1,31.2561750051858,26.4597335583944,-16.2390532583917,13.22619876204,21.3415033510384
1,-21.2195415290217,2.29508627602088,49.8823368472382,11.3846563723439,18.1540129276741
1,-22.7606221258444,-4.32538275128769,-42.0493722224521,11.0640669289908,18.7289096992974
1,3.09636697190899,39.7408767991973,-30.9843834834636,12.5178347733499,22.0973503760994
1,-11.0206557014754,3.8035927413058,3.28894264598938,12.8684204863798,19.308062475347
0,-4.75478698984722,55.8803000214424,-9.7057422562243,11.6410105941018,8.65869627264228
0,28.8371797947386,5.4253598409761,15.7307335266069,10.0949534418555,10.6711087238028
0,36.895699208081,10.2924846182725,-16.6707475698303,10.7118401302791,8.60873894995617
0,-1.93275414099653,-11.5897113539408,3.03403049000879,10.1217127278995,10.6290190844409
1,24.0935084337003,-2.22283286015297,0.459911255408425,13.6961702747031,21.4801533597557
0,-13.5527860068871,-37.1410892447354,4.91180340310854,10.7438322291825,10.5211727602586
1,-1.99571336637257,7.39325566223994,33.1385767743916,13.0532515955841,21.1828443314376
1,-12.1831594603014,-2.25034812060915,-29.6241608819783,11.2997268376646,17.6386608188554
0,1.81157951470983,-2.73532299371936,-9.1367730731786,9.90486480461515,10.6815295056424
0,18.5647759030445,-27.2304701413442,2.62549846946539,11.7261600524171,13.3523647887684
1,-5.78493296341543,-10.9227437602636,-26.002736985518,13.0205879492297,20.5166157907782
0,4.28598951455466,-31.9118055467597,13.5280521396269,11.3948452394129,11.5436608776008
1,-2.98903623210833,4.05967095985781,-23.0184713047692,11.8808324873334,15.9788248003568
1,50.2233577513977,20.4661181863472,-18.754464250747,12.8084350422467,23.078465014999
0,-9.27810528768412,4.25204677546751,51.2038812018978,10.8962208017564,6.09222678327911
0,-21.1540782894093,-22.305471019664,-1.27673853582009,12.2735501159889,14.5634403348817
1,6.41806905964782,24.4964438332684,13.6231370241223,12.1967025913536,19.0748774352099
1,0.872797870428175,4.93501445097169,-2.22449607201879,12.6400770590579,18.0125855013098
1,11.6221206567085,-4.94427342493666,-15.6983007255418,12.6351347350368,21.6410682468303
1,6.33717239756573,-12.5013083228284,-1.3748243098866,13.3959039734042,23.1416011749296
0,-3.60886773872688,25.3903138860647,-22.3214258632512,9.30781208093277,9.17841796048512
0,-6.03782515397898,-10.7408744871388,17.5280723703432,11.2022288593091,10.6598463682379
1,-10.7049670044543,-30.5377529744858,-24.5222796884918,12.887120428196,21.599949042756
1,6.78642568924898,-34.1166739653714,-11.6539438071241,13.419866735536,24.8768200813681
1,-5.016644003417,4.27670941281405,-25.0565516993396,13.5125668628241,21.77840586794
0,3.34582183838353,-13.3098879934624,0.0390500048948692,10.8625584779282,9.14125410846916
0,-7.07143892163635,1.73300870893626,-4.85565387987176,10.9056095166937,5.46773331681138
1,-17.105699033198,-33.346770127406,-2.19993554469619,13.5755985074136,20.8600063496834
0,4.21755562692849,-7.617286502634,-15.0658932352781,10.2208269145718,10.5178434929548
1,-10.7985815667051,-1.62980148560881,28.3481574622698,11.0205751660819,19.8692619442248
1,21.1306397743959,9.43513106575669,21.9928231091775,13.2211669120235,18.2816398484404
0,10.3125371910602,5.870196689891,-4.55510676145286,12.2026983084053,14.8607934537867
0,8.58871334997425,-2.45404303422149,2.94011975216987,8.46386430696631,8.27228367726078
1,-0.0380665027885463,-30.4838236548075,43.1993979009551,14.7980552958007,24.9052646551243
0,-14.5645624281776,5.77671853293345,2.37146493355678,11.0162398895947,11.8296805536349
1,15.5442541697116,-2.23122208822691,23.6680608851401,13.1414112687709,21.8947199775842
1,-0.886339190653181,-19.0214481141942,-14.0144393094018,12.0653279082159,20.4369672607346
0,-36.7060664114313,-10.6959157101158,5.47054370965666,11.4615927090732,11.4749131891937
0,0.306029939851155,1.21914002759801,21.6296147707635,11.087249870069,10.5678608502812
0,-9.98041514552967,15.5812786067318,-3.55362545995982,10.7762923059254,8.51781939199807
0,-14.5100290461482,-2.33523559832732,1.05143029650109,10.411058968488,8.71331781348634
0,-9.63469949065965,-3.46999809867727,19.1607055010577,11.3061575866853,12.8517630904882
0,-27.1608970178893,-2.6157412724587,1.07049507928221,9.73154236036915,8.93645863221196
1,8.50205035183601,-11.6629066789474,-5.5626203096951,12.5378569401267,19.0487549565937
0,-7.17166592026017,14.268508928938,-6.52111553216334,11.5402132484023,11.1898131417285
0,-9.66574362470358,8.46972778102742,-12.4056018567974,9.9425792189413,11.6664709273183
0,-1.44627755082081,3.01979795734437,2.98180926491417,10.08580947475,9.55625111724305
0,-1.80946328902104,-5.19445975769386,25.5813261123923,10.3564419044946,11.0482548308268
1,42.5162558762269,-36.4995297083991,-54.5750753270834,13.4606510749406,21.6043282098422
0,7.98423422486732,-5.27694738920098,2.51026039121148,11.1222025111816,11.016879912193
0,4.32368388179414,-1.18039544529742,36.9378229018499,10.6358476870339,11.9421076911165
0,2.54159673065734,-11.0209956176161,-23.5997954032929,11.0434483979584,11.4062736592658
1,-5.93483387150957,0.558034450111167,-7.09019768828659,12.0679070886027,18.515873731352
0,-3.97570913812907,8.99327706884039,10.5439774711654,9.78178887352608,12.471237538475
1,-2.73967643187613,15.8899738833815,-6.57912767006701,14.4731011201059,23.4436233469606
0,-3.95179365067316,-3.37962446417799,46.8997259173269,11.3239810398396,13.8419058933758
0,-3.53250822931411,-10.5983022724489,-10.9585962302225,10.0529126628247,10.9767255514042
1,9.9497310729164,-2.66280019909309,-20.9385440086997,10.8405900650021,16.1210681039125
0,-8.36089747677065,-5.6143383643391,-0.221145356084357,10.0716668904816,8.28192193429415
0,7.04374353115824,-11.628869066107,2.07716077572531,11.0791785958937,11.2534226540518
0,7.40980868580541,2.22033805060765,5.60561117802416,11.4184258728567,11.4101833942292
0,-7.41507546867884,26.9731982896276,5.90612649400867,11.7720775060058,14.3806723154675
1,6.83275243939831,-1.38635173104068,2.07531648158887,11.5167531872064,18.6692544862168
0,-12.9850795010362,-21.6407025172765,2.85679446214933,11.7021010076521,12.0469444692112
0,9.48882057683723,-11.0831863593194,-10.9818259766851,11.147925618562,11.4530332313262
0,9.50381016216385,-9.21058156875635,-0.072375708383961,8.64878950323453,10.3798361189752
1,2.79413214705378,5.78401840833355,21.6354729412982,13.4819200332423,21.1897766994632
0,-23.5309293083409,20.502529892833,2.37272460897016,11.074097458666,11.607634981989
0,-13.8693242529216,1.45471866100689,12.0174870160686,11.2545421902542,13.2319793330634
0,13.1908914612996,7.55806752403573,-9.54021196501674,10.4048308422938,10.333721286877
0,-0.459971280573294,-34.5031675490778,2.39000274035568,10.5299386986704,10.3344412670091
1,-12.54663544325,12.1363027090777,-19.6619521357401,13.4753916274612,23.8986272093569
0,-9.11796210381068,-6.07530821169545,37.3376875357708,9.89049150384715,13.8770628038216
1,2.3707192550613,26.6970709284967,10.8468103121587,13.0982310892644,19.4897820018501
0,1.50878567425015,17.5990787205589,-7.35188928329332,10.8105520367488,11.2203791677557
0,-2.43103936171498,-60.2828232363369,8.81366567974431,10.4601882304961,8.86958339747452
0,-3.71736983919859,-11.0242548148206,-1.661075290619,11.4173482482194,11.1917696635884
1,-74.2973785647438,5.0327087483391,-38.9921125083406,13.0191151827728,18.5823131772558
0,15.8992182337113,-3.17823409527716,-2.60580549139625,11.2428208268399,10.7930705411546
0,25.6323262514654,-26.9462281485568,46.8834292758924,9.34012915359137,10.5721580364315
0,-4.43661213497212,-9.19379895652431,-10.7453554750644,10.2053759525248,10.6784890619902
0,-6.40644988106279,10.0230601313516,4.959906649438,11.4885257364045,10.1747393082603
0,0.95456701278827,-3.21198102198746,1.21439580446016,11.3190014385122,10.5495236367229
0,1.08975623907541,9.66412031239724,84.0035057739028,8.53162681751194,9.1402802044372
1,-3.09392683690526,15.9187731652897,-28.9010838363688,12.9644333272369,19.7037636590443
0,-5.91888609242968,-10.2531971773259,-22.5050391883444,11.4499097882992,12.8615641038457
1,5.13552244120818,-12.5145706023355,9.15212688329789,12.0867500293138,19.5530114862997
1,1.10385802727855,-17.8578595756269,17.2705480731395,12.0174829559916,20.132219327981
1,1.68911928708007,0.469612671250466,-16.5561309469535,11.6201422271568,21.4368602394963
0,2.006195754122,-10.0626172566089,-13.3883316168761,12.075423166007,11.9063798621193
0,3.75052817523243,-5.06639098102755,43.7882054128931,10.7359363231725,13.4380921535605
0,-14.5692485941154,-0.0508332190135314,-30.9802760647565,9.84881060306378,9.60962263384816
0,-7.77031483570708,8.5519900963227,8.75475733473467,9.24263697570244,9.01925829758711
0,2.79236689187662,-32.9847836801185,-1.23577664422297,10.057545034903,11.7901284540688
0,3.70262231353727,7.40654311965236,4.2235078659827,10.6660323183911,8.74702546336346
0,12.9698008046948,27.2066280070107,-7.46992219412855,11.7017294657668,11.0051035016653
0,-15.2695825392154,-12.4650347701402,19.2217926776787,10.1310583651695,7.72411846504577
1,-1.8123512154201,-54.7111026203405,-15.5318683581388,13.5271770500883,20.2492052637149
0,-6.42031794615169,-7.71829942526773,0.918299732226355,9.79953180444283,9.02865177390177
1,-2.60080871810981,36.4327526061309,-7.73304842978965,14.295517147699,23.4803539606138
0,15.0108719533777,7.49776974731829,-5.17160831838861,10.0909708400974,11.1371831555587
1,10.8913737331902,6.78877416186168,29.9410104737167,12.3662396220303,17.3215566696955
1,1.33881999741475,4.49344559943562,-43.6685249714686,12.7714276259896,18.5721543422526
1,-0.0769235654452544,-21.869844806416,-3.18334313361594,12.628783071461,19.7467127128797
0,11.123039266894,-2.10504257357712,-14.5303358153988,11.5311388154275,10.9435612111585
0,-2.21015893447251,9.12377670559268,-20.9047747385028,10.7545964449315,10.6923771647203
1,23.3803920052573,2.39418999754705,-5.39669283833152,13.3611054384063,20.0463128091519
0,-11.2543922230707,16.359738011548,-0.712636884114764,12.0405094121978,13.5032830403756
1,-7.96641750912187,-5.55211419806746,4.54783049366342,11.3405475916624,17.0612915454636
1,4.56225748724887,-6.46290782832227,-11.3754797805711,11.591511693528,21.5016457803073
0,-4.21983121698182,-8.2955900311512,-30.8641161702531,11.235978039185,13.3813409473447
1,-5.62205571740427,-27.9617805995717,3.64515131640704,13.9767760129086,19.2414324391689
1,5.37371840586935,-0.0875487545698842,13.5431490836764,13.5436166914341,23.0866229784183
1,-2.68428621648595,-6.39790077356955,-5.35612486240185,10.5409355574868,15.3349985858315
1,-8.99120115897269,-4.19712936348666,-28.3853839743597,14.0850661442975,21.1582362399364
0,-1.04038008059686,-2.85869376639104,10.636027793881,9.47099841584401,8.97136339774628
0,3.12648357912998,-8.1978455148807,66.8891432510639,10.9195587583827,9.84654548726067
1,6.97196000586105,-8.85932805582538,-4.86497601010672,11.1705981527223,17.9656373673262
1,-16.540583289833,-3.58683344993609,-12.5425732260684,12.0192096228522,17.6922538354306
1,-0.373912386259863,1.4602135711773,40.0753176971071,11.2226996153527,17.3316121336122
0,6.95557170095205,-17.594595464668,-6.17017754248522,9.95497890946661,4.88785155016667
0,0.216840248707137,-19.6257511215048,0.921229317821928,11.1227883209668,12.9376796553057
1,-11.0009102058168,-6.88405777042126,2.1950579812395,12.1901744403901,19.1444146999503
1,7.59694482131791,11.9548376160453,15.741729704879,12.4451501701324,19.1632459019992
1,-3.33657922582296,-2.55791724791301,-25.8343041926879,11.8256986968323,18.9615039071376
0,-15.6253716181331,16.2135109834982,13.1708993254204,9.47255223611405,9.86758722785542
0,10.1934272385557,-17.590873888969,-11.4813607952973,10.4882192437779,11.1336527562583
0,-6.33296113959813,-18.475423891492,-3.66195879092629,10.2647188013446,10.8104800989737
0,-5.1454686202798,13.0608396970314,-3.1092918185394,10.7261299556975,8.83958379929743
0,-10.9053405602965,15.9191142130512,-21.3168795640112,9.82288734494452,10.6192041151794
1,-1.84110970936746,-1.56477615842962,27.5501165618886,10.321977744189,17.3970081032729
1,14.0146892770523,3.14792174701148,-0.790384185845423,14.1632025781982,22.1687940211828
1,-5.90653475389131,16.141966954966,2.05507894549981,13.4000330050113,23.0034940120173
0,4.00660551610442,-4.79357789579102,1.04129449736332,12.2070321470729,12.3716667899716
1,-11.6041109720377,-32.3077639697132,-60.9606527826617,12.7203434173722,19.3315607012856
0,-3.4693921013044,-12.6343417135707,-14.6485672352908,9.12938869217141,7.48578817149666
0,-1.75632461498028,-14.1480740504352,-4.57022940162148,10.5672663546318,10.2790521758895
1,-15.8807671604122,-82.5660932289631,-6.14127188053633,13.6115902973781,22.0736125864645
1,-3.58038386802408,7.03875560857057,-18.1914333533965,13.2433614166398,21.2627718099039
1,-17.8321151711555,-4.20392876890629,-6.16505571644578,11.2367682392958,18.4364111206644
1,-6.55201516068262,-12.7651208830403,13.0577995564739,13.9893673108672,20.7038965747945
1,9.47024279570388,3.46379460152343,10.6284542290999,12.0894385258267,18.551230697797
1,-17.2506636371711,-6.26897475584449,25.3182797227791,12.0092250222778,14.6243629229084
1,-2.16374300812351,7.96466471226384,10.6746175197264,12.0383066137527,18.8379334228314
1,18.0679861653797,-3.9428809824792,-39.4625465697255,12.6645937150291,18.9761333933431
0,13.585078572191,-3.98497179788159,-10.8754836892547,11.7101573678846,9.98961133892388
1,37.2331246181518,38.2619359508974,5.24090088065088,13.1101077006794,19.6923094788344
0,1.02387852445458,4.06421999154871,9.87722498904209,10.762782820185,11.9878351174388
1,-14.9957853845078,-19.0931948978938,-32.1852744587667,11.1606789400732,21.9024078661051
0,-6.59415076628746,8.67906374819549,2.71606290916409,10.4317690907354,8.43108855925622
0,32.2636901359028,3.38198783325437,28.962226515319,11.2335162077582,10.992753709839
0,-19.1732779306477,4.63650166573764,17.3354571112367,9.34881111082232,8.10943032480416
0,-0.832848281689777,-2.2404437807746,-28.8657693472632,9.54717204674188,8.92735509797062
0,9.0865635463115,2.94014476042781,-1.59477976438791,10.6522857595742,10.6223154324347
1,9.43807731600093,-18.9776215986116,16.3441038483689,12.5284052466539,18.0264594960209
0,0.391243557014649,-5.70894720655724,36.9648807263773,10.9391623525188,15.0528380798899
1,-6.27260418888854,-11.0479048068259,31.9011069656658,11.1222217888417,18.2179849487081
0,22.818973889563,0.908964199017381,3.40224034325506,8.44717195516288,8.96194266527754
0,2.10221845384616,7.36644033343286,-22.8570053534476,10.1848456796272,10.1332523681029
0,28.098739385612,3.10199483245821,-32.7190366148992,11.9955826412552,11.8997314863528
0,7.58748821344848,-5.45693986246946,-8.38715846414684,11.6094274830455,10.6498733444646
0,6.37106292419693,35.1136662662331,15.4898403607543,7.74103112783031,5.71258742241257
1,10.6754515692023,2.00015683652946,8.39779708526008,10.5115654324653,18.9179892562036
1,-6.67451489641339,-1.65115907445485,17.3750751347189,12.5306042815219,23.6734549266055
0,-11.9334460051477,-4.54836352793326,42.1622189855909,11.3956491217338,10.0833804133028
1,-2.37483013333057,4.57464761826428,28.8446912557957,13.1401923353673,22.4056712848291
1,17.1350840354293,29.822147742569,-4.39081320903094,12.5664880790048,18.8236669066172
1,-4.68966671964803,20.1875222585241,-21.1832837773749,13.0228467762675,20.6991691711186
0,-18.9669430127797,48.7500034004951,21.2107306330126,10.7865585556516,9.4820596095531
0,-11.6230396960448,5.29604262403826,5.28613718210816,11.5215867791542,13.9251335395377
1,-6.77087864546286,49.1911659575466,11.2697441471256,13.9616173034689,22.7258602770855
1,0.714690378293775,14.320994577751,33.4779260162324,12.5220313549993,20.6844639373955
1,-8.34364555883056,5.4071349175585,-6.83274780447882,14.0341889058485,22.2723029389241
0,-11.0539572453686,-12.7647718062958,-8.05282689576691,12.4320666020697,15.2407527536671
1,-2.6588702188331,1.31442161241192,22.7564020630878,12.4637632167293,18.3293123062673
0,-0.108840138770438,24.3852155966732,-23.4138829058984,10.448506451419,7.54255657177136
0,-24.4284117429272,-16.8802039198028,3.96479239950027,11.6802260291015,11.4401870920958
1,-4.08880532446879,7.99985090794827,3.97418344936581,12.754858428599,19.7903185934686
0,-19.2469242737415,3.05174829525571,7.39984987963534,9.83882223347523,9.73433051503718
1,-2.55511911628698,0.542155626698694,47.6814661333879,13.1727016769629,20.4131904737172
1,12.9760167903994,24.3246513162844,31.8031519720591,14.1149009557441,17.1103653880093
1,-0.678082632252524,-0.607366466856491,-16.8605911724361,12.6070289652788,20.6268542068237
0,-4.08184545947984,-24.2116014023297,30.7520940593177,9.71304720960267,8.25827619081642
1,-2.68340067161414,-1.83979269316966,16.7368452580352,14.0687564497435,22.7674710450608
0,13.7935557226648,-9.8734358391342,-16.7953325347976,9.78732132515561,10.0696137931505
0,8.36956958179834,-5.80825535871878,1.59183254212991,8.69689831920128,11.2064894341835
0,9.04616592877916,9.3391468990054,-12.4361433122462,10.1709215576809,12.72259015601
0,-9.98939821697917,-12.8229114781382,-24.348497872868,9.69123204449613,11.0178664817062
1,-14.035623016847,-17.1433148890242,-21.2882600919713,12.5632125394094,18.9069410899832
1,4.86262724922855,-48.0716541194561,-10.4199589614298,13.3061692150578,21.5489540029068
1,2.63939265440475,-12.0285023538903,-39.34907659801,11.8170207826726,18.7689608618445
0,-17.9098622007598,-7.45347304241267,-0.247400179614136,10.3011184860829,9.8857638672967
1,-3.38674594340826,0.993820561610589,10.8833210129314,11.9479909969642,16.9301229246482
1,-20.5423341957371,15.7319011893778,11.7614736402041,13.6729376079679,18.7193253955184
1,-1.39512461225053,-9.38136922961493,-18.7535691821378,11.9471251611275,18.2745876943269
1,-39.4928871832509,-7.80812984297803,40.3421409886105,13.2000840905432,18.9517047865193
1,-3.79359034608621,-47.1985637032608,-9.01696624746537,12.683083156469,20.2647190909005
1,-46.5664245120851,-17.2653728661779,7.01549416941275,12.4023763657358,19.3998692967051
1,-5.54294383777077,3.11706228079814,6.52146604318366,12.5735568155631,21.419379206898
1,13.3417711098616,3.34052902758239,-14.9299167929507,12.9101341717241,18.9586901493931
0,-16.4331696695498,-15.4735539183286,41.0916117626127,11.0041635642266,8.68154792026671
0,1.70498489806479,0.777165675804014,7.97198254324374,10.7412041470655,11.8832559678627
1,5.89088619381118,0.184438730945117,-26.9057733954308,11.998283929879,18.5078902125815
1,-3.53903654032146,-1.51435277700565,-10.8512665344272,11.6522266576074,18.3619505626488
1,5.69389499002356,4.64679487214131,-2.95279611166174,13.421116738127,21.6277593486958
0,-4.52845249020575,3.14714760308169,-25.28321564892,8.55497755422986,9.53307413447218
0,-6.46411327044752,3.19242063085014,-18.2126823999647,8.9735088365617,7.83540496512735
0,-2.6069254922081,-8.48612195410153,-17.9292690875258,8.50289258824074,5.59592779140636
1,-0.404397534310839,-15.6515855258749,6.73602428768147,13.2379116901477,19.0540223845193
1,2.71957894042964,-27.4031178736614,19.1994685272245,11.5059799798333,18.0604635559563
1,-44.525455446298,-10.2741478513475,30.2103265805143,13.8711051287207,19.2342695229391
1,11.1200167972117,15.59660550826,3.07178870553026,12.37856083461,18.0315395654565
1,5.58927149496073,7.72993643277745,13.6666838195079,12.8683260833888,21.2247943354416
0,11.0807479155736,4.69634929929445,24.6994883651926,10.2956254457388,10.9989961374505
1,-14.036902360489,-11.2114345848621,9.35892396414335,13.6861435856386,19.274352077423
1,7.31476371609115,1.82410959505309,-4.27326282470495,12.2214706431861,16.0183414342008
0,16.4564540853131,-0.347574005717748,-5.48558017218003,8.89689515248977,9.06921437782299
0,-5.48034170668772,-4.7716640587299,40.5352388806895,10.6376370112371,10.2263682548006
0,-12.6269942188097,-0.235367892988312,7.01699051367349,8.89386381115132,11.1452354478033
0,9.88306267811232,13.56288641006,14.5335576452409,11.0071362007027,11.4668992120797
0,-7.56255544221155,18.8817766214398,-3.47916257572829,11.1419779624834,13.187263763445
1,4.25704702719887,-36.412174013916,18.100497199516,12.722998044394,18.2706746242878
0,-6.52330113131566,11.1814859702749,-4.81089902110067,10.1570133517213,11.2451266683879
0,-1.9902642955925,-3.64581088401553,-43.3350092220676,10.3594228718309,9.66404201602039
0,6.52521447104457,-4.94631460072226,7.94205417823998,10.3960619437184,12.1851595606117
1,1.34518299375306,-10.0721145232229,-17.1829368896518,13.7744358719242,18.9624611546386
0,-5.45231284871439,8.37883872062554,-4.21752943239738,11.6322596724352,12.2491813663114
0,1.29351015053035,43.7389497485121,13.1791754238469,11.5699380098631,11.5783833870642
1,-8.50027488008509,62.2936303926163,34.8464408290287,12.5520510767822,18.6853922887473
1,11.9381463549476,53.2849283184262,28.1970304006701,12.5267296056797,21.7827453418478
0,12.044387903162,0.188066970604837,63.1805598395961,10.2296825895849,10.3679407379631
1,-0.984810687169282,3.43011981666537,-36.3094311242463,11.6577332713422,17.2845734570577
0,31.9820602604277,-2.6636375524758,10.4098776568856,10.3951158806387,11.8792929158922
0,-8.81861503940487,-11.6795763493197,7.23898627393419,9.41970732197423,9.16847117004186
0,10.3616833970263,15.6954668762802,0.777867736543179,9.49578897094736,10.8631018830371
1,17.5247646323248,4.31423302017657,24.8401055668258,9.92493991709726,13.2269993713122
1,-9.41851099514741,-15.4149529897539,-6.53802031040899,11.4863312481576,17.4440852319064
1,-0.740927408700261,-2.70550282659483,27.6605308611503,12.5896820412364,20.6811735219936
0,10.7808766295856,-4.03724710520872,18.4283781823511,9.33157333810674,8.23114618748233
0,3.2187872559431,-51.4603334284904,-26.0715628967278,10.2273649341018,9.82665634140772
1,-7.68000843059347,13.7673747727016,0.269472066057214,14.0888609625224,22.3532141452059
1,-1.11427672124409,-15.5256560094825,22.2825341876178,10.834589453178,20.1974874203287
0,-11.4265068198859,1.66174755950541,8.28223909996391,9.66759188660949,11.0314990833869
0,-6.09096587869213,-16.6306884705501,-11.1599294378028,10.7777174320994,10.302403250819
0,14.9070687093075,2.95412779302564,-21.8751858003277,10.2297735714585,9.21008226123985
0,11.9501187417883,-3.17617571334169,-2.82550558419891,10.7571022419378,9.19876937018043
0,16.8764007065161,40.7845834607437,8.92207041923958,11.6999001763374,13.8517461160983
1,2.1486076427014,-0.966315267520012,18.6055501351042,11.3700430241399,17.6518323750825
1,0.541672013951661,-21.0813048900271,22.2525874915446,13.225005197036,22.4323685994046
1,-19.5746089212763,-30.293502725215,-20.5139574644335,12.9374350733092,20.6131615573138
1,10.982770853854,19.1189054180452,-38.5090229896877,12.1553737619709,22.0109326570787
0,-0.981084235437303,-16.3842667972207,17.717302820828,12.219072467711,11.1662076333006
1,7.96328795878841,-36.0435399953803,-2.06361038386934,11.3360902794584,17.1627478581358
1,-1.97751868076544,7.23163247449074,-2.04795753067745,12.047246022077,18.4302475815337
0,-5.83947192037975,-12.523762411602,-24.1753844756342,9.83030691078369,6.90081436711028
1,-25.8031201385507,42.2048752340297,36.9978493135203,13.946751113223,16.2639719025401
0,-7.57633259309579,-30.1878532556829,3.76984651890654,8.52648720159002,8.79740900969603
1,-20.9153826782207,-13.3009962608188,55.8502326637648,11.2622633721356,15.7440240044061
0,8.9845596988645,1.56815163211792,-5.23569639133564,8.94423582247841,9.90980856450547
1,-0.641007210404483,-12.6024843556974,6.44316006187394,12.7877281084768,20.6736339688649
1,-21.5773333728837,-0.680574045219486,8.06621666090142,13.9478967349079,23.309485540524
0,-8.04666063039248,-0.404651011565238,0.670924219949336,9.13906504846602,7.4822541350266
0,49.9122608633372,-2.65408418936459,-13.2844364033577,10.9943828247827,12.7337091608346
1,-5.61820107487574,8.65222635794707,7.72710850788965,13.0994570106144,21.1659337704056
0,-11.0627306388985,-7.39297544834906,-8.07206508483574,9.42211540499527,8.31421358193157
0,-11.185613703881,-5.29746401818828,-15.702110273499,9.23642286309463,8.85316604722283
0,1.26361019712911,-1.70546542146075,-49.6492603070577,9.93184780065449,8.947965680613
0,-3.21826722193931,-3.72905087642753,13.3801883482071,10.831532337505,9.35318261812183
0,-2.88967358055012,-54.6744739256306,0.435861961803587,10.2882565299401,11.4418290219664
1,1.39657353831857,-24.6247378067444,51.9711340419602,13.4832844811711,24.0822074325387
1,5.34073073783333,-4.16359000419239,1.80816778362114,12.0414629173126,20.3553196423803
1,-5.27493039493276,34.2543867349135,1.73138128140825,11.548426001796,18.9235979772959
0,-2.61698123025234,20.0460918156706,1.02876209061666,9.36738098982259,9.20303459544051
0,-6.6517004756103,35.8457837956718,8.58710477622147,9.59514671296193,6.83442733749744
1,-9.44876806251592,2.54644569043185,12.8610483527758,11.9440889951849,20.6874224717391
0,-0.754596628157167,-9.35581256026953,-0.74223971658207,9.47466561972368,11.8065302284327
1,-11.5294860432912,8.88313645225517,3.61336323946022,13.5367487354158,20.8201364502739
1,-0.742284543572247,-16.0760739724067,5.22268066142527,12.1795549875121,17.1007242597367
0,-4.69145273348487,-4.18904736987567,33.1999686665876,9.02033603100982,12.0926340948739
1,-19.9913920471977,9.60857257328943,-8.57424063915933,12.6721265886742,21.4003157895238
1,-4.21446746028223,-0.142424293053935,-20.3127345690417,10.0636967776996,17.1321614795038
1,4.14007393690853,-14.6137117853473,18.5099010553007,13.9660945903199,20.2969690513501
1,4.75860101065895,9.48172040288938,-52.4818691197562,13.1884965967895,20.9918431478821
1,-9.5935257719592,-7.296582441056,-5.47569538634358,11.5469772955424,18.7260997731208
0,-2.29090195450131,11.1671972302367,-9.86195126695713,9.88403513389519,9.63816752390004
1,-2.96245755128937,18.5915030734548,6.62352454227475,11.9059258652146,20.8350006951862
1,25.297863388527,-5.08165525690052,-9.92883373697489,11.5788466337792,22.9014685775089
0,-1.10256830394306,-25.1084208461853,4.64502133108333,12.1539868729326,12.0916662299618
1,6.35958429867295,-2.80934753438739,-23.9875534351777,13.43328138615,22.3454266123162
1,-1.71788391727191,14.597114709249,-13.4740841096123,12.517254012962,21.4885211454648
0,7.70355177614653,-12.4011063850283,-2.45611403200266,8.3225540964271,7.1002773017988
0,0.782867899579044,-0.646522437339926,25.1709674917318,9.43074868396785,9.85823796570604
1,-1.76709583238863,-17.8160298759057,42.620742473963,12.6132700870041,17.383704953116
0,-7.19458049289441,-16.4742165019321,-10.6079671408544,8.80890096671651,10.0549842999537
0,-8.1001937546058,8.32578748887187,-12.1623506012161,8.26597061316315,7.02746012178391
1,-29.4019915809396,-79.7846238557006,6.41852124800294,13.5408598140918,19.6491652228932
0,-34.481235414953,-11.9467352946481,6.28551811060383,11.137279328127,11.3772208117709
0,-11.6667587443612,8.65491427709543,-0.832077050440283,9.54269987345753,9.67668143067282
1,-2.62308908237642,1.40471718992495,-8.82729379660535,12.5426949224728,17.5117432066345
0,-35.7931740787953,40.2956376920801,-43.0928918742666,8.34855411901366,7.23427624722088
0,0.260243835432975,-7.80080363632423,-22.6096321616231,7.53690545934527,5.54964710031917
1,57.0584390074011,-13.8456297760396,34.6524734225879,11.5611378614294,17.8455274933094
1,0.81618476255963,-40.5973504690493,-12.9193288841592,12.6231763029015,24.5901265013674
1,-17.8641872209379,1.25662840844214,38.4031267131484,12.555815848236,20.2540283043065
1,-1.93920629887055,24.6292647315963,-18.2340975135137,9.92588711400458,15.4773705042196
1,-4.38373727121104,-19.1036336522323,-35.5560256102756,10.3219387623831,14.6857701514808
0,23.727175623202,-13.4424200539111,9.10026909393141,9.09806003924851,7.50352248791545
1,-12.1343742897806,11.0127629062237,-12.7552599038497,12.2237795179888,18.5706259061402
1,-8.73975490515841,16.4258243815994,-21.9623227262405,14.613656493222,23.0070291449979
0,16.1604505718647,3.08430550393596,-2.0920378518356,10.8218300388925,11.3268069181989
0,-18.6195837157701,6.26105787714189,2.35911458355225,12.0992324016258,13.0461595955319
1,-4.04632965298526,-16.4809080463301,-29.2891525943442,11.5503069525634,18.1672703608106
0,3.30397712263642,3.1717492041942,-33.5237622019875,10.8534917878586,10.5744769015243
1,-1.34928616004939,-17.9212164116228,23.9629423625624,15.5501089096456,24.162570589288
0,26.3405663828283,-26.5859918365255,-10.7523131585611,11.6602696995611,10.611280495137
0,6.50888206739561,4.86755913077243,15.1986059803622,9.80104263682559,8.64071994536133
1,3.55516234300191,-34.2814278212999,-16.3859357388608,12.2421330436508,16.437826648652
0,3.82436081602581,46.0121987271768,3.33761260842116,9.97394937965472,10.9122725159575
0,-13.5322773949183,9.30678368412183,-7.79238856955546,9.36160494258336,9.33837538567876
1,17.7439450311971,-9.56614916337125,22.5480919298864,12.6674117781856,20.6358121564098
0,17.4889685979757,-5.12075731864491,24.1719191680313,9.27368562065792,10.4346311541481
0,-10.6328136648876,3.73505029112786,9.76533517991568,10.1387069775797,9.54928403541955
1,7.86521043822203,-5.70753766743593,30.3297863019811,11.2715037647599,17.3571847417135
0,3.67100915220423,-10.4903605097022,-10.6459339516363,9.31442439643194,8.08543142494654
0,1.68159661747439,-20.8909016526305,-18.783220398191,11.9794722715591,12.3523405385485
0,9.90589246533407,-5.84071453383216,-0.311147362784335,11.7451334481642,12.4371069228678
0,9.23014313729425,-4.15386100936753,3.31644589979716,10.7439732248853,11.2998102937764
1,10.8366588116464,-12.5366371349208,-8.4300715716293,11.838000624762,20.8161810343715
0,-1.60144855284505,-7.22862067937282,24.6532878635871,12.0810336323928,12.0177484894758
1,9.93010090719154,-7.40627494181634,9.74174272932578,10.2954467131517,19.9787917482951
1,9.74730279839234,11.0310473315451,-3.11510212413545,13.5347052805086,18.4434597729936
0,4.3479055282393,6.39856682368687,-10.1043721569625,8.42091879252656,7.61512609389049
1,-15.9290000331231,41.6726497427939,-39.8129960122672,14.1730502772245,19.9454466626199
0,-8.89460763265861,7.81703485310029,-17.6547378374908,9.9794478752125,10.5638931876387
1,5.05427002557257,-24.2668281524177,-19.9430050030138,11.7220339233762,19.6103434791615
0,1.104222849832,-7.49437214483218,7.70952250578544,9.10408125480688,10.6360197482533
0,15.5134924035554,-0.66888132623267,4.82031121856218,10.1632532519563,7.91964424269824
1,7.50984402616623,14.8055355174785,-29.8395023526043,12.7697033971958,22.0869286219037
0,-0.545226440054455,13.8275442629458,41.7532456562767,10.8589095680557,10.6267987898994
1,18.2054782105162,45.2198356915914,-39.5972372748115,11.0703823823768,14.7090782697925
1,25.681765656839,5.41266110851295,25.3634119525679,13.1745242797421,20.6486373699653
1,-0.453414205837213,31.0822854059885,-23.9780043121914,12.1747018971384,22.1704687620518
0,6.32387739216131,-3.35822899464824,-6.20992498012212,10.8385332713907,10.5634710804756
1,25.7155284455146,11.1488843609015,23.8316851369776,12.2833997294486,20.0911255001892
1,0.593183172456818,-14.967418907251,-7.95792234450188,13.8210207501582,22.1762778997075
1,-10.2536826882891,-9.62826920342676,-6.34610628635845,13.5224554629007,20.0436060937984
0,9.2190310499404,-10.9211355022412,-25.1670513310064,9.90119606068584,10.2294764794234
1,10.7455073223071,11.4237340320799,-6.07287626004239,14.6059524770215,19.5728495930086
1,-13.4566197105945,28.4238786779124,-20.5181279973108,12.168978854289,20.6968032256999
1,0.165846930465377,15.039271964555,-41.9787628105629,13.5970609677475,22.8885515272347
0,-8.03819429307633,9.56257400969059,-8.44247918253272,8.74285792184432,9.97639637895914
0,-2.42383265685336,5.96805013323622,-12.4177443056524,11.5558630947815,11.7368954786978
0,23.1595500973599,0.931790282488324,11.6431515412324,10.0808710639867,13.9123273720487
1,-3.28749955059679,25.7248858844908,10.8890818025966,11.04710650064,19.8195665686007
0,-14.1928641098096,-12.2276492503223,11.6282313527728,8.8701245516632,8.67351588969468
1,-27.0943881050589,11.133898578152,36.9338190051397,10.0375304275136,15.8872872899641
0,3.30838690615077,14.6192452428488,-5.80130891508549,10.5498415492672,8.51178443050831
1,-15.3638723802622,1.84943234332964,-7.91645639789254,12.6094121477964,18.5678642711882
1,3.65414599660325,-39.4669657944347,-9.36115493547753,12.3141331601604,21.5764631096393
1,1.19853026023937,2.24658627421566,14.4193283142553,10.1642024960364,16.5246280951431
1,7.59111431781299,-2.64703859667175,-35.8255471820654,12.286085535177,18.4221305130034
0,8.44231354578746,7.92460638046001,-16.9170552991601,9.3128098177039,6.75320121990306
0,-5.50245275278823,-14.1113603031488,6.12885456226893,10.3418267325825,11.2923614475386
0,-3.92865294048902,-14.745567987874,-42.0074036880772,11.5155235231213,13.1802554791116
1,-3.04136571502249,-16.4638068143484,32.545851180805,14.6945348127092,19.8479132276867
0,8.2484016390685,1.95345914363537,-12.6335816255283,8.62302495609706,6.59781711890728
1,-1.70955429837931,3.37982584385043,-30.8276454778947,12.5657900730541,22.5495461398851
0,-1.02730690891178,3.49542958567203,34.1719944533448,10.4917675386567,10.8274288456673
1,7.05517062194755,9.72678993025365,-9.46530154607011,10.9093085037964,19.1762017293913
0,-0.226744313504111,3.74233903451087,19.6063370848169,10.7209148954019,10.7181214140315
0,-10.1167011616375,-0.154047823917332,8.12112894995712,11.1470999924365,11.4480062916254
0,11.6381502204911,1.33566589948625,-5.64174812438661,9.16933850795065,8.42661943129988
0,10.9092014682621,18.9873685844377,22.3453950729318,11.6146524071222,8.33123134603026
1,14.23227392782,12.1627911489998,-2.07414122400112,13.2344931143339,20.9003058311232
0,2.33359976624007,10.258297160308,15.1393993197304,10.2439354323608,11.7971143583623
0,-10.7351133240077,-10.5897819389275,-14.8283195816339,11.4081155733477,10.9040994742162
0,3.83869271844971,-1.67872396803624,30.5362776597954,11.1050291264874,10.6847435875827
0,-3.50016029160231,-8.28988467127437,1.68357327294087,9.79187739788072,8.36440729424934
1,22.7681746067526,3.52296959992227,4.20539595828368,13.3378023099599,17.7362187360335
0,0.938234642549737,-1.72608999891,-1.4187835815008,8.46241581446951,9.56267402145673
0,-18.6810664405238,3.64436155248175,-12.9205405360981,10.3760157427005,10.8349684257167
1,-3.23911719650954,31.7473532589979,-3.81167229663691,12.9740551449923,21.5555321939295
1,3.09217185337382,-22.3191220782962,-32.2955339786825,12.9484541121592,17.9744974555047
1,11.0335196426674,7.0549751743585,36.6483079475061,14.6126633163198,27.202254205259
1,5.65278297379533,13.5619925287845,19.6850140603175,14.3760646157487,23.9625971794707
1,-18.6470263704485,1.01638126479676,-22.4589212731521,12.1033214587347,17.9815056582072
1,21.0312029240897,-16.0106528200337,6.15551655488568,14.8285200610789,23.3177872672926
0,4.65167371901689,4.25610768457694,-34.9855258894919,9.80421884199984,11.4015331791895
0,10.7172679748738,-8.85871673627308,38.613328016582,9.09639997926117,8.53983259124182
0,11.7255880507646,15.5509180795651,0.928376648332492,10.1166420950064,10.2891020337209
1,-11.3012951544281,-18.8437960930866,24.5964260779291,12.9439550854418,18.0181019481355
1,-7.89058298221277,25.9681979892033,-18.3068439896943,10.9788246699228,16.867911139584
0,4.00949765750133,0.784662592650393,-37.549527932461,10.0216195348433,10.008255404256
0,-15.4476964742475,-0.923075025694657,5.31254168140605,9.67012967734492,10.9239567880476
0,2.06282490875669,-12.1958315103573,-14.0662901152248,9.54875454862971,9.26031409074404
0,6.64222318810292,2.86939294524623,0.557392841073508,9.66869397841722,8.63535013520484
1,-7.33205464293563,-9.05922146467473,-10.3206020008661,13.8243703417235,21.3579975407658
1,17.1540416404842,-1.00950040726121,22.4511459615094,14.4570244986075,21.1137547022029
0,-3.70376203722107,-13.8944350363534,-46.784646782733,9.3454849381059,7.99062675006279
0,-7.95110468724977,-1.06989965252201,1.26705109781339,9.34518621687651,11.1336760038443
0,-6.55776073267935,10.7102034618408,32.7094853159375,10.5258416162662,9.93705556435046
0,-6.66512461159208,-16.2866648255213,39.0483732799134,8.18645609263826,8.79862769927832
1,20.6963940285862,7.53104474701137,12.8650583813342,13.5315611387112,21.5408716168078
0,-13.2129026149047,-14.8478994154197,-0.779484538340538,9.97178661853102,9.58591059542712
1,18.0102956594782,13.8699176643343,-22.0836628647735,14.5036624247117,22.6968901394453
0,-10.4858108767944,-9.46040576243009,-3.3723571922188,11.3898507171444,11.4014749192958
1,-4.72181666751676,31.7178189420129,-16.3220819552497,12.0927435679672,14.7926396759936
1,-1.80447651562698,4.61633438117527,-15.267951505351,12.0829569648322,19.1914070661274
1,-9.35523035761993,5.65257256630944,-2.32663665806119,10.963087905224,17.0541003703618
1,14.8086050167353,21.5340646208766,7.61826068920332,14.9928968050725,24.8672850502787
0,3.99546717082218,4.61561238030328,-10.5756112430561,10.2948073409664,11.1103013345803
0,57.7643775914137,1.74265979714377,-3.71826024788395,9.71651612943799,9.82531452887996
1,41.1866106683842,-25.4217327746349,16.0231087517294,12.5697439843529,18.265668729807
0,-2.7315060506384,19.8883674698011,-13.5069333350966,10.1700813598666,9.45112944011634
1,-1.40740038040012,16.9667324723956,-6.14073704714199,13.1538942177891,22.3206162969033
1,39.0411397748707,19.8918566953731,-2.42504027857428,13.5412949121742,18.8707948731185
0,4.04599928080562,-16.5151110830558,-3.73003966224881,11.9672620437936,11.9176178119694
1,21.4351747219724,9.40024922445152,22.7061054152158,12.1377628271169,19.4747439202206
1,16.4260626155558,1.26660404037191,-24.1517158951363,13.4276167359998,19.161013625653
1,-47.3769281759217,-9.25373696625342,-0.629868340905069,13.8222576609055,23.8422332658424
1,29.383295260662,1.32577775717782,28.276284885817,14.0376905257048,20.6088837374157
1,-2.67359414204528,-0.712981192247576,0.349965633419413,13.1337483391877,22.4480649208137
0,-2.1343762364174,-53.1273179263281,-45.7295538789818,9.4562334587691,9.27143188108149
1,16.9318955973139,0.328966751465827,32.4359611767201,10.4877171066596,14.0038876369515
1,2.05893678677777,15.1416544196529,40.4793598047083,14.8135428254154,20.9102698357036
0,-0.276367297957848,23.2483565740736,5.36275696472836,11.2458501922879,9.15520464323999
0,17.7043425772263,-44.1825393594089,11.3170549383846,9.74088608388742,10.3379857422277
0,-12.550433823613,-11.1008918339374,-7.47067889079155,10.1722871831824,9.73332607215067
0,5.80784288226702,7.1021483313558,7.52610909719531,9.40666950308229,12.1226466999836
0,5.29907573361379,-3.46655360172405,-54.8841389842118,9.21906898858438,7.07826100422501
1,-23.1630373364845,10.0993279478514,-1.74683513313379,11.9563399852685,18.0415377923838
1,-6.71197469498363,-10.1557928455596,-32.8586722666251,14.1898368913885,24.9159294077645
0,-1.51834194831108,6.24642532431211,-2.73853734748241,9.88667243863419,9.21543550170781
0,3.55289144778143,-27.0241066837549,5.47938642047509,9.71414517077916,10.2919918228125
1,9.71774682411651,-3.93970733218807,-1.11271703802518,11.3312244526322,17.2241419047105
0,-0.773047158677435,-23.9359163405574,18.7788060618462,11.956652072436,12.0758534362944
0,-7.56890293144381,-5.60318863947827,33.0073097843422,9.448693581064,9.05662568958847
0,19.6785922470386,-10.3599871791771,6.77095220002395,10.4019816328081,11.186107463307
1,4.68617880238195,27.1455802419092,-5.46240574751153,11.8158201735275,19.22654292272
1,4.66655051969225,-46.2093559236642,-42.0981895686814,11.2479471208989,17.3119515846791
1,-17.6285660081562,-12.3776424987079,-12.2010863198336,13.5673974449488,19.6067340545463
0,-17.9067088780192,-4.53725618754242,-7.6102822006644,10.4111024454481,9.2403189598983
1,-32.0721761364043,4.08084044395843,-8.44997073445722,13.101216711987,21.7318102529424
1,4.76810443331557,-6.66922277963475,-0.967925585269738,12.1636548986332,18.945205875491
0,-38.0081550017811,-26.3134440084078,28.3834394455641,11.5398704361872,10.5361543166826
0,-11.6202264920121,4.19375953578598,-4.02575763420172,11.8639827452331,11.8069249041111
0,8.34600389137663,-29.8522883635215,-30.9732871415676,9.41108307860867,4.42376793970045
0,-0.178197456985591,-0.164121356541176,0.0817608003554514,9.54333642007848,10.2962759781018
0,-20.0316416870827,19.3714651187493,23.3777335745829,10.8892700456372,11.4505894717231
1,55.0363737917953,18.9879173298758,-5.38246249035115,10.2004215643787,16.6832755902075
1,-1.8588336902958,52.8914429290029,0.86814428871833,11.9525032314308,19.3965722989382
0,10.1603382779562,7.99356293857639,54.9542770953489,10.9224562894453,9.26524813503442
1,14.9101594282064,-1.33255730135408,22.6619190425246,12.8382556978118,21.0459265012977
1,0.475668437817033,-29.6282786049003,14.2176305738448,13.8569008056545,16.4197340297995
0,13.3033810218171,-9.70995880191648,-28.8889642195312,11.5880526586636,13.5603412219272
1,34.3517659525854,-15.1109815866779,-2.86663441606458,12.1268940828623,20.937052977097
0,-2.63262708358081,27.7603250771422,28.4647498326184,9.67882340926895,9.9412086032313
1,-25.5601334227285,5.7958579071973,0.573497089700923,13.7055023831413,20.4226863717886
0,-5.91933561884349,8.08085208028188,-28.8728140602781,10.8660750418046,11.8270797900356
0,7.53491521171405,11.1509536465865,12.3943688959487,10.4066483402805,9.45782707600136
0,9.41539071606766,9.79198872127307,-4.2287013489054,11.1685258913029,11.160926739268
1,7.16750816384552,0.577671272484073,32.7082723565301,13.5457755350552,22.733317996612
0,-1.87510182686623,-2.20614659475299,10.1557621494008,9.43094730071069,9.50195318013477
1,6.93131131584884,7.97478584151762,-28.4048989271784,13.5813512210935,24.0881351075842
1,-1.46936307598367,7.50078303808005,2.46589864836347,12.4276755732131,20.8841098048994
0,-24.7334501058629,29.6804358820058,-6.98144629171769,11.7455153407809,10.3711700665666
0,-0.719490505057926,-8.33216386789168,-55.1976093762977,11.4877396366728,10.8051725540247
0,-9.44565973247551,-8.17550016408851,-23.6946079530552,9.6816673784133,9.11651240857825
1,7.1448683846966,-7.81507129073995,7.20506954355793,11.2538522630789,16.203166699171
1,-3.94827851466365,3.89490919281304,18.7929431588441,11.4356257811629,18.7833105144119
0,2.97265443856255,0.0590017023976517,7.24233798591806,10.0782965264464,7.87535797792292
0,-3.03275243237232,10.9994766499499,-36.9805569502884,10.0915951342284,10.5145349482511
1,-10.3487374505283,-1.89872791230302,14.7671959577641,12.2388833558379,17.1357792462229
1,15.7407836935284,-18.5877494833682,28.7050990490042,13.4840428610139,14.4037285946201
1,-5.60692419308816,15.1960524291149,-39.2371392516339,11.5927371804289,20.0799277344999
0,-3.98740778524058,1.80644085836482,1.96981377384038,9.12674209023066,13.8118357269105
1,-7.38382369747084,-32.6120996978565,40.4017925091997,11.7210870322492,16.1562314309711
1,-10.2209060208664,-21.8365523227309,-3.62939868199248,11.893672398898,21.2639033953598
0,0.352530999585449,4.77985679148633,-5.44494287585596,10.6162726169497,10.6164733589005
1,8.94870829278526,-14.2218378537356,-15.2157465808609,13.6671200598753,19.9615175793542
0,-3.34839750963171,-7.31986701161207,-23.0835616022663,11.0134863313626,10.5031475669412
0,4.24358491507413,-16.4257133733205,-1.56389341189846,10.0160136531799,11.0092097871829
1,2.30971027055658,2.2398597474835,16.4618115764443,11.6625167661613,20.6397652101571
0,-4.14916316394738,-7.07970334923459,15.5360295086171,9.1657084907179,8.81365756360744
0,13.8988934191067,8.82188855113475,43.255219910494,10.8152447674333,13.1205506311716
0,10.4520208645538,-4.39055782220091,14.1609982512428,10.4447821284991,11.2414254143879
0,41.1248942958948,30.3143593292622,15.3220305312424,11.146519098109,9.40601018206665
1,3.83333412493767,8.86838955819376,1.48787121005298,13.1898320269417,21.9465622426365
0,-12.7522666697568,22.4426861317935,50.0125603982341,11.6097988143957,15.3848361909896
0,11.7884651353317,-10.5116949747288,23.3719532486195,8.48797668292443,9.9251166548022
1,-5.10719346592951,-9.58182116551621,-13.1054529964249,12.2090475077489,22.0438301640758
0,2.91194401832523,4.32401319430749,-5.03008656247927,9.44694017530009,10.6433590029369
0,12.9958151169042,3.15759727725287,24.3798542916408,10.0960446593283,10.6909076813345
0,-1.36656482914862,0.946668876871853,-19.3813819139399,10.6142615548992,8.35228182730745
0,13.8478151615864,34.6470267249792,-4.48432790388442,11.7302994690844,13.6320084435828
1,-23.3763869768886,-3.85520054763679,1.13010445977325,12.9244666781347,20.6995114172546
1,10.3745277169658,11.6448370502297,-12.6095235257044,11.5886410596707,18.1352246235795
1,-1.60505828879156,8.37696544218333,-3.8507024819616,13.9982247922448,20.5697636330124
1,6.25009468441615,9.19936168356497,11.9809418411626,11.4851902785123,18.7827738329697
1,2.02031857748609,-11.0181922031218,-3.18359075561126,14.1161037407545,23.1735597363642
0,0.751319589321157,6.38839317500929,6.76915166809691,8.18043691721365,8.68039552660474
1,-3.47422912198297,6.05103045716292,1.95754201442534,10.8356368997469,17.7505797509159
1,-7.72762148868791,3.44275466270277,-15.8417804593127,11.9258861414465,17.2959584527622
0,-4.83176646246621,7.05364135698195,7.00875907939538,8.46311833574381,8.70832527833262
0,-0.125324208769039,24.4375468736693,21.1068444452278,10.1493914456268,15.4887114735652
1,1.8155877441166,18.2455701615584,-43.8505559324875,12.757913616765,15.2227998279477
0,9.68382227388376,11.717800490212,-6.22283620335346,12.2273071553053,10.8027610725492
1,-4.13539194166524,-62.5044723763181,0.507568356974207,12.837098601012,21.2109106509301
0,-10.1950439524227,5.48994684250615,13.7769875459623,9.36529400742304,9.78099447001489
1,53.8083552627723,3.72674224942678,44.7958533601207,14.2071208673304,20.9975586136895
0,-2.70124525643875,2.34470768620589,-0.340000529703461,9.25573056329348,7.08379367494522
0,2.40580524014117,12.2002542980838,36.0822235015805,11.8671435452639,12.4716916566944
0,4.95622387815737,-8.28498577877509,-14.5624006306863,10.9550781379474,10.333033039027
0,3.28830861780687,-8.64804081031621,-18.7117219996141,9.37662317224319,7.34690397694366
1,-20.7505734419847,4.189699028404,25.5483869765737,11.41193928675,16.2452517912136
0,19.9147191814514,-17.6941650114248,7.17447970856314,10.1045865485276,8.51182498857134
0,16.2519118372044,-3.02532591517675,-20.5784912512892,8.27507522152007,5.58120641151424
0,-14.2709060262615,-29.9843353890649,14.2180274173363,10.5833798064494,9.76250753518719
1,-11.3160629293373,-20.0962512830109,-32.4775245298824,11.3758853803669,18.4533245375514
0,17.3702748805071,-22.2075938200359,-8.51728523705465,8.9447123405972,9.13513706972653
0,-1.45965047201526,-3.57370860505443,-17.8700479219386,9.09211317272372,6.80326403271889
1,-2.62266841751794,-7.98622045022541,-11.4717951265485,11.6904104639244,19.9171990454906
0,16.0773198587655,-32.1358443190872,-4.37763653537732,10.8335864975471,11.6798866563747
0,-7.97486495239713,16.3872453090467,-9.96134266537122,9.62991925254585,8.02232231320472
1,-2.08431309313763,-7.32650822284199,14.0145708908174,10.4017231005483,16.0619887709286
1,5.50834513271614,-29.3971040510159,-23.8274013507294,11.4727295760829,15.9202514723966
1,3.14546172356394,-8.12509578767516,11.9558284149677,12.4297735188293,18.2708535027109
0,-3.83061766469765,-17.1545264241569,-17.9430042819577,11.1343317580263,13.9047783510312
1,48.4865852454655,22.5270997830519,-8.44055006770387,13.8304148906567,21.9958600813844
0,-3.11130163078972,-6.64694987409556,5.48939052784066,9.74655709477584,11.835241422422
1,8.02721780578579,-10.6830127917962,21.1055679060942,11.4518152191704,20.0183512264952
1,47.2300717593004,28.6705951446866,46.5789831046412,11.9404308853951,17.2883554577986
1,-2.87210586849426,-4.93963420283269,-24.5909328567578,12.1336901932463,20.6866920854146
1,34.6854647852219,0.296932708547321,3.04430551646635,13.8656486631895,23.2346021538914
0,-0.31149638816037,45.1946222793794,-41.4706690422912,9.69591772661913,8.69389778551169
1,8.55491167506482,-25.4861273060958,2.62445527901774,12.0088069408924,21.625305344834
0,-12.5365715555254,2.57461495878314,6.47811057630358,7.7364302097045,8.28249447501175
1,10.0658993670736,0.00576894508476738,11.3172267107525,11.9527128218999,19.0886724207472
1,-12.3954480053599,-0.203617569889418,-23.1096743050613,12.026803352919,18.5325643333658
1,-14.2706555118112,-2.91274222281933,8.79682059894861,13.5426087015245,20.147653213168
0,-3.65455128827736,11.6815353375698,31.8681446832009,9.04278052492224,8.53793223170711
1,3.95618563612745,-60.2784021906744,-21.72920745652,12.0893676687761,21.7457469828074
1,10.6655879159877,-3.92946193539868,-3.30185878691723,13.2203368290298,21.3010290369554
1,-32.9469084945013,17.4132913437789,-1.68696641696266,13.8800392132925,22.0276926711786
0,-22.3253182982572,14.1534341924708,-4.91444121983733,7.6965998103681,6.77735455694368
0,1.92437007263164,-7.14036754814309,37.6603044384051,9.92457767140522,8.1830524320673
0,10.5642579855607,41.6643782668035,-45.3232775373106,11.800416085638,14.5173219149055
0,-19.8487095163642,-13.4823545122305,-6.38473708328923,10.6748051313114,11.3652814072075
0,-26.3944379969515,-2.53531162389233,0.2178991304269,11.1757590058886,12.9171691563869
1,-22.21304379611,-6.12706583311983,20.2478352716241,12.588447350952,24.4408056090898
1,5.81995048428357,-30.7389090817837,-38.8436037422116,12.4858538233391,17.8733038717732
1,24.5399083372203,-6.93194427292991,-15.6612825043351,12.5245372368176,19.3393359651391
0,-16.8703970963043,0.886149591733962,4.72680781384183,9.22970627562995,9.57771741776693
0,5.1012012396634,-0.957447641466337,-4.6617941321145,9.89552782896138,10.4947786385225
1,-35.9288684740105,-4.4926162830566,11.0273074577242,11.250391601302,17.9439107221359
0,5.22044041501436,7.14662443977393,-3.21854684139051,10.1049179154618,12.0520536870373
0,-15.8155643426654,-11.9387891435248,0.37209915429279,10.458273783282,8.57561520812054
0,-5.92882402479448,-7.84221242453299,26.3206312159316,9.77764379170469,8.13394977379933
1,-2.49032388488475,3.36732062225963,20.034131339937,12.9628550466036,25.7958263884772
0,-7.89635900600562,-17.9183010648321,-6.32531399561918,7.31957590456587,8.56016716435833
1,30.942472579637,-22.031490846192,7.45051533902805,12.7993468251358,20.5852460184665
1,-9.23385118564429,23.9632157010113,24.7811362590295,12.6383788415716,20.6291428504051
0,3.20825282854411,7.17496921262868,-7.44534817589125,10.3863226554029,11.009261428559
1,1.87060339965573,17.2648477614252,14.8844820463016,12.6080633746193,23.6281987720655
0,6.21878986166895,-13.7045815203188,-14.3659985345163,10.379597183331,4.96341949038454
1,5.43617887281963,18.6846448815231,-1.17938799143285,10.6969920062779,14.396030247014
1,-39.7413752744206,38.1721073804763,14.2720011332869,13.335172063491,21.1170066245639
0,-50.0707837072944,5.64428714928729,-3.95610115923416,12.8637083597544,12.8455969495947
1,11.773865524531,6.32594114315477,-3.6141877458659,11.9316162371907,18.5720968591279
1,-29.6729701602701,12.2167854794716,7.20924111241736,12.302510841846,16.936178505814
1,16.3548461249629,-7.12340443424823,-2.67900089524642,12.2415967127933,18.0835000416977
1,3.93308512433907,-18.2701606373454,4.54243371774013,12.3298550862619,24.2068819483624
0,4.90253576348189,-22.9505872680955,16.8402362801068,10.7735237848018,9.63160579250891
0,4.95076000556164,5.81877232837427,15.753708319997,8.68508912716302,9.28054909521823
1,68.5770495822087,1.9357090480242,-17.6578974800843,16.1550420969867,25.4775762362491
0,-3.43128756563094,9.0436547102722,-21.4999591539498,8.97325950919325,8.8481375547362
1,-12.6438829859825,-17.9199309266982,9.45876366887475,13.3272344069002,21.4386048129757
0,14.3377526959891,-28.3220618984078,8.43783662689354,9.66106845474526,8.17201081996225
1,-1.44937469492068,-19.294635172968,-4.16488891022294,11.4337129582833,18.8199485781065
0,-4.57321973528981,-17.1238435523369,41.3085427485803,9.85523631544968,9.51676806563153
0,3.05839624891077,32.8922029423367,-32.5686187652092,12.0562582082113,8.19234406852418
1,-5.89106455377439,13.1381028765458,28.2526193078334,13.5777602530047,22.7970697467464
1,-3.43140874845544,7.82305229437998,-33.3586312613484,12.8860200314742,20.0457197433615
0,-1.85688165440391,-0.366137929135533,-30.0614042946983,10.4460383861973,9.2441859628842
0,5.80157243315862,9.50660947502461,-4.96191827272421,9.15759664045705,7.27080005167171
0,2.33030016971035,-7.8818357835823,22.0895284688276,9.02457558497839,8.9527804179856
1,-4.85130908931336,-68.3464926368474,-36.8534363666669,11.7493834517968,20.3889663967587
1,35.1260394586958,16.4917003255492,5.69681109042723,13.1660120459927,22.6428109891895
0,6.38473549738353,5.0428690401451,-24.4024272263499,11.8577860175983,8.65512875789475
1,-2.14885689185907,7.63073707327077,4.22038924302416,12.2528105310204,20.2695969828759
1,-4.25807676717074,28.068053258644,20.9688111373093,11.5514611131192,17.250479781258
0,-0.324434483237039,-2.65103037725528,5.14080149788085,10.5946443901558,11.5794175114021
0,5.44635990421433,-3.29535166745237,-15.5924978510306,9.67224190077138,10.4889349888829
1,7.98753669450755,22.3672685178344,19.3917096114847,11.6111602864141,21.5173646796174
0,-12.092175567571,-23.0915797005156,35.5775131586333,8.32803088896473,10.3351806782025
0,11.2829850368964,-9.3833207589671,5.88747970845072,10.7083812756663,11.0454151296397
1,-8.85160614503277,-14.2882226795777,-16.6965808998617,12.4625544998427,20.9751545750413
0,2.04701326008393,-42.191199453659,8.57793709448486,10.481666212756,9.88136783987446
1,-6.85550228244503,1.67569524546754,-7.19778725454512,12.0364343329319,18.9351462865899
0,-2.7620771714547,7.72337114246937,-28.2261323141208,8.96587622954669,8.71496998256016
1,-1.41396103884303,1.76800328272351,12.5547698003403,11.862926800646,18.5888366706968
1,-1.47259382191226,-6.90582160786053,13.5010924012871,12.1888332688883,16.9014631038185
1,-5.54982685680999,-31.5107373523663,-8.72178176933309,12.8655081684426,21.408540044544
1,8.68409863965718,-18.8485344140226,-1.24740653540978,12.6263018578999,20.7557100446441
0,1.18951045530172,-3.36139134012822,-29.4806318439225,10.2709780503295,8.51076801133132
1,-8.29289734379966,8.6655845057033,12.9555373841769,12.4930937087946,21.9893782270134
1,11.758989438116,32.2726869891729,-0.245019469668153,11.3786252984147,18.5207323913799
0,-2.46666192166794,-9.1904438132835,21.1589688114495,8.99146369528129,7.71400623247824
1,9.70172054523612,3.07117135070108,-4.66091347558097,12.3882446791259,19.9449132639606
0,14.4177058051035,18.5424430548935,-9.01633259789569,11.0725623937841,8.82270553473914
0,23.4389234699044,-10.801835901174,9.37105438765633,12.4728698418686,12.1057805362732
1,18.426077774341,-6.10035199725659,-48.9136701058412,10.0643724030915,16.3124658191214
1,-15.8488850818593,-23.3836278216535,13.7384662784388,13.9519356524807,23.9769665102125
1,-23.147972484891,-8.06863151324283,14.2746137117001,12.8443430823318,17.3931554330539
0,-3.11556938506852,-4.86584802438648,-39.7739575974975,9.7003254476718,7.6471067925331
0,-17.4667509981552,-6.24440122642799,-1.95168066119682,9.93493479281532,10.2155114915005
1,3.72958902383707,-21.2220959272622,-22.1483856108593,11.5374631360911,18.1793955046276
